2x1 Basic Problem 18

0000000000000000000000000000000000000000000000000000000000000000000000000000000000
0000000000000000000000000000000000000000000000000000000000000000000000000000000000
0000000000000000000000000000000000000000000000000000000000000000000000000000000000
0000000000000000000000000000000000000000000000000000000000000000000000000000000000
0000000000000000000000000000000000000000000000000000000000000000000000000000000000
0000000000000000000000000000000000000000000000000000000000000000000000000000000000
0000000000000000000000000000000000000000000000000000000000000000000000000000000000
0000000000000000000000000000000000000000000000000000000000000000000000000000000000
0000000000000000000000000000000000000000000000000000000000000000000000000000000000
0000000000000000000000000000000000000000000000000000000000000000000000000000000000
0000000000000000000000000000000000000000000000000000000000000000000000000000000000
0000000000000000000000000000000000000000000000000000000000000000000000000000000000
0000000000000000000000000000000000000000000000000000000000000000000000000000000000
0000000000000000000000000000000000000000000000000000000000000000000000000000000000
0000000000000000000000000000000000000000000000000000000000000000000000000000000000
0000000000000000000000000000000000000001100000000000000000000000000000000000000000
0000000000000000000000000000000000000011100000000000000000000000000000000000000000
0000000000000000000000000000000000000111100000000000000000000000000000000000000000
0000000000000000000000000000000000011101100000000000000000000000000000000000000000
0000000000000000000000000000000000111001100000000000000000000000000000000000000000
0000000000000000000000000000000001100001100000000000000000000000000000000000000000
0000000000000000000000000000000111000001100000000000000000000000000000000000000000
0000000000000000000000000000001110000001100000000000000000000000000000000000000000
0000000000000000000000000000011000000001100000000000000000000000000000000000000000
0000000000000000000000000001110000000001100000000000000000000000000000000000000000
0000000000000000000000000011100000000001100000000000000000000000000000000000000000
0000000000000000000000000110000000000001100000000000000000000000000000000000000000
0000000000000000000000011100000000000001100000000000000000000000000000000000000000
0000000000000000000000111000000000000001111111111111111111111111111111111111100000
0000000000000000000001100000000000000000000000000000000000000000000000000001100000
0000000000000000000111000000000000000000000000000000000000000000000000000000100000
0000000000000000001110000000000000000000000000000000000000000000000000000000100000
0000000000000000011000000000000000000000000000000000000000000000000000000000100000
0000000000000001110000000000000000000000000000000000000000000000000000000000100000
0000000000000011100000000000000000000000000000000000000000000000000000000000100000
0000000000000110000000000000000000000000000000000000000000000000000000000000100000
0000000000011100000000000000000000000000000000000000000000000000000000000000100000
0000000000110000000000000000000000000000000000000000000000000000000000000000100000
0000000011100000000000000000000000000000000000000000000000000000000000000000100000
0000000111000000000000000000000000000000000000000000000000000000000000000000100000
0000001100000000000000000000000000000000000000000000000000000000000000000000100000
0000011100000000000000000000000000000000000000000000000000000000000000000000100000
0000001110000000000000000000000000000000000000000000000000000000000000000000100000
0000000011000000000000000000000000000000000000000000000000000000000000000000100000
0000000001110000000000000000000000000000000000000000000000000000000000000000100000
0000000000111000000000000000000000000000000000000000000000000000000000000000100000
0000000000001100000000000000000000000000000000000000000000000000000000000000100000
0000000000000111000000000000000000000000000000000000000000000000000000000000100000
0000000000000011100000000000000000000000000000000000000000000000000000000000100000
0000000000000000110000000000000000000000000000000000000000000000000000000000100000
0000000000000000011100000000000000000000000000000000000000000000000000000000100000
0000000000000000001110000000000000000000000000000000000000000000000000000000100000
0000000000000000000011000000000000000000000000000000000000000000000000000000100000
0000000000000000000001110000000000000000111111111111111111111111111111111111100000
0000000000000000000000111000000000000001111111111111111111111111111111111111100000
0000000000000000000000001100000000000001100000000000000000000000000000000000000000
0000000000000000000000000111000000000001100000000000000000000000000000000000000000
0000000000000000000000000011100000000001100000000000000000000000000000000000000000
0000000000000000000000000000110000000001100000000000000000000000000000000000000000
0000000000000000000000000000011100000001100000000000000000000000000000000000000000
0000000000000000000000000000001110000001100000000000000000000000000000000000000000
0000000000000000000000000000000011000001100000000000000000000000000000000000000000
0000000000000000000000000000000001110001100000000000000000000000000000000000000000
0000000000000000000000000000000000111001100000000000000000000000000000000000000000
0000000000000000000000000000000000001101100000000000000000000000000000000000000000
0000000000000000000000000000000000000111100000000000000000000000000000000000000000
0000000000000000000000000000000000000001100000000000000000000000000000000000000000
0000000000000000000000000000000000000000100000000000000000000000000000000000000000
0000000000000000000000000000000000000000000000000000000000000000000000000000000000
0000000000000000000000000000000000000000000000000000000000000000000000000000000000
0000000000000000000000000000000000000000000000000000000000000000000000000000000000
0000000000000000000000000000000000000000000000000000000000000000000000000000000000
0000000000000000000000000000000000000000000000000000000000000000000000000000000000
0000000000000000000000000000000000000000000000000000000000000000000000000000000000
0000000000000000000000000000000000000000000000000000000000000000000000000000000000
0000000000000000000000000000000000000000000000000000000000000000000000000000000000
0000000000000000000000000000000000000000000000000000000000000000000000000000000000
0000000000000000000000000000000000000000000000000000000000000000000000000000000000
0000000000000000000000000000000000000000000000000000000000000000000000000000000000
0000000000000000000000000000000000000000000000000000000000000000000000000000000000
0000000000000000000000000000000000000000000000000000000000000000000000000000000000
0000000000000000000000000000000000000000000000000000000000000000000000000000000000
