2x1 Challenge Problem 05

0000000000000000000000000000000000000000000000000000000000000000000000000000000000
0000000000000000000000000000000000000000000000000000000000000000000000000000000000
0000000000000000000000000000000000000000000000000000000000000000000000000000000000
0000000000000000000000000000000000000000000000000000000000000000000000000000000000
0000000000000000000000000000000000000000000000000000000000000000000000000000000000
0000000000000000000000000000000000000000000000000000000000000000000000000000000000
0000000000000000000000000000000000000000000000000000000000000000000000000000000000
0000000000000000000000000000000000000111111110000000000000000000000000000000000000
0000000000000000000000000000000000001111111111000000000000000000000000000000000000
0000000000000000000000000000000000011000000001100000000000000000000000000000000000
0000000000000000000000000000000000110000000000110000000000000000000000000000000000
0000000000000000000000000000000001100000000000011000000000000000000000000000000000
0000000000000000000000000000000011000000000000001100000000000000000000000000000000
0000000000000000000000000000000010000000000000001100000000000000000000000000000000
0000000000000000000000000000000010000000000000001100000000000000000000000000000000
0000000000000000000000000000000010000000000000001100000000000000000000000000000000
0000000000000000000000000000000010000000000000001100000000000000000000000000000000
0000000000000000000000000000000010000000000000001100000000000000000000000000000000
0000000000000000000000000000000010000000000000001100000000000000000000000000000000
0000000000000000000000000000000011000000000000001100000000000000000000000000000000
0000000000000000000000000000000011100000000000011000000000000000000000000000000000
0000000000000001100000000000000001110000000000110000000001111111111111111110000000
0000000000000001100000000000000000111000000001100000000001100000000000000110000000
0000000000000011110000000000000000011100000011000000000001100000000000000010000000
0000000000000011110000000000000000001111111110000000000001100000000000000010000000
0000000000000110011000000000000000000000000000000000000001100000000000000010000000
0000000000000110011000000000000000000000000000000000000001100000000000000010000000
0000000000001100001100000000000000000000000000000000000001100000000000000010000000
0000000000001100001100000000000000000000000000000000000001100000000000000010000000
0000000000011000000110000000000000000000000000000000000001100000000000000010000000
0000000000011000000110000000000000000000000000000000000001100000000000000010000000
0000000000110000000011000000000000000000000000000000000001100000000000000010000000
0000000000110000000011000000000000000001111000000000000001100000000000000010000000
0000000001100000000001100000000000001111111110000000000001100000000000000010000000
0000000001100000000001100000000000011100000011100000000001100000000000000010000000
0000000011000000000000110000000000110000000001110000000001100000000000000010000000
0000000011000000000000010000000001100000000000110000000001100000000000000010000000
0000000111010000000010111000000001000000000000011000000001111111111111111110000000
0000000111111111111111111000000011000000000000001000000000111111111111111110000000
0000000000000000000000000000000011000000000000001100000000000000000000000000000000
0000000000000000000000000000000010000000000000001100000000000000000000000000000000
0000000000000000000000000000000010000000000000001100000000000000000000000000000000
0000000000000000000000000000000010000000000000001100000000000000000000000000000000
0000000000000000000000000000000011000000000000001000000000000000000000000000000000
0000000000000000000000000000000011000000000000011000000000000000000000000000000000
0000000000000000000000000000000001100000000000011000000000000000000000000000000000
0000000000000001100000000000000001100000000000110000000000000011111111100000000000
0000000000000111111000000000000000111000000001100000000000000111111111110000000000
0000000000011110011110000000000000011110000111000000000000001100000000110000000000
0000000001111000000011100000000000000111111110000000000000001100000000011000000000
0000000011100000000001110000000000000000000000000000000000011000000000011000000000
0000000011000000000000110000000000000000000000000000000000011000000000001100000000
0000000011000000000000110000000000000000000000000000000000110000000000001100000000
0000000010000000000000010000000000000000000000000000000000110000000000000110000000
0000000010000000000000010000000000000000000000000000000001100000000000000110000000
0000000110000000000000011000000000000000000000000000000001100000000000000110000000
0000000110000000000000011000000000000000000000000000000000110000000000000110000000
0000000110000000000000011000000000000000000000000000000000110000000000001100000000
0000000011000000000000110000000000000001110000000000000000011000000000001100000000
0000000011000000000000110000000000000011111100000000000000011000000000011000000000
0000000001100000000001100000000000000110001110000000000000001100000000011000000000
0000000000110000000011000000000000011100000011000000000000001100000000110000000000
0000000000011000000110000000000000111000000001100000000000000110000000110000000000
0000000000011111111110000000000001100000000000111000000000000111111111100000000000
0000000000000000000000000000000011000000000000011100000000000000000000000000000000
0000000000000000000000000000000011000000000000001100000000000000000000000000000000
0000000000000000000000000000000011000000000000001000000000000000000000000000000000
0000000000000000000000000000000001000000000000011000000000000000000000000000000000
0000000000000000000000000000000001100000000000011000000000000000000000000000000000
0000000000000000000000000000000001100000000000010000000000000000000000000000000000
0000000000000000000000000000000001100000000000110000000000000000000000000000000000
0000000000000000000000000000000000100000000000110000000000000000000000000000000000
0000000000000000000000000000000000110000000000100000000000000000000000000000000000
0000000000000000000000000000000000110000000001100000000000000000000000000000000000
0000000000000000000000000000000000011111111111100000000000000000000000000000000000
0000000000000000000000000000000000011111111111000000000000000000000000000000000000
0000000000000000000000000000000000000000000000000000000000000000000000000000000000
0000000000000000000000000000000000000000000000000000000000000000000000000000000000
0000000000000000000000000000000000000000000000000000000000000000000000000000000000
0000000000000000000000000000000000000000000000000000000000000000000000000000000000
0000000000000000000000000000000000000000000000000000000000000000000000000000000000
0000000000000000000000000000000000000000000000000000000000000000000000000000000000
