2x1 Basic Problem 10

0000000000000000000000000000000000000000000000000000000000000000000000000000000000
0000000000000000000000000000000000000000000000000000000000000000000000000000000000
0000000000000000000000000000000000000000000000000000000000000000000000000000000000
0000000000000000000000000000000000000000000000000000000000000000000000000000000000
0000000000000000000000000000000000000000000000000000000000000000000000000000000000
0000000000000000000000000000000000000000000000000000000000000000000000000000000000
0000000000000000000000000000000000000000000000000000000000000000000000000000000000
0000000000000000000000000000000000000000000000000000000000000000000000000000000000
0000000111111111111111111111111111111111111111111111111111111111111111111110000000
0000000111111111111111111111111111111111100000000000000000000000000000000110000000
0000000111111111111111111111111111111111100000000000000000000000000000000110000000
0000000111111111111111111111111111111111100000000000000000000000000000000110000000
0000000111111111111111111111111111111111100000000000000000000000000000000110000000
0000000111111111111111111111111111111111100000000000000000000000000000000110000000
0000000111111111111111111111111111111111100000000000000000000000000000000110000000
0000000111111111111111111111111111111111100000000000000000000000000000000110000000
0000000111111111111111111111111111111111100000000000000000000000000000000110000000
0000000111111111111111111111111111111111100000000000000000000000000000000110000000
0000000111111111111111111111111111111111100000000000000000000000000000000110000000
0000000111111111111111111111111111111111100000000000000000000000000000000110000000
0000000111111111111111111111111111111111100000000000000000000000000000000110000000
0000000111111111111111111111111111111111100000000000000000000000000000000110000000
0000000111111111111111111111111111111111100000000000000000000000000000000110000000
0000000111111111111111111111111111111111100000000000000000000000000000000110000000
0000000111111111111111111111111111111111100000000000000000000000000000000110000000
0000000111111111111111111111111111111111100000000000000000000000000000000110000000
0000000111111111111111111111111111111111100000000000000000000000000000000110000000
0000000111111111111111111111111111111111100000000000000000000000000000000110000000
0000000111111111111111111111111111111111100000000000000000000000000000000110000000
0000000111111111111111111111111111111111100000000000000000000000000000000110000000
0000000111111111111111111111111111111111100000000000000000000000000000000110000000
0000000111111111111111111111111111111111100000000000000000000000000000000110000000
0000000111111111111111111111111111111111100000000000000000000000000000000110000000
0000000111111111111111111111111111111111100000000000000000000000000000000110000000
0000000111111111111111111111111111111111100000000000000000000000000000000110000000
0000000111111111111111111111111111111111100000000000000000000000000000000110000000
0000000111111111111111111111111111111111100000000000000000000000000000000110000000
0000000111111111111111111111111111111111100000000000000000000000000000000110000000
0000000111111111111111111111111111111111100000000000000000000000000000000110000000
0000000111111111111111111111111111111111100000000000000000000000000000000110000000
0000000111111111111111111111111111111111100000000000000000000000000000000110000000
0000000111111111111111111111111111111111100000000000000000000000000000000110000000
0000000111111111111111111111111111111111100000000000000000000000000000000110000000
0000000111111111111111111111111111111111100000000000000000000000000000000110000000
0000000111111111111111111111111111111111100000000000000000000000000000000110000000
0000000111111111111111111111111111111111100000000000000000000000000000000110000000
0000000111111111111111111111111111111111100000000000000000000000000000000110000000
0000000111111111111111111111111111111111100000000000000000000000000000000110000000
0000000111111111111111111111111111111111100000000000000000000000000000000110000000
0000000111111111111111111111111111111111100000000000000000000000000000000110000000
0000000111111111111111111111111111111111100000000000000000000000000000000110000000
0000000111111111111111111111111111111111100000000000000000000000000000000110000000
0000000111111111111111111111111111111111100000000000000000000000000000000110000000
0000000111111111111111111111111111111111100000000000000000000000000000000110000000
0000000111111111111111111111111111111111100000000000000000000000000000000110000000
0000000111111111111111111111111111111111100000000000000000000000000000000110000000
0000000111111111111111111111111111111111100000000000000000000000000000000110000000
0000000111111111111111111111111111111111100000000000000000000000000000000110000000
0000000111111111111111111111111111111111100000000000000000000000000000000110000000
0000000111111111111111111111111111111111100000000000000000000000000000000110000000
0000000111111111111111111111111111111111100000000000000000000000000000000110000000
0000000111111111111111111111111111111111100000000000000000000000000000000110000000
0000000111111111111111111111111111111111100000000000000000000000000000000110000000
0000000111111111111111111111111111111111100000000000000000000000000000000110000000
0000000111111111111111111111111111111111100000000000000000000000000000000110000000
0000000111111111111111111111111111111111100000000000000000000000000000000110000000
0000000111111111111111111111111111111111100000000000000000000000000000000110000000
0000000111111111111111111111111111111111100000000000000000000000000000000110000000
0000000111111111111111111111111111111111100000000000000000000000000000000110000000
0000000111111111111111111111111111111111100000000000000000000000000000000110000000
0000000111111111111111111111111111111111100000000000000000000000000000000110000000
0000000111111111111111111111111111111111100000000000000000000000000000000110000000
0000000111111111111111111111111111111111100000000000000000000000000000000110000000
0000000111111111111111111111111111111111111111111111111111111111111111111110000000
0000000011111111111111111111111111111111111111111111111111111111111111111110000000
0000000000000000000000000000000000000000000000000000000000000000000000000000000000
0000000000000000000000000000000000000000000000000000000000000000000000000000000000
0000000000000000000000000000000000000000000000000000000000000000000000000000000000
0000000000000000000000000000000000000000000000000000000000000000000000000000000000
0000000000000000000000000000000000000000000000000000000000000000000000000000000000
0000000000000000000000000000000000000000000000000000000000000000000000000000000000
0000000000000000000000000000000000000000000000000000000000000000000000000000000000
