== Attributes ==
title=7_translation_square
type= 2x2
result=6
window_size=(75, 75)

== Input ==
000000000000000000000000000000000000000000000000000000000000000000000000000
000000000000000000000000000000000000000000000000000000000000000000000000000
000000000000000000000000000000000000000000000000000000000000000000000000000
000000000000000000000000000000000000000000000000000000000000000000000000000
000000000000000000000000000000000000000000000000000000000000000000000000000
000000000000000000000000000000000000000000000000000000000000000000000000000
000000000000000000000000000000000000000000000000000000000000000000000000000
000000000000000000000000000000000000000000000000000000000000000000000000000
000000001111111111111111111111111111111111000000000000000000000000000000000
000000001111111111111111111111111111111111000000000000000000000000000000000
000000001111111111111111111111111111111111000000000000000000000000000000000
000000001111111111111111111111111111111111000000000000000000000000000000000
000000001111111111111111111111111111111111000000000000000000000000000000000
000000001111111111111111111111111111111111000000000000000000000000000000000
000000001111111111111111111111111111111111000000000000000000000000000000000
000000001111111111111111111111111111111111000000000000000000000000000000000
000000001111111111111111111111111111111111000000000000000000000000000000000
000000001111111111111111111111111111111111000000000000000000000000000000000
000000001111111111111111111111111111111111000000000000000000000000000000000
000000001111111111111111111111111111111111000000000000000000000000000000000
000000001111111111111111111111111111111111000000000000000000000000000000000
000000001111111111111111111111111111111111000000000000000000000000000000000
000000001111111111111111111111111111111111000000000000000000000000000000000
000000001111111111111111111111111111111111000000000000000000000000000000000
000000001111111111111111111111111111111111000000000000000000000000000000000
000000001111111111111111111111111111111111000000000000000000000000000000000
000000001111111111111111111111111111111111000000000000000000000000000000000
000000001111111111111111111111111111111111000000000000000000000000000000000
000000001111111111111111111111111111111111000000000000000000000000000000000
000000001111111111111111111111111111111111000000000000000000000000000000000
000000001111111111111111111111111111111111000000000000000000000000000000000
000000001111111111111111111111111111111111000000000000000000000000000000000
000000001111111111111111111111111111111111000000000000000000000000000000000
000000001111111111111111111111111111111111000000000000000000000000000000000
000000001111111111111111111111111111111111000000000000000000000000000000000
000000001111111111111111111111111111111111000000000000000000000000000000000
000000001111111111111111111111111111111111000000000000000000000000000000000
000000001111111111111111111111111111111111000000000000000000000000000000000
000000001111111111111111111111111111111111000000000000000000000000000000000
000000001111111111111111111111111111111111000000000000000000000000000000000
000000001111111111111111111111111111111111000000000000000000000000000000000
000000001111111111111111111111111111111111000000000000000000000000000000000
000000000000000000000000000000000000000000000000000000000000000000000000000
000000000000000000000000000000000000000000000000000000000000000000000000000
000000000000000000000000000000000000000000000000000000000000000000000000000
000000000000000000000000000000000000000000000000000000000000000000000000000
000000000000000000000000000000000000000000000000000000000000000000000000000
000000000000000000000000000000000000000000000000000000000000000000000000000
000000000000000000000000000000000000000000000000000000000000000000000000000
000000000000000000000000000000000000000000000000000000000000000000000000000
000000000000000000000000000000000000000000000000000000000000000000000000000
000000000000000000000000000000000000000000000000000000000000000000000000000
000000000000000000000000000000000000000000000000000000000000000000000000000
000000000000000000000000000000000000000000000000000000000000000000000000000
000000000000000000000000000000000000000000000000000000000000000000000000000
000000000000000000000000000000000000000000000000000000000000000000000000000
000000000000000000000000000000000000000000000000000000000000000000000000000
000000000000000000000000000000000000000000000000000000000000000000000000000
000000000000000000000000000000000000000000000000000000000000000000000000000
000000000000000000000000000000000000000000000000000000000000000000000000000
000000000000000000000000000000000000000000000000000000000000000000000000000
000000000000000000000000000000000000000000000000000000000000000000000000000
000000000000000000000000000000000000000000000000000000000000000000000000000
000000000000000000000000000000000000000000000000000000000000000000000000000
000000000000000000000000000000000000000000000000000000000000000000000000000
000000000000000000000000000000000000000000000000000000000000000000000000000
000000000000000000000000000000000000000000000000000000000000000000000000000
000000000000000000000000000000000000000000000000000000000000000000000000000
000000000000000000000000000000000000000000000000000000000000000000000000000
000000000000000000000000000000000000000000000000000000000000000000000000000
000000000000000000000000000000000000000000000000000000000000000000000000000
000000000000000000000000000000000000000000000000000000000000000000000000000
000000000000000000000000000000000000000000000000000000000000000000000000000
000000000000000000000000000000000000000000000000000000000000000000000000000
000000000000000000000000000000000000000000000000000000000000000000000000000

000000000000000000000000000000000000000000000000000000000000000000000000000
000000000000000000000000000000000000000000000000000000000000000000000000000
000000000000000000000000000000000000000000000000000000000000000000000000000
000000000000000000000000000000000000000000000000000000000000000000000000000
000000000000000000000000000000000000000000000000000000000000000000000000000
000000000000000000000000000000000000000000000000000000000000000000000000000
000000000000000000000000000000000000000000000000000000000000000000000000000
000000000000000000000000000000000000000000000000000000000000000000000000000
000000000000000000000000000000001111111111111111111111111111111111000000000
000000000000000000000000000000001111111111111111111111111111111111000000000
000000000000000000000000000000001111111111111111111111111111111111000000000
000000000000000000000000000000001111111111111111111111111111111111000000000
000000000000000000000000000000001111111111111111111111111111111111000000000
000000000000000000000000000000001111111111111111111111111111111111000000000
000000000000000000000000000000001111111111111111111111111111111111000000000
000000000000000000000000000000001111111111111111111111111111111111000000000
000000000000000000000000000000001111111111111111111111111111111111000000000
000000000000000000000000000000001111111111111111111111111111111111000000000
000000000000000000000000000000001111111111111111111111111111111111000000000
000000000000000000000000000000001111111111111111111111111111111111000000000
000000000000000000000000000000001111111111111111111111111111111111000000000
000000000000000000000000000000001111111111111111111111111111111111000000000
000000000000000000000000000000001111111111111111111111111111111111000000000
000000000000000000000000000000001111111111111111111111111111111111000000000
000000000000000000000000000000001111111111111111111111111111111111000000000
000000000000000000000000000000001111111111111111111111111111111111000000000
000000000000000000000000000000001111111111111111111111111111111111000000000
000000000000000000000000000000001111111111111111111111111111111111000000000
000000000000000000000000000000001111111111111111111111111111111111000000000
000000000000000000000000000000001111111111111111111111111111111111000000000
000000000000000000000000000000001111111111111111111111111111111111000000000
000000000000000000000000000000001111111111111111111111111111111111000000000
000000000000000000000000000000001111111111111111111111111111111111000000000
000000000000000000000000000000001111111111111111111111111111111111000000000
000000000000000000000000000000001111111111111111111111111111111111000000000
000000000000000000000000000000001111111111111111111111111111111111000000000
000000000000000000000000000000001111111111111111111111111111111111000000000
000000000000000000000000000000001111111111111111111111111111111111000000000
000000000000000000000000000000001111111111111111111111111111111111000000000
000000000000000000000000000000001111111111111111111111111111111111000000000
000000000000000000000000000000001111111111111111111111111111111111000000000
000000000000000000000000000000001111111111111111111111111111111111000000000
000000000000000000000000000000000000000000000000000000000000000000000000000
000000000000000000000000000000000000000000000000000000000000000000000000000
000000000000000000000000000000000000000000000000000000000000000000000000000
000000000000000000000000000000000000000000000000000000000000000000000000000
000000000000000000000000000000000000000000000000000000000000000000000000000
000000000000000000000000000000000000000000000000000000000000000000000000000
000000000000000000000000000000000000000000000000000000000000000000000000000
000000000000000000000000000000000000000000000000000000000000000000000000000
000000000000000000000000000000000000000000000000000000000000000000000000000
000000000000000000000000000000000000000000000000000000000000000000000000000
000000000000000000000000000000000000000000000000000000000000000000000000000
000000000000000000000000000000000000000000000000000000000000000000000000000
000000000000000000000000000000000000000000000000000000000000000000000000000
000000000000000000000000000000000000000000000000000000000000000000000000000
000000000000000000000000000000000000000000000000000000000000000000000000000
000000000000000000000000000000000000000000000000000000000000000000000000000
000000000000000000000000000000000000000000000000000000000000000000000000000
000000000000000000000000000000000000000000000000000000000000000000000000000
000000000000000000000000000000000000000000000000000000000000000000000000000
000000000000000000000000000000000000000000000000000000000000000000000000000
000000000000000000000000000000000000000000000000000000000000000000000000000
000000000000000000000000000000000000000000000000000000000000000000000000000
000000000000000000000000000000000000000000000000000000000000000000000000000
000000000000000000000000000000000000000000000000000000000000000000000000000
000000000000000000000000000000000000000000000000000000000000000000000000000
000000000000000000000000000000000000000000000000000000000000000000000000000
000000000000000000000000000000000000000000000000000000000000000000000000000
000000000000000000000000000000000000000000000000000000000000000000000000000
000000000000000000000000000000000000000000000000000000000000000000000000000
000000000000000000000000000000000000000000000000000000000000000000000000000
000000000000000000000000000000000000000000000000000000000000000000000000000
000000000000000000000000000000000000000000000000000000000000000000000000000
000000000000000000000000000000000000000000000000000000000000000000000000000

000000000000000000000000000000000000000000000000000000000000000000000000000
000000000000000000000000000000000000000000000000000000000000000000000000000
000000000000000000000000000000000000000000000000000000000000000000000000000
000000000000000000000000000000000000000000000000000000000000000000000000000
000000000000000000000000000000000000000000000000000000000000000000000000000
000000000000000000000000000000000000000000000000000000000000000000000000000
000000000000000000000000000000000000000000000000000000000000000000000000000
000000000000000000000000000000000000000000000000000000000000000000000000000
000000000000000000000000000000000000000000000000000000000000000000000000000
000000000000000000000000000000000000000000000000000000000000000000000000000
000000000000000000000000000000000000000000000000000000000000000000000000000
000000000000000000000000000000000000000000000000000000000000000000000000000
000000000000000000000000000000000000000000000000000000000000000000000000000
000000000000000000000000000000000000000000000000000000000000000000000000000
000000000000000000000000000000000000000000000000000000000000000000000000000
000000000000000000000000000000000000000000000000000000000000000000000000000
000000000000000000000000000000000000000000000000000000000000000000000000000
000000000000000000000000000000000000000000000000000000000000000000000000000
000000000000000000000000000000000000000000000000000000000000000000000000000
000000000000000000000000000000000000000000000000000000000000000000000000000
000000000000000000000000000000000000000000000000000000000000000000000000000
000000000000000000000000000000000000000000000000000000000000000000000000000
000000000000000000000000000000000000000000000000000000000000000000000000000
000000000000000000000000000000000000000000000000000000000000000000000000000
000000000000000000000000000000000000000000000000000000000000000000000000000
000000000000000000000000000000000000000000000000000000000000000000000000000
000000000000000000000000000000000000000000000000000000000000000000000000000
000000000000000000000000000000000000000000000000000000000000000000000000000
000000000000000000000000000000000000000000000000000000000000000000000000000
000000000000000000000000000000000000000000000000000000000000000000000000000
000000000000000000000000000000000000000000000000000000000000000000000000000
000000000000000000000000000000000000000000000000000000000000000000000000000
000000000000000000000000000000001111111111111111111111111111111111000000000
000000000000000000000000000000001111111111111111111111111111111111000000000
000000000000000000000000000000001111111111111111111111111111111111000000000
000000000000000000000000000000001111111111111111111111111111111111000000000
000000000000000000000000000000001111111111111111111111111111111111000000000
000000000000000000000000000000001111111111111111111111111111111111000000000
000000000000000000000000000000001111111111111111111111111111111111000000000
000000000000000000000000000000001111111111111111111111111111111111000000000
000000000000000000000000000000001111111111111111111111111111111111000000000
000000000000000000000000000000001111111111111111111111111111111111000000000
000000000000000000000000000000001111111111111111111111111111111111000000000
000000000000000000000000000000001111111111111111111111111111111111000000000
000000000000000000000000000000001111111111111111111111111111111111000000000
000000000000000000000000000000001111111111111111111111111111111111000000000
000000000000000000000000000000001111111111111111111111111111111111000000000
000000000000000000000000000000001111111111111111111111111111111111000000000
000000000000000000000000000000001111111111111111111111111111111111000000000
000000000000000000000000000000001111111111111111111111111111111111000000000
000000000000000000000000000000001111111111111111111111111111111111000000000
000000000000000000000000000000001111111111111111111111111111111111000000000
000000000000000000000000000000001111111111111111111111111111111111000000000
000000000000000000000000000000001111111111111111111111111111111111000000000
000000000000000000000000000000001111111111111111111111111111111111000000000
000000000000000000000000000000001111111111111111111111111111111111000000000
000000000000000000000000000000001111111111111111111111111111111111000000000
000000000000000000000000000000001111111111111111111111111111111111000000000
000000000000000000000000000000001111111111111111111111111111111111000000000
000000000000000000000000000000001111111111111111111111111111111111000000000
000000000000000000000000000000001111111111111111111111111111111111000000000
000000000000000000000000000000001111111111111111111111111111111111000000000
000000000000000000000000000000001111111111111111111111111111111111000000000
000000000000000000000000000000001111111111111111111111111111111111000000000
000000000000000000000000000000001111111111111111111111111111111111000000000
000000000000000000000000000000001111111111111111111111111111111111000000000
000000000000000000000000000000000000000000000000000000000000000000000000000
000000000000000000000000000000000000000000000000000000000000000000000000000
000000000000000000000000000000000000000000000000000000000000000000000000000
000000000000000000000000000000000000000000000000000000000000000000000000000
000000000000000000000000000000000000000000000000000000000000000000000000000
000000000000000000000000000000000000000000000000000000000000000000000000000
000000000000000000000000000000000000000000000000000000000000000000000000000
000000000000000000000000000000000000000000000000000000000000000000000000000
000000000000000000000000000000000000000000000000000000000000000000000000000

== Output ==
000000000000000000000000000000000000000000000000000000000000000000000000000
000000000000000000000000000000000000000000000000000000000000000000000000000
000000000000000000000000000000000000000000000000000000000000000000000000000
000000000000000000000000000000000000000000000000000000000000000000000000000
000000000000000000000000000000000000000000000000000000000000000000000000000
000000000000000000000000000000000000000000000000000000000000000000000000000
000000000000000000000000000000000000000000000000000000000000000000000000000
000000000000000000000000000000000000000000000000000000000000000000000000000
000000001111111111111111111111111111111111000000000000000000000000000000000
000000001111111111111111111111111111111111000000000000000000000000000000000
000000001111111111111111111111111111111111000000000000000000000000000000000
000000001111111111111111111111111111111111000000000000000000000000000000000
000000001111111111111111111111111111111111000000000000000000000000000000000
000000001111111111111111111111111111111111000000000000000000000000000000000
000000001111111111111111111111111111111111000000000000000000000000000000000
000000001111111111111111111111111111111111000000000000000000000000000000000
000000001111111111111111111111111111111111000000000000000000000000000000000
000000001111111111111111111111111111111111000000000000000000000000000000000
000000001111111111111111111111111111111111000000000000000000000000000000000
000000001111111111111111111111111111111111000000000000000000000000000000000
000000001111111111111111111111111111111111000000000000000000000000000000000
000000001111111111111111111111111111111111000000000000000000000000000000000
000000001111111111111111111111111111111111000000000000000000000000000000000
000000001111111111111111111111111111111111000000000000000000000000000000000
000000001111111111111111111111111111111111000000000000000000000000000000000
000000001111111111111111111111111111111111000000000000000000000000000000000
000000001111111111111111111111111111111111000000000000000000000000000000000
000000001111111111111111111111111111111111000000000000000000000000000000000
000000001111111111111111111111111111111111000000000000000000000000000000000
000000001111111111111111111111111111111111000000000000000000000000000000000
000000001111111111111111111111111111111111000000000000000000000000000000000
000000001111111111111111111111111111111111000000000000000000000000000000000
000000001111111111111111111111111111111111000000000000000000000000000000000
000000001111111111111111111111111111111111000000000000000000000000000000000
000000001111111111111111111111111111111111000000000000000000000000000000000
000000001111111111111111111111111111111111000000000000000000000000000000000
000000001111111111111111111111111111111111000000000000000000000000000000000
000000001111111111111111111111111111111111000000000000000000000000000000000
000000001111111111111111111111111111111111000000000000000000000000000000000
000000001111111111111111111111111111111111000000000000000000000000000000000
000000001111111111111111111111111111111111000000000000000000000000000000000
000000001111111111111111111111111111111111000000000000000000000000000000000
000000000000000000000000000000000000000000000000000000000000000000000000000
000000000000000000000000000000000000000000000000000000000000000000000000000
000000000000000000000000000000000000000000000000000000000000000000000000000
000000000000000000000000000000000000000000000000000000000000000000000000000
000000000000000000000000000000000000000000000000000000000000000000000000000
000000000000000000000000000000000000000000000000000000000000000000000000000
000000000000000000000000000000000000000000000000000000000000000000000000000
000000000000000000000000000000000000000000000000000000000000000000000000000
000000000000000000000000000000000000000000000000000000000000000000000000000
000000000000000000000000000000000000000000000000000000000000000000000000000
000000000000000000000000000000000000000000000000000000000000000000000000000
000000000000000000000000000000000000000000000000000000000000000000000000000
000000000000000000000000000000000000000000000000000000000000000000000000000
000000000000000000000000000000000000000000000000000000000000000000000000000
000000000000000000000000000000000000000000000000000000000000000000000000000
000000000000000000000000000000000000000000000000000000000000000000000000000
000000000000000000000000000000000000000000000000000000000000000000000000000
000000000000000000000000000000000000000000000000000000000000000000000000000
000000000000000000000000000000000000000000000000000000000000000000000000000
000000000000000000000000000000000000000000000000000000000000000000000000000
000000000000000000000000000000000000000000000000000000000000000000000000000
000000000000000000000000000000000000000000000000000000000000000000000000000
000000000000000000000000000000000000000000000000000000000000000000000000000
000000000000000000000000000000000000000000000000000000000000000000000000000
000000000000000000000000000000000000000000000000000000000000000000000000000
000000000000000000000000000000000000000000000000000000000000000000000000000
000000000000000000000000000000000000000000000000000000000000000000000000000
000000000000000000000000000000000000000000000000000000000000000000000000000
000000000000000000000000000000000000000000000000000000000000000000000000000
000000000000000000000000000000000000000000000000000000000000000000000000000
000000000000000000000000000000000000000000000000000000000000000000000000000
000000000000000000000000000000000000000000000000000000000000000000000000000
000000000000000000000000000000000000000000000000000000000000000000000000000

000000000000000000000000000000000000000000000000000000000000000000000000000
000000000000000000000000000000000000000000000000000000000000000000000000000
000000000000000000000000000000000000000000000000000000000000000000000000000
000000000000000000000000100000000000000000000000000000000000000000000000000
000000000000000000111111111111100000000000000000000000000000000000000000000
000000000000000011111111111111111000000000000000000000000000000000000000000
000000000000001111111111111111111110000000000000000000000000000000000000000
000000000000111111111111111111111111100000000000000000000000000000000000000
000000000001111111111111111111111111110000000000000000000000000000000000000
000000000011111111111111111111111111111000000000000000000000000000000000000
000000000111111111111111111111111111111100000000000000000000000000000000000
000000001111111111111111111111111111111110000000000000000000000000000000000
000000011111111111111111111111111111111111000000000000000000000000000000000
000000011111111111111111111111111111111111000000000000000000000000000000000
000000111111111111111111111111111111111111100000000000000000000000000000000
000000111111111111111111111111111111111111100000000000000000000000000000000
000001111111111111111111111111111111111111110000000000000000000000000000000
000001111111111111111111111111111111111111110000000000000000000000000000000
000011111111111111111111111111111111111111111000000000000000000000000000000
000011111111111111111111111111111111111111111000000000000000000000000000000
000011111111111111111111111111111111111111111000000000000000000000000000000
000011111111111111111111111111111111111111111000000000000000000000000000000
000011111111111111111111111111111111111111111000000000000000000000000000000
000011111111111111111111111111111111111111111000000000000000000000000000000
000111111111111111111111111111111111111111111100000000000000000000000000000
000011111111111111111111111111111111111111111000000000000000000000000000000
000011111111111111111111111111111111111111111000000000000000000000000000000
000011111111111111111111111111111111111111111000000000000000000000000000000
000011111111111111111111111111111111111111111000000000000000000000000000000
000011111111111111111111111111111111111111111000000000000000000000000000000
000011111111111111111111111111111111111111111000000000000000000000000000000
000001111111111111111111111111111111111111110000000000000000000000000000000
000001111111111111111111111111111111111111110000000000000000000000000000000
000000111111111111111111111111111111111111100000000000000000000000000000000
000000111111111111111111111111111111111111100000000000000000000000000000000
000000011111111111111111111111111111111111000000000000000000000000000000000
000000011111111111111111111111111111111111000000000000000000000000000000000
000000001111111111111111111111111111111110000000000000000000000000000000000
000000000111111111111111111111111111111100000000000000000000000000000000000
000000000011111111111111111111111111111000000000000000000000000000000000000
000000000001111111111111111111111111110000000000000000000000000000000000000
000000000000111111111111111111111111100000000000000000000000000000000000000
000000000000001111111111111111111110000000000000000000000000000000000000000
000000000000000011111111111111111000000000000000000000000000000000000000000
000000000000000000111111111111100000000000000000000000000000000000000000000
000000000000000000000000100000000000000000000000000000000000000000000000000
000000000000000000000000000000000000000000000000000000000000000000000000000
000000000000000000000000000000000000000000000000000000000000000000000000000
000000000000000000000000000000000000000000000000000000000000000000000000000
000000000000000000000000000000000000000000000000000000000000000000000000000
000000000000000000000000000000000000000000000000000000000000000000000000000
000000000000000000000000000000000000000000000000000000000000000000000000000
000000000000000000000000000000000000000000000000000000000000000000000000000
000000000000000000000000000000000000000000000000000000000000000000000000000
000000000000000000000000000000000000000000000000000000000000000000000000000
000000000000000000000000000000000000000000000000000000000000000000000000000
000000000000000000000000000000000000000000000000000000000000000000000000000
000000000000000000000000000000000000000000000000000000000000000000000000000
000000000000000000000000000000000000000000000000000000000000000000000000000
000000000000000000000000000000000000000000000000000000000000000000000000000
000000000000000000000000000000000000000000000000000000000000000000000000000
000000000000000000000000000000000000000000000000000000000000000000000000000
000000000000000000000000000000000000000000000000000000000000000000000000000
000000000000000000000000000000000000000000000000000000000000000000000000000
000000000000000000000000000000000000000000000000000000000000000000000000000
000000000000000000000000000000000000000000000000000000000000000000000000000
000000000000000000000000000000000000000000000000000000000000000000000000000
000000000000000000000000000000000000000000000000000000000000000000000000000
000000000000000000000000000000000000000000000000000000000000000000000000000
000000000000000000000000000000000000000000000000000000000000000000000000000
000000000000000000000000000000000000000000000000000000000000000000000000000
000000000000000000000000000000000000000000000000000000000000000000000000000
000000000000000000000000000000000000000000000000000000000000000000000000000
000000000000000000000000000000000000000000000000000000000000000000000000000
000000000000000000000000000000000000000000000000000000000000000000000000000

000000000000000000000000000000000000000000000000000000000000000000000000000
000000000000000000000000000000000000000000000000000000000000000000000000000
000000000000000000000000000000000000000000000000000000000000000000000000000
000000000000000000000000000000000000000000000000000000000000000000000000000
000000000000000000000000000000000000000000000000000000000000000000000000000
000000000000000000000000000000000000000000000000000000000000000000000000000
000000000000000000000000000000000000000000000000000000000000000000000000000
000000000000000000000000000000000000000000000000000000000000000000000000000
000000000000000000000000000000000000000000000000000000000000000000000000000
000000000000000000000000000000000000000000000000000000000000000000000000000
000000000000000000000000000000000000000000000000000000000000000000000000000
000000000000000000000000000000000000000000000000000000000000000000000000000
000000000000000000000000000000000000000000000000000000000000000000000000000
000000000000000000000000000000000000000000000000000000000000000000000000000
000000000000000000000000110000000000000000000000000000000000000000000000000
000000000000000000000001111000000000000000000000000000000000000000000000000
000000000000000000000011111100000000000000000000000000000000000000000000000
000000000000000000000111111110000000000000000000000000000000000000000000000
000000000000000000001111111111000000000000000000000000000000000000000000000
000000000000000000011111111111100000000000000000000000000000000000000000000
000000000000000000111111111111110000000000000000000000000000000000000000000
000000000000000001111111111111111000000000000000000000000000000000000000000
000000000000000011111111111111111100000000000000000000000000000000000000000
000000000000000111111111111111111110000000000000000000000000000000000000000
000000000000001111111111111111111111000000000000000000000000000000000000000
000000000000011111111111111111111111100000000000000000000000000000000000000
000000000000111111111111111111111111110000000000000000000000000000000000000
000000000001111111111111111111111111111000000000000000000000000000000000000
000000000011111111111111111111111111111100000000000000000000000000000000000
000000000111111111111111111111111111111110000000000000000000000000000000000
000000001111111111111111111111111111111111000000000000000000000000000000000
000000011111111111111111111111111111111111100000000000000000000000000000000
000000111111111111111111111111111111111111110000000000000000000000000000000
000001111111111111111111111111111111111111111000000000000000000000000000000
000011111111111111111111111111111111111111111100000000000000000000000000000
000111111111111111111111111111111111111111111110000000000000000000000000000
000000000000000000000000000000000000000000000000000000000000000000000000000
000000000000000000000000000000000000000000000000000000000000000000000000000
000000000000000000000000000000000000000000000000000000000000000000000000000
000000000000000000000000000000000000000000000000000000000000000000000000000
000000000000000000000000000000000000000000000000000000000000000000000000000
000000000000000000000000000000000000000000000000000000000000000000000000000
000000000000000000000000000000000000000000000000000000000000000000000000000
000000000000000000000000000000000000000000000000000000000000000000000000000
000000000000000000000000000000000000000000000000000000000000000000000000000
000000000000000000000000000000000000000000000000000000000000000000000000000
000000000000000000000000000000000000000000000000000000000000000000000000000
000000000000000000000000000000000000000000000000000000000000000000000000000
000000000000000000000000000000000000000000000000000000000000000000000000000
000000000000000000000000000000000000000000000000000000000000000000000000000
000000000000000000000000000000000000000000000000000000000000000000000000000
000000000000000000000000000000000000000000000000000000000000000000000000000
000000000000000000000000000000000000000000000000000000000000000000000000000
000000000000000000000000000000000000000000000000000000000000000000000000000
000000000000000000000000000000000000000000000000000000000000000000000000000
000000000000000000000000000000000000000000000000000000000000000000000000000
000000000000000000000000000000000000000000000000000000000000000000000000000
000000000000000000000000000000000000000000000000000000000000000000000000000
000000000000000000000000000000000000000000000000000000000000000000000000000
000000000000000000000000000000000000000000000000000000000000000000000000000
000000000000000000000000000000000000000000000000000000000000000000000000000
000000000000000000000000000000000000000000000000000000000000000000000000000
000000000000000000000000000000000000000000000000000000000000000000000000000
000000000000000000000000000000000000000000000000000000000000000000000000000
000000000000000000000000000000000000000000000000000000000000000000000000000
000000000000000000000000000000000000000000000000000000000000000000000000000
000000000000000000000000000000000000000000000000000000000000000000000000000
000000000000000000000000000000000000000000000000000000000000000000000000000
000000000000000000000000000000000000000000000000000000000000000000000000000
000000000000000000000000000000000000000000000000000000000000000000000000000
000000000000000000000000000000000000000000000000000000000000000000000000000
000000000000000000000000000000000000000000000000000000000000000000000000000
000000000000000000000000000000000000000000000000000000000000000000000000000
000000000000000000000000000000000000000000000000000000000000000000000000000
000000000000000000000000000000000000000000000000000000000000000000000000000

000000000000000000000000000000000000000000000000000000000000000000000000000
000000000000000000000000000000000000000000000000000000000000000000000000000
000000000000000000000000000000000000000000000000000000000000000000000000000
000000000000000000000000000000000000000000000000000000000000000000000000000
000000000000111111111111111111111111110000000000000000000000000000000000000
000000000000111111111111111111111111110000000000000000000000000000000000000
000000000000111111111111111111111111110000000000000000000000000000000000000
000000000000111111111111111111111111110000000000000000000000000000000000000
000000000000111111111111111111111111110000000000000000000000000000000000000
000000000000111111111111111111111111110000000000000000000000000000000000000
000000000000111111111111111111111111110000000000000000000000000000000000000
000000000000111111111111111111111111110000000000000000000000000000000000000
000000000000111111111111111111111111110000000000000000000000000000000000000
000000000000111111111111111111111111110000000000000000000000000000000000000
000000000000111111111111111111111111110000000000000000000000000000000000000
000000000000111111111111111111111111110000000000000000000000000000000000000
000000000000111111111111111111111111110000000000000000000000000000000000000
000000000000111111111111111111111111110000000000000000000000000000000000000
000000000000111111111111111111111111110000000000000000000000000000000000000
000000000000111111111111111111111111110000000000000000000000000000000000000
000000000000111111111111111111111111110000000000000000000000000000000000000
000000000000111111111111111111111111110000000000000000000000000000000000000
000000000000111111111111111111111111110000000000000000000000000000000000000
000000000000111111111111111111111111110000000000000000000000000000000000000
000000000000111111111111111111111111110000000000000000000000000000000000000
000000000000111111111111111111111111110000000000000000000000000000000000000
000000000000111111111111111111111111110000000000000000000000000000000000000
000000000000111111111111111111111111110000000000000000000000000000000000000
000000000000111111111111111111111111110000000000000000000000000000000000000
000000000000111111111111111111111111110000000000000000000000000000000000000
000000000000111111111111111111111111110000000000000000000000000000000000000
000000000000111111111111111111111111110000000000000000000000000000000000000
000000000000111111111111111111111111110000000000000000000000000000000000000
000000000000111111111111111111111111110000000000000000000000000000000000000
000000000000111111111111111111111111110000000000000000000000000000000000000
000000000000111111111111111111111111110000000000000000000000000000000000000
000000000000111111111111111111111111110000000000000000000000000000000000000
000000000000111111111111111111111111110000000000000000000000000000000000000
000000000000111111111111111111111111110000000000000000000000000000000000000
000000000000111111111111111111111111110000000000000000000000000000000000000
000000000000111111111111111111111111110000000000000000000000000000000000000
000000000000111111111111111111111111110000000000000000000000000000000000000
000000000000111111111111111111111111110000000000000000000000000000000000000
000000000000111111111111111111111111110000000000000000000000000000000000000
000000000000111111111111111111111111110000000000000000000000000000000000000
000000000000111111111111111111111111110000000000000000000000000000000000000
000000000000000000000000000000000000000000000000000000000000000000000000000
000000000000000000000000000000000000000000000000000000000000000000000000000
000000000000000000000000000000000000000000000000000000000000000000000000000
000000000000000000000000000000000000000000000000000000000000000000000000000
000000000000000000000000000000000000000000000000000000000000000000000000000
000000000000000000000000000000000000000000000000000000000000000000000000000
000000000000000000000000000000000000000000000000000000000000000000000000000
000000000000000000000000000000000000000000000000000000000000000000000000000
000000000000000000000000000000000000000000000000000000000000000000000000000
000000000000000000000000000000000000000000000000000000000000000000000000000
000000000000000000000000000000000000000000000000000000000000000000000000000
000000000000000000000000000000000000000000000000000000000000000000000000000
000000000000000000000000000000000000000000000000000000000000000000000000000
000000000000000000000000000000000000000000000000000000000000000000000000000
000000000000000000000000000000000000000000000000000000000000000000000000000
000000000000000000000000000000000000000000000000000000000000000000000000000
000000000000000000000000000000000000000000000000000000000000000000000000000
000000000000000000000000000000000000000000000000000000000000000000000000000
000000000000000000000000000000000000000000000000000000000000000000000000000
000000000000000000000000000000000000000000000000000000000000000000000000000
000000000000000000000000000000000000000000000000000000000000000000000000000
000000000000000000000000000000000000000000000000000000000000000000000000000
000000000000000000000000000000000000000000000000000000000000000000000000000
000000000000000000000000000000000000000000000000000000000000000000000000000
000000000000000000000000000000000000000000000000000000000000000000000000000
000000000000000000000000000000000000000000000000000000000000000000000000000
000000000000000000000000000000000000000000000000000000000000000000000000000
000000000000000000000000000000000000000000000000000000000000000000000000000
000000000000000000000000000000000000000000000000000000000000000000000000000

000000000000000000000000000000000000000000000000000000000000000000000000000
000000000000000000000000000000000000000000000000000000000000000000000000000
000000000000000000000000000000000000000000000000000000000000000000000000000
000000000000000000000000000000000000000000000000000000000000000000000000000
000000000000000000000000000000000000000000000000000000000000000000000000000
000000000000000000000000000000000000000000000000000000000000000000000000000
000000000000000000000000000000000000000000000000000000000000000000000000000
000000000000000000000000000000000000000000000000000000000000000000000000000
000000000000000000000000000000000000000000000000000000000000000000000000000
000000000000000000000000000000000000000000000000000000000000000000000000000
000000000000000000000000000000000000000000000000000000000000000000000000000
000000000000000000000000000000000000000000000000000000000000000000000000000
000000000000000000000000000000000000000000000000000000000000000000000000000
000000000000000000000000000000000000000000000000000000000000000000000000000
000111111111111111111111111111111111111111111110000000000000000000000000000
000011111111111111111111111111111111111111111100000000000000000000000000000
000001111111111111111111111111111111111111111000000000000000000000000000000
000000111111111111111111111111111111111111110000000000000000000000000000000
000000011111111111111111111111111111111111100000000000000000000000000000000
000000001111111111111111111111111111111111000000000000000000000000000000000
000000000111111111111111111111111111111110000000000000000000000000000000000
000000000011111111111111111111111111111100000000000000000000000000000000000
000000000001111111111111111111111111111000000000000000000000000000000000000
000000000000111111111111111111111111110000000000000000000000000000000000000
000000000000011111111111111111111111100000000000000000000000000000000000000
000000000000001111111111111111111111000000000000000000000000000000000000000
000000000000000111111111111111111110000000000000000000000000000000000000000
000000000000000011111111111111111100000000000000000000000000000000000000000
000000000000000001111111111111111000000000000000000000000000000000000000000
000000000000000000111111111111110000000000000000000000000000000000000000000
000000000000000000011111111111100000000000000000000000000000000000000000000
000000000000000000001111111111000000000000000000000000000000000000000000000
000000000000000000000111111110000000000000000000000000000000000000000000000
000000000000000000000011111100000000000000000000000000000000000000000000000
000000000000000000000001111000000000000000000000000000000000000000000000000
000000000000000000000000110000000000000000000000000000000000000000000000000
000000000000000000000000000000000000000000000000000000000000000000000000000
000000000000000000000000000000000000000000000000000000000000000000000000000
000000000000000000000000000000000000000000000000000000000000000000000000000
000000000000000000000000000000000000000000000000000000000000000000000000000
000000000000000000000000000000000000000000000000000000000000000000000000000
000000000000000000000000000000000000000000000000000000000000000000000000000
000000000000000000000000000000000000000000000000000000000000000000000000000
000000000000000000000000000000000000000000000000000000000000000000000000000
000000000000000000000000000000000000000000000000000000000000000000000000000
000000000000000000000000000000000000000000000000000000000000000000000000000
000000000000000000000000000000000000000000000000000000000000000000000000000
000000000000000000000000000000000000000000000000000000000000000000000000000
000000000000000000000000000000000000000000000000000000000000000000000000000
000000000000000000000000000000000000000000000000000000000000000000000000000
000000000000000000000000000000000000000000000000000000000000000000000000000
000000000000000000000000000000000000000000000000000000000000000000000000000
000000000000000000000000000000000000000000000000000000000000000000000000000
000000000000000000000000000000000000000000000000000000000000000000000000000
000000000000000000000000000000000000000000000000000000000000000000000000000
000000000000000000000000000000000000000000000000000000000000000000000000000
000000000000000000000000000000000000000000000000000000000000000000000000000
000000000000000000000000000000000000000000000000000000000000000000000000000
000000000000000000000000000000000000000000000000000000000000000000000000000
000000000000000000000000000000000000000000000000000000000000000000000000000
000000000000000000000000000000000000000000000000000000000000000000000000000
000000000000000000000000000000000000000000000000000000000000000000000000000
000000000000000000000000000000000000000000000000000000000000000000000000000
000000000000000000000000000000000000000000000000000000000000000000000000000
000000000000000000000000000000000000000000000000000000000000000000000000000
000000000000000000000000000000000000000000000000000000000000000000000000000
000000000000000000000000000000000000000000000000000000000000000000000000000
000000000000000000000000000000000000000000000000000000000000000000000000000
000000000000000000000000000000000000000000000000000000000000000000000000000
000000000000000000000000000000000000000000000000000000000000000000000000000
000000000000000000000000000000000000000000000000000000000000000000000000000
000000000000000000000000000000000000000000000000000000000000000000000000000
000000000000000000000000000000000000000000000000000000000000000000000000000
000000000000000000000000000000000000000000000000000000000000000000000000000
000000000000000000000000000000000000000000000000000000000000000000000000000

000000000000000000000000000000000000000000000000000000000000000000000000000
000000000000000000000000000000000000000000000000000000000000000000000000000
000000000000000000000000000000000000000000000000000000000000000000000000000
000000000000000000000000000000000000000000000000000000000000000000000000000
000000000000000000000000000000000000000000000000000000000000000000000000000
000000000000000000000000000000000000000000000000000000000000000000000000000
000000000000000000000000000000000000000000000000000000000000000000000000000
000000000000000000000000000000000000000000000000000000000000000000000000000
000000000000000000000000000000000000000000000000000000000000000000000000000
000000000000000000000000000000000000000000000000000000000000000000000000000
000000000000000000000000000000000000000000000000000000000000000000000000000
000000000000000000000000000000000000000000000000000000000000000000000000000
000000000000000000000000000000000000000000000000000000000000000000000000000
000000000000000000000000000000000000000000000000000000000000000000000000000
000000000000000000000000000000000000000000000000000000000000000000000000000
000000000000000000000000000000000000000000000000000000000000000000000000000
000000000000000000000000000000000000000000000000000000000000000000000000000
000000000000000000000000000000000000000000000000000000000000000000000000000
000000000000000000000000000000000000000000000000000000000000000000000000000
000000000000000000000000000000000000000000000000000000000000000000000000000
000000000000000000000000000000000000000000000000000000000000000000000000000
000000000000000000000000000000000000000000000000000000000000000000000000000
000000000000000000000000000000000000000000000000000000000000000000000000000
000000000000000000000000000000000000000000000000000000000000000000000000000
000000000000000000000000000000000000000000000000000000000000000000000000000
000000000000000000000000000000000000000000000000000000000000000000000000000
000000000000000000000000000000000000000000000000000000000000000000000000000
000000000000000000000000000000000000000000000000000000000000000000000000000
000000000000000000000000000000000000000000000000000000000000000000000000000
000000000000000000000000000000000000000000000000000000000000000000000000000
000000000000000000000000000000000000000000000000000000000000000000000000000
000000000000000000000000000000000000000000000000000000000000000000000000000
000000001111111111111111111111111111111111000000000000000000000000000000000
000000001111111111111111111111111111111111000000000000000000000000000000000
000000001111111111111111111111111111111111000000000000000000000000000000000
000000001111111111111111111111111111111111000000000000000000000000000000000
000000001111111111111111111111111111111111000000000000000000000000000000000
000000001111111111111111111111111111111111000000000000000000000000000000000
000000001111111111111111111111111111111111000000000000000000000000000000000
000000001111111111111111111111111111111111000000000000000000000000000000000
000000001111111111111111111111111111111111000000000000000000000000000000000
000000001111111111111111111111111111111111000000000000000000000000000000000
000000001111111111111111111111111111111111000000000000000000000000000000000
000000001111111111111111111111111111111111000000000000000000000000000000000
000000001111111111111111111111111111111111000000000000000000000000000000000
000000001111111111111111111111111111111111000000000000000000000000000000000
000000001111111111111111111111111111111111000000000000000000000000000000000
000000001111111111111111111111111111111111000000000000000000000000000000000
000000001111111111111111111111111111111111000000000000000000000000000000000
000000001111111111111111111111111111111111000000000000000000000000000000000
000000001111111111111111111111111111111111000000000000000000000000000000000
000000001111111111111111111111111111111111000000000000000000000000000000000
000000001111111111111111111111111111111111000000000000000000000000000000000
000000001111111111111111111111111111111111000000000000000000000000000000000
000000001111111111111111111111111111111111000000000000000000000000000000000
000000001111111111111111111111111111111111000000000000000000000000000000000
000000001111111111111111111111111111111111000000000000000000000000000000000
000000001111111111111111111111111111111111000000000000000000000000000000000
000000001111111111111111111111111111111111000000000000000000000000000000000
000000001111111111111111111111111111111111000000000000000000000000000000000
000000001111111111111111111111111111111111000000000000000000000000000000000
000000001111111111111111111111111111111111000000000000000000000000000000000
000000001111111111111111111111111111111111000000000000000000000000000000000
000000001111111111111111111111111111111111000000000000000000000000000000000
000000001111111111111111111111111111111111000000000000000000000000000000000
000000001111111111111111111111111111111111000000000000000000000000000000000
000000000000000000000000000000000000000000000000000000000000000000000000000
000000000000000000000000000000000000000000000000000000000000000000000000000
000000000000000000000000000000000000000000000000000000000000000000000000000
000000000000000000000000000000000000000000000000000000000000000000000000000
000000000000000000000000000000000000000000000000000000000000000000000000000
000000000000000000000000000000000000000000000000000000000000000000000000000
000000000000000000000000000000000000000000000000000000000000000000000000000
000000000000000000000000000000000000000000000000000000000000000000000000000
000000000000000000000000000000000000000000000000000000000000000000000000000

