== Attributes ==
title=10_const_square_h1
type= 2x2
result=1
window_size=(75, 75)

== Input ==
000000000000000000000000000000000000000000000000000000000000000000000000000
000000000000000000000000000000000000000000000000000000000000000000000000000
000000000000000000000000000000000000000000000000000000000000000000000000000
000000000000000000000000000000000000000000000000000000000000000000000000000
000000000000000000000000000000000000000000000000000000000000000000000000000
000000000000000000000000000000000000000000000000000000000000000000000000000
000000000000000000000000000000000000000000000000000000000000000000000000000
000000000000000000000000000000000000000000000000000000000000000000000000000
000000000000000000000000000000000000000000000000000000000000000000000000000
000000000000000000000000000000000000000000000000000000000000000000000000000
000000000000000000000000000000000000000000000000000000000000000000000000000
000000000000000000000000000000000000000000000000000000000000000000000000000
000000000000000000000000000000000000000000000000000000000000000000000000000
000000000000000000000000000000000000000000000000000000000000000000000000000
000000000000000000000000000000000000000000000000000000000000000000000000000
000000000000000000000000000000000000000000000000000000000000000000000000000
000000000000000000000000000000000000000000000000000000000000000000000000000
000000000000000000000000000000000000000000000000000000000000000000000000000
000000000000000000000000000000000000000000000000000000000000000000000000000
000000000000000000000000000000000000000000000000000000000000000000000000000
000000000000000000001111111111111111111111111111111111000000000000000000000
000000000000000000001111111111111111111111111111111111000000000000000000000
000000000000000000001111111111111111111111111111111111000000000000000000000
000000000000000000001111111111111111111111111111111111000000000000000000000
000000000000000000001111111111111111111111111111111111000000000000000000000
000000000000000000001111111111111111111111111111111111000000000000000000000
000000000000000000001111111111111111111111111111111111000000000000000000000
000000000000000000001111111111111111111111111111111111000000000000000000000
000000000000000000001111111111111111111111111111111111000000000000000000000
000000000000000000001111111111111111111111111111111111000000000000000000000
000000000000000000001111111111111111111111111111111111000000000000000000000
000000000000000000001111111111111111111111111111111111000000000000000000000
000000000000000000001111111111111111111111111111111111000000000000000000000
000000000000000000001111111111111111111111111111111111000000000000000000000
000000000000000000001111111111111111111111111111111111000000000000000000000
000000000000000000001111111111111111111111111111111111000000000000000000000
000000000000000000001100000000000000000000000000000011000000000000000000000
000000000000000000001100000000000000000000000000000011000000000000000000000
000000000000000000001100000000000000000000000000000011000000000000000000000
000000000000000000001100000000000000000000000000000011000000000000000000000
000000000000000000001100000000000000000000000000000011000000000000000000000
000000000000000000001100000000000000000000000000000011000000000000000000000
000000000000000000001100000000000000000000000000000011000000000000000000000
000000000000000000001100000000000000000000000000000011000000000000000000000
000000000000000000001100000000000000000000000000000011000000000000000000000
000000000000000000001100000000000000000000000000000011000000000000000000000
000000000000000000001100000000000000000000000000000011000000000000000000000
000000000000000000001100000000000000000000000000000011000000000000000000000
000000000000000000001100000000000000000000000000000011000000000000000000000
000000000000000000001100000000000000000000000000000011000000000000000000000
000000000000000000001100000000000000000000000000000011000000000000000000000
000000000000000000001100000000000000000000000000000011000000000000000000000
000000000000000000001111111111111111111111111111111111000000000000000000000
000000000000000000001111111111111111111111111111111111000000000000000000000
000000000000000000000000000000000000000000000000000000000000000000000000000
000000000000000000000000000000000000000000000000000000000000000000000000000
000000000000000000000000000000000000000000000000000000000000000000000000000
000000000000000000000000000000000000000000000000000000000000000000000000000
000000000000000000000000000000000000000000000000000000000000000000000000000
000000000000000000000000000000000000000000000000000000000000000000000000000
000000000000000000000000000000000000000000000000000000000000000000000000000
000000000000000000000000000000000000000000000000000000000000000000000000000
000000000000000000000000000000000000000000000000000000000000000000000000000
000000000000000000000000000000000000000000000000000000000000000000000000000
000000000000000000000000000000000000000000000000000000000000000000000000000
000000000000000000000000000000000000000000000000000000000000000000000000000
000000000000000000000000000000000000000000000000000000000000000000000000000
000000000000000000000000000000000000000000000000000000000000000000000000000
000000000000000000000000000000000000000000000000000000000000000000000000000
000000000000000000000000000000000000000000000000000000000000000000000000000
000000000000000000000000000000000000000000000000000000000000000000000000000
000000000000000000000000000000000000000000000000000000000000000000000000000
000000000000000000000000000000000000000000000000000000000000000000000000000
000000000000000000000000000000000000000000000000000000000000000000000000000
000000000000000000000000000000000000000000000000000000000000000000000000000

000000000000000000000000000000000000000000000000000000000000000000000000000
000000000000000000000000000000000000000000000000000000000000000000000000000
000000000000000000000000000000000000000000000000000000000000000000000000000
000000000000000000000000000000000000000000000000000000000000000000000000000
000000000000000000000000000000000000000000000000000000000000000000000000000
000000000000000000000000000000000000000000000000000000000000000000000000000
000000000000000000000000000000000000000000000000000000000000000000000000000
000000000000000000000000000000000000000000000000000000000000000000000000000
000000000000000000000000000000000000000000000000000000000000000000000000000
000000000000000000000000000000000000000000000000000000000000000000000000000
000000000000000000000000000000000000000000000000000000000000000000000000000
000000000000000000000000000000000000000000000000000000000000000000000000000
000000000000000000000000000000000000000000000000000000000000000000000000000
000000000000000000000000000000000000000000000000000000000000000000000000000
000000000000000000000000000000000000000000000000000000000000000000000000000
000000000000000000000000000000000000000000000000000000000000000000000000000
000000000000000000000000000000000000000000000000000000000000000000000000000
000000000000000000000000000000000000000000000000000000000000000000000000000
000000000000000000000000000000000000000000000000000000000000000000000000000
000000000000000000000000000000000000000000000000000000000000000000000000000
000000000000000000001111111111111111111111111111111111000000000000000000000
000000000000000000001111111111111111111111111111111111000000000000000000000
000000000000000000001111111111111111111111111111111111000000000000000000000
000000000000000000001111111111111111111111111111111111000000000000000000000
000000000000000000001111111111111111111111111111111111000000000000000000000
000000000000000000001111111111111111111111111111111111000000000000000000000
000000000000000000001111111111111111111111111111111111000000000000000000000
000000000000000000001111111111111111111111111111111111000000000000000000000
000000000000000000001111111111111111111111111111111111000000000000000000000
000000000000000000001111111111111111111111111111111111000000000000000000000
000000000000000000001111111111111111111111111111111111000000000000000000000
000000000000000000001111111111111111111111111111111111000000000000000000000
000000000000000000001111111111111111111111111111111111000000000000000000000
000000000000000000001111111111111111111111111111111111000000000000000000000
000000000000000000001111111111111111111111111111111111000000000000000000000
000000000000000000001111111111111111111111111111111111000000000000000000000
000000000000000000001100000000000000000000000000000011000000000000000000000
000000000000000000001100000000000000000000000000000011000000000000000000000
000000000000000000001100000000000000000000000000000011000000000000000000000
000000000000000000001100000000000000000000000000000011000000000000000000000
000000000000000000001100000000000000000000000000000011000000000000000000000
000000000000000000001100000000000000000000000000000011000000000000000000000
000000000000000000001100000000000000000000000000000011000000000000000000000
000000000000000000001100000000000000000000000000000011000000000000000000000
000000000000000000001100000000000000000000000000000011000000000000000000000
000000000000000000001100000000000000000000000000000011000000000000000000000
000000000000000000001100000000000000000000000000000011000000000000000000000
000000000000000000001100000000000000000000000000000011000000000000000000000
000000000000000000001100000000000000000000000000000011000000000000000000000
000000000000000000001100000000000000000000000000000011000000000000000000000
000000000000000000001100000000000000000000000000000011000000000000000000000
000000000000000000001100000000000000000000000000000011000000000000000000000
000000000000000000001111111111111111111111111111111111000000000000000000000
000000000000000000001111111111111111111111111111111111000000000000000000000
000000000000000000000000000000000000000000000000000000000000000000000000000
000000000000000000000000000000000000000000000000000000000000000000000000000
000000000000000000000000000000000000000000000000000000000000000000000000000
000000000000000000000000000000000000000000000000000000000000000000000000000
000000000000000000000000000000000000000000000000000000000000000000000000000
000000000000000000000000000000000000000000000000000000000000000000000000000
000000000000000000000000000000000000000000000000000000000000000000000000000
000000000000000000000000000000000000000000000000000000000000000000000000000
000000000000000000000000000000000000000000000000000000000000000000000000000
000000000000000000000000000000000000000000000000000000000000000000000000000
000000000000000000000000000000000000000000000000000000000000000000000000000
000000000000000000000000000000000000000000000000000000000000000000000000000
000000000000000000000000000000000000000000000000000000000000000000000000000
000000000000000000000000000000000000000000000000000000000000000000000000000
000000000000000000000000000000000000000000000000000000000000000000000000000
000000000000000000000000000000000000000000000000000000000000000000000000000
000000000000000000000000000000000000000000000000000000000000000000000000000
000000000000000000000000000000000000000000000000000000000000000000000000000
000000000000000000000000000000000000000000000000000000000000000000000000000
000000000000000000000000000000000000000000000000000000000000000000000000000
000000000000000000000000000000000000000000000000000000000000000000000000000

000000000000000000000000000000000000000000000000000000000000000000000000000
000000000000000000000000000000000000000000000000000000000000000000000000000
000000000000000000000000000000000000000000000000000000000000000000000000000
000000000000000000000000000000000000000000000000000000000000000000000000000
000000000000000000000000000000000000000000000000000000000000000000000000000
000000000000000000000000000000000000000000000000000000000000000000000000000
000000000000000000000000000000000000000000000000000000000000000000000000000
000000000000000000000000000000000000000000000000000000000000000000000000000
000000000000000000000000000000000000000000000000000000000000000000000000000
000000000000000000000000000000000000000000000000000000000000000000000000000
000000000000000000000000000000000000000000000000000000000000000000000000000
000000000000000000000000000000000000000000000000000000000000000000000000000
000000000000000000000000000000000000000000000000000000000000000000000000000
000000000000000000000000000000000000000000000000000000000000000000000000000
000000000000000000000000000000000000000000000000000000000000000000000000000
000000000000000000000000000000000000000000000000000000000000000000000000000
000000000000000000000000000000000000000000000000000000000000000000000000000
000000000000000000000000000000000000000000000000000000000000000000000000000
000000000000000000000000000000000000000000000000000000000000000000000000000
000000000000000000000000000000000000000000000000000000000000000000000000000
000000000000000000001111111111111111111111111111111111000000000000000000000
000000000000000000001111111111111111111111111111111111000000000000000000000
000000000000000000001111111111111111111111111111111111000000000000000000000
000000000000000000001111111111111111111111111111111111000000000000000000000
000000000000000000001111111111111111111111111111111111000000000000000000000
000000000000000000001111111111111111111111111111111111000000000000000000000
000000000000000000001111111111111111111111111111111111000000000000000000000
000000000000000000001111111111111111111111111111111111000000000000000000000
000000000000000000001111111111111111111111111111111111000000000000000000000
000000000000000000001111111111111111111111111111111111000000000000000000000
000000000000000000001111111111111111111111111111111111000000000000000000000
000000000000000000001111111111111111111111111111111111000000000000000000000
000000000000000000001111111111111111111111111111111111000000000000000000000
000000000000000000001111111111111111111111111111111111000000000000000000000
000000000000000000001111111111111111111111111111111111000000000000000000000
000000000000000000001111111111111111111111111111111111000000000000000000000
000000000000000000001100000000000000000000000000000011000000000000000000000
000000000000000000001100000000000000000000000000000011000000000000000000000
000000000000000000001100000000000000000000000000000011000000000000000000000
000000000000000000001100000000000000000000000000000011000000000000000000000
000000000000000000001100000000000000000000000000000011000000000000000000000
000000000000000000001100000000000000000000000000000011000000000000000000000
000000000000000000001100000000000000000000000000000011000000000000000000000
000000000000000000001100000000000000000000000000000011000000000000000000000
000000000000000000001100000000000000000000000000000011000000000000000000000
000000000000000000001100000000000000000000000000000011000000000000000000000
000000000000000000001100000000000000000000000000000011000000000000000000000
000000000000000000001100000000000000000000000000000011000000000000000000000
000000000000000000001100000000000000000000000000000011000000000000000000000
000000000000000000001100000000000000000000000000000011000000000000000000000
000000000000000000001100000000000000000000000000000011000000000000000000000
000000000000000000001100000000000000000000000000000011000000000000000000000
000000000000000000001111111111111111111111111111111111000000000000000000000
000000000000000000001111111111111111111111111111111111000000000000000000000
000000000000000000000000000000000000000000000000000000000000000000000000000
000000000000000000000000000000000000000000000000000000000000000000000000000
000000000000000000000000000000000000000000000000000000000000000000000000000
000000000000000000000000000000000000000000000000000000000000000000000000000
000000000000000000000000000000000000000000000000000000000000000000000000000
000000000000000000000000000000000000000000000000000000000000000000000000000
000000000000000000000000000000000000000000000000000000000000000000000000000
000000000000000000000000000000000000000000000000000000000000000000000000000
000000000000000000000000000000000000000000000000000000000000000000000000000
000000000000000000000000000000000000000000000000000000000000000000000000000
000000000000000000000000000000000000000000000000000000000000000000000000000
000000000000000000000000000000000000000000000000000000000000000000000000000
000000000000000000000000000000000000000000000000000000000000000000000000000
000000000000000000000000000000000000000000000000000000000000000000000000000
000000000000000000000000000000000000000000000000000000000000000000000000000
000000000000000000000000000000000000000000000000000000000000000000000000000
000000000000000000000000000000000000000000000000000000000000000000000000000
000000000000000000000000000000000000000000000000000000000000000000000000000
000000000000000000000000000000000000000000000000000000000000000000000000000
000000000000000000000000000000000000000000000000000000000000000000000000000
000000000000000000000000000000000000000000000000000000000000000000000000000

== Output ==
000000000000000000000000000000000000000000000000000000000000000000000000000
000000000000000000000000000000000000000000000000000000000000000000000000000
000000000000000000000000000000000000000000000000000000000000000000000000000
000000000000000000000000000000000000000000000000000000000000000000000000000
000000000000000000000000000000000000000000000000000000000000000000000000000
000000000000000000000000000000000000000000000000000000000000000000000000000
000000000000000000000000000000000000000000000000000000000000000000000000000
000000000000000000000000000000000000000000000000000000000000000000000000000
000000000000000000000000000000000000000000000000000000000000000000000000000
000000000000000000000000000000000000000000000000000000000000000000000000000
000000000000000000000000000000000000000000000000000000000000000000000000000
000000000000000000000000000000000000000000000000000000000000000000000000000
000000000000000000000000000000000000000000000000000000000000000000000000000
000000000000000000000000000000000000000000000000000000000000000000000000000
000000000000000000000000000000000000000000000000000000000000000000000000000
000000000000000000000000000000000000000000000000000000000000000000000000000
000000000000000000000000000000000000000000000000000000000000000000000000000
000000000000000000000000000000000000000000000000000000000000000000000000000
000000000000000000000000000000000000000000000000000000000000000000000000000
000000000000000000000000000000000000000000000000000000000000000000000000000
000000000000000000001111111111111111111111111111111111000000000000000000000
000000000000000000001111111111111111111111111111111111000000000000000000000
000000000000000000001111111111111111111111111111111111000000000000000000000
000000000000000000001111111111111111111111111111111111000000000000000000000
000000000000000000001111111111111111111111111111111111000000000000000000000
000000000000000000001111111111111111111111111111111111000000000000000000000
000000000000000000001111111111111111111111111111111111000000000000000000000
000000000000000000001111111111111111111111111111111111000000000000000000000
000000000000000000001111111111111111111111111111111111000000000000000000000
000000000000000000001111111111111111111111111111111111000000000000000000000
000000000000000000001111111111111111111111111111111111000000000000000000000
000000000000000000001111111111111111111111111111111111000000000000000000000
000000000000000000001111111111111111111111111111111111000000000000000000000
000000000000000000001111111111111111111111111111111111000000000000000000000
000000000000000000001111111111111111111111111111111111000000000000000000000
000000000000000000001111111111111111111111111111111111000000000000000000000
000000000000000000001100000000000000000000000000000011000000000000000000000
000000000000000000001100000000000000000000000000000011000000000000000000000
000000000000000000001100000000000000000000000000000011000000000000000000000
000000000000000000001100000000000000000000000000000011000000000000000000000
000000000000000000001100000000000000000000000000000011000000000000000000000
000000000000000000001100000000000000000000000000000011000000000000000000000
000000000000000000001100000000000000000000000000000011000000000000000000000
000000000000000000001100000000000000000000000000000011000000000000000000000
000000000000000000001100000000000000000000000000000011000000000000000000000
000000000000000000001100000000000000000000000000000011000000000000000000000
000000000000000000001100000000000000000000000000000011000000000000000000000
000000000000000000001100000000000000000000000000000011000000000000000000000
000000000000000000001100000000000000000000000000000011000000000000000000000
000000000000000000001100000000000000000000000000000011000000000000000000000
000000000000000000001100000000000000000000000000000011000000000000000000000
000000000000000000001100000000000000000000000000000011000000000000000000000
000000000000000000001111111111111111111111111111111111000000000000000000000
000000000000000000001111111111111111111111111111111111000000000000000000000
000000000000000000000000000000000000000000000000000000000000000000000000000
000000000000000000000000000000000000000000000000000000000000000000000000000
000000000000000000000000000000000000000000000000000000000000000000000000000
000000000000000000000000000000000000000000000000000000000000000000000000000
000000000000000000000000000000000000000000000000000000000000000000000000000
000000000000000000000000000000000000000000000000000000000000000000000000000
000000000000000000000000000000000000000000000000000000000000000000000000000
000000000000000000000000000000000000000000000000000000000000000000000000000
000000000000000000000000000000000000000000000000000000000000000000000000000
000000000000000000000000000000000000000000000000000000000000000000000000000
000000000000000000000000000000000000000000000000000000000000000000000000000
000000000000000000000000000000000000000000000000000000000000000000000000000
000000000000000000000000000000000000000000000000000000000000000000000000000
000000000000000000000000000000000000000000000000000000000000000000000000000
000000000000000000000000000000000000000000000000000000000000000000000000000
000000000000000000000000000000000000000000000000000000000000000000000000000
000000000000000000000000000000000000000000000000000000000000000000000000000
000000000000000000000000000000000000000000000000000000000000000000000000000
000000000000000000000000000000000000000000000000000000000000000000000000000
000000000000000000000000000000000000000000000000000000000000000000000000000
000000000000000000000000000000000000000000000000000000000000000000000000000

000000000000000000000000000000000000000000000000000000000000000000000000000
000000000000000000000000000000000000000000000000000000000000000000000000000
000000000000000000000000000000000000000000000000000000000000000000000000000
000000000000000000000000000000000000000000000000000000000000000000000000000
000000000000000000000000000000000000000000000000000000000000000000000000000
000000000000000000000000000000000000000000000000000000000000000000000000000
000000000000000000000000000000000000000000000000000000000000000000000000000
000000000000000000000000000000000000000000000000000000000000000000000000000
000000000000000000000000000000000000000000000000000000000000000000000000000
000000000000000000000000000000000000000000000000000000000000000000000000000
000000000000000000000000000000000000000000000000000000000000000000000000000
000000000000000000000000000000000000000000000000000000000000000000000000000
000000000000000000000000000000000000000000000000000000000000000000000000000
000000000000000000000000000000000000000000000000000000000000000000000000000
000000000000000000000000000000000000000000000000000000000000000000000000000
000000000000000000000000000000000000100000000000000000000000000000000000000
000000000000000000000000000000111111111111100000000000000000000000000000000
000000000000000000000000000011111111111111111000000000000000000000000000000
000000000000000000000000001111111111111111111110000000000000000000000000000
000000000000000000000000111111111111111111111111100000000000000000000000000
000000000000000000000001111111111111111111111111110000000000000000000000000
000000000000000000000011111111111111111111111111111000000000000000000000000
000000000000000000000111111111111111111111111111111100000000000000000000000
000000000000000000001111111111111111111111111111111110000000000000000000000
000000000000000000011111111111111111111111111111111111000000000000000000000
000000000000000000011111111111111111111111111111111111000000000000000000000
000000000000000000111111111111111111111111111111111111100000000000000000000
000000000000000000111111111111111111111111111111111111100000000000000000000
000000000000000001111111111111111111111111111111111111110000000000000000000
000000000000000001111111111111111111111111111111111111110000000000000000000
000000000000000011111111111111111111111111111111111111111000000000000000000
000000000000000011111111111111111111111111111111111111111000000000000000000
000000000000000011111111111111111111111111111111111111111000000000000000000
000000000000000011111111111111111111111111111111111111111000000000000000000
000000000000000011111111111111111111111111111111111111111000000000000000000
000000000000000011111111111111111111111111111111111111111000000000000000000
000000000000000111000000000000000000000000000000000000011100000000000000000
000000000000000011000000000000000000000000000000000000011000000000000000000
000000000000000011000000000000000000000000000000000000011000000000000000000
000000000000000011000000000000000000000000000000000000011000000000000000000
000000000000000011000000000000000000000000000000000000011000000000000000000
000000000000000011000000000000000000000000000000000000011000000000000000000
000000000000000011000000000000000000000000000000000000011000000000000000000
000000000000000001100000000000000000000000000000000000110000000000000000000
000000000000000001100000000000000000000000000000000000110000000000000000000
000000000000000000110000000000000000000000000000000001100000000000000000000
000000000000000000110000000000000000000000000000000001100000000000000000000
000000000000000000011000000000000000000000000000000011000000000000000000000
000000000000000000011100000000000000000000000000000111000000000000000000000
000000000000000000001110000000000000000000000000001110000000000000000000000
000000000000000000000111000000000000000000000000011100000000000000000000000
000000000000000000000011100000000000000000000000111000000000000000000000000
000000000000000000000001110000000000000000000001110000000000000000000000000
000000000000000000000000111100000000000000000111100000000000000000000000000
000000000000000000000000001111000000000000011110000000000000000000000000000
000000000000000000000000000011111111111111111000000000000000000000000000000
000000000000000000000000000000111111111111100000000000000000000000000000000
000000000000000000000000000000000000100000000000000000000000000000000000000
000000000000000000000000000000000000000000000000000000000000000000000000000
000000000000000000000000000000000000000000000000000000000000000000000000000
000000000000000000000000000000000000000000000000000000000000000000000000000
000000000000000000000000000000000000000000000000000000000000000000000000000
000000000000000000000000000000000000000000000000000000000000000000000000000
000000000000000000000000000000000000000000000000000000000000000000000000000
000000000000000000000000000000000000000000000000000000000000000000000000000
000000000000000000000000000000000000000000000000000000000000000000000000000
000000000000000000000000000000000000000000000000000000000000000000000000000
000000000000000000000000000000000000000000000000000000000000000000000000000
000000000000000000000000000000000000000000000000000000000000000000000000000
000000000000000000000000000000000000000000000000000000000000000000000000000
000000000000000000000000000000000000000000000000000000000000000000000000000
000000000000000000000000000000000000000000000000000000000000000000000000000
000000000000000000000000000000000000000000000000000000000000000000000000000
000000000000000000000000000000000000000000000000000000000000000000000000000
000000000000000000000000000000000000000000000000000000000000000000000000000

000000000000000000000000000000000000000000000000000000000000000000000000000
000000000000000000000000000000000000000000000000000000000000000000000000000
000000000000000000000000000000000000000000000000000000000000000000000000000
000000000000000000000000000000000000000000000000000000000000000000000000000
000000000000000000000000000000000000000000000000000000000000000000000000000
000000000000000000000000000000000000000000000000000000000000000000000000000
000000000000000000000000000000000000000000000000000000000000000000000000000
000000000000000000000000000000000000000000000000000000000000000000000000000
000000000000000000000000000000000000000000000000000000000000000000000000000
000000000000000000000000000000000000000000000000000000000000000000000000000
000000000000000000000000000000000000000000000000000000000000000000000000000
000000000000000000000000000000000000000000000000000000000000000000000000000
000000000000000000000000000000000000000000000000000000000000000000000000000
000000000000000000000000000000000000000000000000000000000000000000000000000
000000000000000000000000000000000000000000000000000000000000000000000000000
000000000000000000000000000000000000000000000000000000000000000000000000000
000000000000000000000000000000000000000000000000000000000000000000000000000
000000000000000000000000000000000000000000000000000000000000000000000000000
000000000000000000000000000000000000000000000000000000000000000000000000000
000000000000000000000000000000000000000000000000000000000000000000000000000
000000000000000000000000000000000000000000000000000000000000000000000000000
000000000000000000000000000000000000000000000000000000000000000000000000000
000000000000000000000000000000000000000000000000000000000000000000000000000
000000000000000000000000000000000000000000000000000000000000000000000000000
000000000000000000000000000000000000000000000000000000000000000000000000000
000000000000000000000000000000000000000000000000000000000000000000000000000
000000000000000000000000000000000000110000000000000000000000000000000000000
000000000000000000000000000000000001111000000000000000000000000000000000000
000000000000000000000000000000000011111100000000000000000000000000000000000
000000000000000000000000000000000111111110000000000000000000000000000000000
000000000000000000000000000000001111111111000000000000000000000000000000000
000000000000000000000000000000011111111111100000000000000000000000000000000
000000000000000000000000000000111111111111110000000000000000000000000000000
000000000000000000000000000001111111111111111000000000000000000000000000000
000000000000000000000000000011111111111111111100000000000000000000000000000
000000000000000000000000000111111111111111111110000000000000000000000000000
000000000000000000000000001100000000000000000011000000000000000000000000000
000000000000000000000000011000000000000000000001100000000000000000000000000
000000000000000000000000110000000000000000000000110000000000000000000000000
000000000000000000000001100000000000000000000000011000000000000000000000000
000000000000000000000011000000000000000000000000001100000000000000000000000
000000000000000000000110000000000000000000000000000110000000000000000000000
000000000000000000001100000000000000000000000000000011000000000000000000000
000000000000000000011000000000000000000000000000000001100000000000000000000
000000000000000000110000000000000000000000000000000000110000000000000000000
000000000000000001100000000000000000000000000000000000011000000000000000000
000000000000000011111111111111111111111111111111111111111100000000000000000
000000000000000111111111111111111111111111111111111111111110000000000000000
000000000000000000000000000000000000000000000000000000000000000000000000000
000000000000000000000000000000000000000000000000000000000000000000000000000
000000000000000000000000000000000000000000000000000000000000000000000000000
000000000000000000000000000000000000000000000000000000000000000000000000000
000000000000000000000000000000000000000000000000000000000000000000000000000
000000000000000000000000000000000000000000000000000000000000000000000000000
000000000000000000000000000000000000000000000000000000000000000000000000000
000000000000000000000000000000000000000000000000000000000000000000000000000
000000000000000000000000000000000000000000000000000000000000000000000000000
000000000000000000000000000000000000000000000000000000000000000000000000000
000000000000000000000000000000000000000000000000000000000000000000000000000
000000000000000000000000000000000000000000000000000000000000000000000000000
000000000000000000000000000000000000000000000000000000000000000000000000000
000000000000000000000000000000000000000000000000000000000000000000000000000
000000000000000000000000000000000000000000000000000000000000000000000000000
000000000000000000000000000000000000000000000000000000000000000000000000000
000000000000000000000000000000000000000000000000000000000000000000000000000
000000000000000000000000000000000000000000000000000000000000000000000000000
000000000000000000000000000000000000000000000000000000000000000000000000000
000000000000000000000000000000000000000000000000000000000000000000000000000
000000000000000000000000000000000000000000000000000000000000000000000000000
000000000000000000000000000000000000000000000000000000000000000000000000000
000000000000000000000000000000000000000000000000000000000000000000000000000
000000000000000000000000000000000000000000000000000000000000000000000000000
000000000000000000000000000000000000000000000000000000000000000000000000000
000000000000000000000000000000000000000000000000000000000000000000000000000
000000000000000000000000000000000000000000000000000000000000000000000000000

000000000000000000000000000000000000000000000000000000000000000000000000000
000000000000000000000000000000000000000000000000000000000000000000000000000
000000000000000000000000000000000000000000000000000000000000000000000000000
000000000000000000000000000000000000000000000000000000000000000000000000000
000000000000000000000000000000000000000000000000000000000000000000000000000
000000000000000000000000000000000000000000000000000000000000000000000000000
000000000000000000000000000000000000000000000000000000000000000000000000000
000000000000000000000000000000000000000000000000000000000000000000000000000
000000000000000000000000000000000000000000000000000000000000000000000000000
000000000000000000000000000000000000000000000000000000000000000000000000000
000000000000000000000000000000000000000000000000000000000000000000000000000
000000000000000000000000000000000000000000000000000000000000000000000000000
000000000000000000000000000000000000000000000000000000000000000000000000000
000000000000000000000000000000000000000000000000000000000000000000000000000
000000000000000000000000000000000000000000000000000000000000000000000000000
000000000000000000000000000000000000000000000000000000000000000000000000000
000000000000000000000000111111111111111111111111110000000000000000000000000
000000000000000000000000111111111111111111111111110000000000000000000000000
000000000000000000000000111111111111111111111111110000000000000000000000000
000000000000000000000000111111111111111111111111110000000000000000000000000
000000000000000000000000111111111111111111111111110000000000000000000000000
000000000000000000000000111111111111111111111111110000000000000000000000000
000000000000000000000000111111111111111111111111110000000000000000000000000
000000000000000000000000111111111111111111111111110000000000000000000000000
000000000000000000000000111111111111111111111111110000000000000000000000000
000000000000000000000000111111111111111111111111110000000000000000000000000
000000000000000000000000111111111111111111111111110000000000000000000000000
000000000000000000000000111111111111111111111111110000000000000000000000000
000000000000000000000000111111111111111111111111110000000000000000000000000
000000000000000000000000111111111111111111111111110000000000000000000000000
000000000000000000000000111111111111111111111111110000000000000000000000000
000000000000000000000000111111111111111111111111110000000000000000000000000
000000000000000000000000111111111111111111111111110000000000000000000000000
000000000000000000000000111111111111111111111111110000000000000000000000000
000000000000000000000000111111111111111111111111110000000000000000000000000
000000000000000000000000111111111111111111111111110000000000000000000000000
000000000000000000000000110000000000000000000000110000000000000000000000000
000000000000000000000000110000000000000000000000110000000000000000000000000
000000000000000000000000110000000000000000000000110000000000000000000000000
000000000000000000000000110000000000000000000000110000000000000000000000000
000000000000000000000000110000000000000000000000110000000000000000000000000
000000000000000000000000110000000000000000000000110000000000000000000000000
000000000000000000000000110000000000000000000000110000000000000000000000000
000000000000000000000000110000000000000000000000110000000000000000000000000
000000000000000000000000110000000000000000000000110000000000000000000000000
000000000000000000000000110000000000000000000000110000000000000000000000000
000000000000000000000000110000000000000000000000110000000000000000000000000
000000000000000000000000110000000000000000000000110000000000000000000000000
000000000000000000000000110000000000000000000000110000000000000000000000000
000000000000000000000000110000000000000000000000110000000000000000000000000
000000000000000000000000110000000000000000000000110000000000000000000000000
000000000000000000000000110000000000000000000000110000000000000000000000000
000000000000000000000000110000000000000000000000110000000000000000000000000
000000000000000000000000110000000000000000000000110000000000000000000000000
000000000000000000000000110000000000000000000000110000000000000000000000000
000000000000000000000000110000000000000000000000110000000000000000000000000
000000000000000000000000111111111111111111111111110000000000000000000000000
000000000000000000000000111111111111111111111111110000000000000000000000000
000000000000000000000000000000000000000000000000000000000000000000000000000
000000000000000000000000000000000000000000000000000000000000000000000000000
000000000000000000000000000000000000000000000000000000000000000000000000000
000000000000000000000000000000000000000000000000000000000000000000000000000
000000000000000000000000000000000000000000000000000000000000000000000000000
000000000000000000000000000000000000000000000000000000000000000000000000000
000000000000000000000000000000000000000000000000000000000000000000000000000
000000000000000000000000000000000000000000000000000000000000000000000000000
000000000000000000000000000000000000000000000000000000000000000000000000000
000000000000000000000000000000000000000000000000000000000000000000000000000
000000000000000000000000000000000000000000000000000000000000000000000000000
000000000000000000000000000000000000000000000000000000000000000000000000000
000000000000000000000000000000000000000000000000000000000000000000000000000
000000000000000000000000000000000000000000000000000000000000000000000000000
000000000000000000000000000000000000000000000000000000000000000000000000000
000000000000000000000000000000000000000000000000000000000000000000000000000
000000000000000000000000000000000000000000000000000000000000000000000000000

000000000000000000000000000000000000000000000000000000000000000000000000000
000000000000000000000000000000000000000000000000000000000000000000000000000
000000000000000000000000000000000000000000000000000000000000000000000000000
000000000000000000000000000000000000000000000000000000000000000000000000000
000000000000000000000000000000000000000000000000000000000000000000000000000
000000000000000000000000000000000000000000000000000000000000000000000000000
000000000000000000000000000000000000000000000000000000000000000000000000000
000000000000000000000000000000000000000000000000000000000000000000000000000
000000000000000000000000000000000000000000000000000000000000000000000000000
000000000000000000000000000000000000000000000000000000000000000000000000000
000000000000000000000000000000000000000000000000000000000000000000000000000
000000000000000000000000000000000000000000000000000000000000000000000000000
000000000000000000000000000000000000000000000000000000000000000000000000000
000000000000000000000000000000000000000000000000000000000000000000000000000
000000000000000000000000000000000000000000000000000000000000000000000000000
000000000000000000000000000000000000000000000000000000000000000000000000000
000000000000000000000000000000000000000000000000000000000000000000000000000
000000000000000000000000000000000000000000000000000000000000000000000000000
000000000000000000000000000000000000000000000000000000000000000000000000000
000000000000000000000000000000000000000000000000000000000000000000000000000
000000000000000000000000000000000000000000000000000000000000000000000000000
000000000000000000000000000000000000000000000000000000000000000000000000000
000000000000000000000000000000000000000000000000000000000000000000000000000
000000000000000000000000000000000000000000000000000000000000000000000000000
000000000000000000000000000000000000000000000000000000000000000000000000000
000000000000000000000000000000000000000000000000000000000000000000000000000
000000000000000111111111111111111111111111111111111111111110000000000000000
000000000000000011111111111111111111111111111111111111111100000000000000000
000000000000000001111111111111111111111111111111111111111000000000000000000
000000000000000000111111111111111111111111111111111111110000000000000000000
000000000000000000011111111111111111111111111111111111100000000000000000000
000000000000000000001111111111111111111111111111111111000000000000000000000
000000000000000000000111111111111111111111111111111110000000000000000000000
000000000000000000000011111111111111111111111111111100000000000000000000000
000000000000000000000001111111111111111111111111111000000000000000000000000
000000000000000000000000111111111111111111111111110000000000000000000000000
000000000000000000000000011000000000000000000001100000000000000000000000000
000000000000000000000000001100000000000000000011000000000000000000000000000
000000000000000000000000000110000000000000000110000000000000000000000000000
000000000000000000000000000011000000000000001100000000000000000000000000000
000000000000000000000000000001100000000000011000000000000000000000000000000
000000000000000000000000000000110000000000110000000000000000000000000000000
000000000000000000000000000000011000000001100000000000000000000000000000000
000000000000000000000000000000001100000011000000000000000000000000000000000
000000000000000000000000000000000110000110000000000000000000000000000000000
000000000000000000000000000000000011001100000000000000000000000000000000000
000000000000000000000000000000000001111000000000000000000000000000000000000
000000000000000000000000000000000000110000000000000000000000000000000000000
000000000000000000000000000000000000000000000000000000000000000000000000000
000000000000000000000000000000000000000000000000000000000000000000000000000
000000000000000000000000000000000000000000000000000000000000000000000000000
000000000000000000000000000000000000000000000000000000000000000000000000000
000000000000000000000000000000000000000000000000000000000000000000000000000
000000000000000000000000000000000000000000000000000000000000000000000000000
000000000000000000000000000000000000000000000000000000000000000000000000000
000000000000000000000000000000000000000000000000000000000000000000000000000
000000000000000000000000000000000000000000000000000000000000000000000000000
000000000000000000000000000000000000000000000000000000000000000000000000000
000000000000000000000000000000000000000000000000000000000000000000000000000
000000000000000000000000000000000000000000000000000000000000000000000000000
000000000000000000000000000000000000000000000000000000000000000000000000000
000000000000000000000000000000000000000000000000000000000000000000000000000
000000000000000000000000000000000000000000000000000000000000000000000000000
000000000000000000000000000000000000000000000000000000000000000000000000000
000000000000000000000000000000000000000000000000000000000000000000000000000
000000000000000000000000000000000000000000000000000000000000000000000000000
000000000000000000000000000000000000000000000000000000000000000000000000000
000000000000000000000000000000000000000000000000000000000000000000000000000
000000000000000000000000000000000000000000000000000000000000000000000000000
000000000000000000000000000000000000000000000000000000000000000000000000000
000000000000000000000000000000000000000000000000000000000000000000000000000
000000000000000000000000000000000000000000000000000000000000000000000000000
000000000000000000000000000000000000000000000000000000000000000000000000000
000000000000000000000000000000000000000000000000000000000000000000000000000
000000000000000000000000000000000000000000000000000000000000000000000000000

000000000000000000000000000000000000000000000000000000000000000000000000000
000000000000000000000000000000000000000000000000000000000000000000000000000
000000000000000000000000000000000000000000000000000000000000000000000000000
000000000000000000000000000000000000000000000000000000000000000000000000000
000000000000000000000000000000000000000000000000000000000000000000000000000
000000000000000000000000000000000000000000000000000000000000000000000000000
000000000000000000000000000000000000000000000000000000000000000000000000000
000000000000000000000000000000000000000000000000000000000000000000000000000
000000000000000000000000000000000000000000000000000000000000000000000000000
000000000000000000000000000000000000000000000000000000000000000000000000000
000000000000000000000000000000000000000000000000000000000000000000000000000
000000000000000000000000000000000000000000000000000000000000000000000000000
000000000000000000000000000000000000000000000000000000000000000000000000000
000000000000000000000000000000000000000000000000000000000000000000000000000
000000000000000000000000000000000000000000000000000000000000000000000000000
000000000000000000000000000000000000000000000000000000000000000000000000000
000000000000000000000000000000000000000000000000000000000000000000000000000
000000000000000000000000000000000000000000000000000000000000000000000000000
000000000000000000000000000000000000000000000000000000000000000000000000000
000000000000000000000000000000000000000000000000000000000000000000000000000
000000000000000000000000000000000000000000000000000000000000000000000000000
000000000000000000000000000000000000000000000000000000000000000000000000000
000000000000000000000000000000000000000000000000000000000000000000000000000
000000000000000000000000000000000000000000000000000000000000000000000000000
000000000000000011111111111111111111111111111111111111111100000000000000000
000000000000000011111111111111111111111111111111111111111100000000000000000
000000000000000011111111111111111111111111111111111111111100000000000000000
000000000000000011111111111111111111111111111111111111111100000000000000000
000000000000000011111111111111111111111111111111111111111100000000000000000
000000000000000011111111111111111111111111111111111111111100000000000000000
000000000000000011111111111111111111111111111111111111111100000000000000000
000000000000000011111111111111111111111111111111111111111100000000000000000
000000000000000011111111111111111111111111111111111111111100000000000000000
000000000000000011111111111111111111111111111111111111111100000000000000000
000000000000000011111111111111111111111111111111111111111100000000000000000
000000000000000011111111111111111111111111111111111111111100000000000000000
000000000000000011000000000000000000000000000000000000001100000000000000000
000000000000000011000000000000000000000000000000000000001100000000000000000
000000000000000011000000000000000000000000000000000000001100000000000000000
000000000000000011000000000000000000000000000000000000001100000000000000000
000000000000000011000000000000000000000000000000000000001100000000000000000
000000000000000011000000000000000000000000000000000000001100000000000000000
000000000000000011000000000000000000000000000000000000001100000000000000000
000000000000000011000000000000000000000000000000000000001100000000000000000
000000000000000011000000000000000000000000000000000000001100000000000000000
000000000000000011000000000000000000000000000000000000001100000000000000000
000000000000000011000000000000000000000000000000000000001100000000000000000
000000000000000011000000000000000000000000000000000000001100000000000000000
000000000000000011111111111111111111111111111111111111111100000000000000000
000000000000000011111111111111111111111111111111111111111100000000000000000
000000000000000000000000000000000000000000000000000000000000000000000000000
000000000000000000000000000000000000000000000000000000000000000000000000000
000000000000000000000000000000000000000000000000000000000000000000000000000
000000000000000000000000000000000000000000000000000000000000000000000000000
000000000000000000000000000000000000000000000000000000000000000000000000000
000000000000000000000000000000000000000000000000000000000000000000000000000
000000000000000000000000000000000000000000000000000000000000000000000000000
000000000000000000000000000000000000000000000000000000000000000000000000000
000000000000000000000000000000000000000000000000000000000000000000000000000
000000000000000000000000000000000000000000000000000000000000000000000000000
000000000000000000000000000000000000000000000000000000000000000000000000000
000000000000000000000000000000000000000000000000000000000000000000000000000
000000000000000000000000000000000000000000000000000000000000000000000000000
000000000000000000000000000000000000000000000000000000000000000000000000000
000000000000000000000000000000000000000000000000000000000000000000000000000
000000000000000000000000000000000000000000000000000000000000000000000000000
000000000000000000000000000000000000000000000000000000000000000000000000000
000000000000000000000000000000000000000000000000000000000000000000000000000
000000000000000000000000000000000000000000000000000000000000000000000000000
000000000000000000000000000000000000000000000000000000000000000000000000000
000000000000000000000000000000000000000000000000000000000000000000000000000
000000000000000000000000000000000000000000000000000000000000000000000000000
000000000000000000000000000000000000000000000000000000000000000000000000000
000000000000000000000000000000000000000000000000000000000000000000000000000
000000000000000000000000000000000000000000000000000000000000000000000000000

== SDRs ==
00000000000000001000000100001110
00000000010010010000001100000001
01110001101100000000000000000000
00000000000000000010100001100100
00000011001000000000000000000000
00111001000010001000000001000001
01000001010001100010000000011100
00000010000100100001101100011000
00000000000100100010101011110010
00000000000010001000000010010000
00001000001000000000000000101000
00100010001000000010100000000000
01000000100010001000001011010000
00000000000000000000010000101000
00000010101001100001101000001001
00010010100000000010010100001000
10000100000110000000010010001100
00000000000100100000000000000000
00000010010000000000000000110010
01101001000000000000001111000100
00000110100000110000010001000000
00001000000001001010000101000000
00000100000101000001001010001000
00000000001110100001001100001000
00110000010010000000000000100000
00100000101000000010000110010100
01000010110001100000010001000010
01010100001010000111001000001100
00100010110001000001001000100010
00000010000000110100100010001000
00101000100100001010000000000101
00101110000011000100100000000100

00000000000000001000000100001110
00000000010010010000001100000001
01110001101100000000000000000000
00000000000000000010100001100100
00000011001000000000000000000000
00111001000010001000000001000001
01000001010001100010000000011100
00000010000100100001101100011000
00000000000100100010101011110010
00000000000010001000000010010000
00001000001000000000000000101000
00100010001000000010100000000000
01000000100010001000001011010000
00000000000000000000010000101000
00000010101001100001101000001001
00010010100000000010010100001000
10000100000110000000010010001100
00000000000100100000000000000000
00000010010000000000000000110010
01101001000000000000001111000100
00000110100000110000010001000000
00001000000001001010000101000000
00000100000101000001001010001000
00000000001110100001001100001000
00110000010010000000000000100000
00100000101000000010000110010100
01000010110001100000010001000010
01010100001010000111001000001100
00100010110001000001001000100010
00000010000000110100100010001000
00101000100100001010000000000101
00101110000011000100100000000100

00000000000000001000000100001110
00000000010010010000001100000001
01110001101100000000000000000000
00000000000000000010100001100100
00000011001000000000000000000000
00111001000010001000000001000001
01000001010001100010000000011100
00000010000100100001101100011000
00000000000100100010101011110010
00000000000010001000000010010000
00001000001000000000000000101000
00100010001000000010100000000000
01000000100010001000001011010000
00000000000000000000010000101000
00000010101001100001101000001001
00010010100000000010010100001000
10000100000110000000010010001100
00000000000100100000000000000000
00000010010000000000000000110010
01101001000000000000001111000100
00000110100000110000010001000000
00001000000001001010000101000000
00000100000101000001001010001000
00000000001110100001001100001000
00110000010010000000000000100000
00100000101000000010000110010100
01000010110001100000010001000010
01010100001010000111001000001100
00100010110001000001001000100010
00000010000000110100100010001000
00101000100100001010000000000101
00101110000011000100100000000100

00000000000000001000000100001110
00000000010010010000001100000001
01110001101100000000000000000000
00000000000000000010100001100100
00000011001000000000000000000000
00111001000010001000000001000001
01000001010001100010000000011100
00000010000100100001101100011000
00000000000100100010101011110010
00000000000010001000000010010000
00001000001000000000000000101000
00100010001000000010100000000000
01000000100010001000001011010000
00000000000000000000010000101000
00000010101001100001101000001001
00010010100000000010010100001000
10000100000110000000010010001100
00000000000100100000000000000000
00000010010000000000000000110010
01101001000000000000001111000100
00000110100000110000010001000000
00001000000001001010000101000000
00000100000101000001001010001000
00000000001110100001001100001000
00110000010010000000000000100000
00100000101000000010000110010100
01000010110001100000010001000010
01010100001010000111001000001100
00100010110001000001001000100010
00000010000000110100100010001000
00101000100100001010000000000101
00101110000011000100100000000100

00000100000000000000000110010010
00000000110110010000001100000001
01000000001100000000000000010010
01100000010000100010101010100101
00000000000000001000100000000010
00111000100000000000110000000001
11000001100100000000000001010100
00000010000100000001101100010000
00000100000000100110001011100000
01000100000000000000100100010000
00000000011000100100000010000000
01000000001000010010100000000000
01100000110000001010001111010101
00001000000000000000000000101001
00000110100001110010011000000000
00000000100010001010000000000000
00100100000001000000010010001000
00001000100100100000000011000001
00001100000000010100000001110010
01100000000100000000000010001100
00000100100000110000010001000000
00011010001101001000000100000001
10000110001101000101000000001000
00000001000000100100000000001100
10010000000001000000000000000000
01100000100000000110100111110100
01000010001001100000110001000010
00010100000010000111001000001100
00001010100000000000001000000010
01000000000100000100100000000000
00101000000000000011100000100001
00001100000011000100110000000100

01001000100100110010000111000010
00011000010100001110000100000001
00010000110001000000000100000000
01000100010101100011110011001100
10001101000011001000001011001000
00000001010001011001101100101011
01010000110000110000000000011000
00000111000101001000100001010100
00000010100000000011011010111001
00101001010110001000011000110010
00001010001001010100000011001101
10101001100000000011001000000100
01010100111100000001000101010000
01010001010000100100011000101000
00010110110000000100001010000001
01000000000000100000010000001000
00000101101100100100100000000000
11001000001000010011010001000000
10001001000000111000001100010000
01100110000001000110000100001100
00100000010000011000000110000011
01001001011000100000000100000111
11010001010000110000101000010001
00110000010010001000000000100110
10010000001010001000111000001000
00001000001000001010001101000100
00011010101001010000100000100110
00000101101111010001111001010000
10000010010011110001010100001010
01001001100000000110001100001110
00000000100100000010010110010100
10000000000000010000010100101011

01000100010001000100000000010010
00000000100110000110000000000011
00010000001100000000000000011000
00000000010000010010001010000100
10000000000000010100100001100000
10011001000000000000101001000101
11000011010001000000001000101000
00011011010110010001101101001100
00100000001000000010001001010010
00000100000000000000100010010010
00000000100000000100000000101001
00000000000000100011001100000010
00000000110110000000001001000100
00000000000000001000001000101001
00000010100001100111111010001000
01000000000000000010000100000100
00110100100011001000010000001101
00011000000100110000010111000001
00001100010000010001001101110000
01101001000000100000001010001100
00000100100000001000010001000000
01000010000100100001000100001001
00000100000001000110000000010000
00010100000000100101000010000001
10000010000001000000000000110000
01100000101010000100100100010100
01000010000011100000000001100010
00000010000000000111101010001100
00000010001001000000000100000010
00001010000001010100000000000010
00100000100000000011000000000101
00101100000001010110010000100001

10001001000010001010000100001110
10000000100010000101010000000001
10010001001001000010000001000000
01000000100100010010100010001001
00000000000011001010000000100111
00010000000000010000110001000001
01000011110110100000000000010100
00100111000000100001110100000000
00000001100000101001000100110010
00000101000000101001010100010000
01000100101110000000000000000100
00100000111000001011100000000100
01000100110111001001001000000101
00000000010000000100001001100001
00010010111010110000100010001000
01000100000000000000010001001000
10000100010111000000000010000011
00000001110100010000010011011000
00000111010000010010001001000100
01101000100100100000001110000000
00000010000000010010011001000001
10010010000101100001000101000000
00000100010101010001000100001001
00001001010100100000001000000101
00010000000010000000000000001001
00100010000010000110000100010100
00001100100101100000010000000010
00010110001011000011001000000100
10100000000000000000001000000010
00000000000000001101111100101000
00100000100100010001000000100101
00000100000001000000110000100101

01000000001000001001000100000010
00000000000000010001000000000001
01000100001100000000000001001000
01000000110000100010111110000000
00100001010000001000100000000000
00111000100000010000110000000011
01000001100010100000001000000100
00000101000000000101001000000000
10000000000010000010011000100000
00000101000000001000110000000000
01000000101000000000000000000000
10000000010000000010100000010000
01000000100000001001011000000100
00000001000010000000000001100001
00000010100011100000000100000101
00000100100010001000001000001000
00000001000000000000000001001010
00000000110100100000000010000000
00000000000000000000000010000000
00101000100000000000000110000000
00000110100000110000011001000001
00000011000101010000000110000001
00000000011101000001000000001001
00000011001100101000001001000100
00000001000010000000010000000001
00100000100000000110000110010100
01001100101000100001000000000010
00010110001010000101001011001100
00100000100011000000001000000010
00000001000000001100001000000000
00101000000100010000000110100000
00001000000011000000100100000100

