== Attributes ==
title=16_const_triangle_h2
type= 2x2
result=3
window_size=(75, 75)

== Input ==
000000000000000000000000000000000000000000000000000000000000000000000000000
000000000000000000000000000000000000000000000000000000000000000000000000000
000000000000000000000000000000000000000000000000000000000000000000000000000
000000000000000000000000000000000000000000000000000000000000000000000000000
000000000000000000000000000000000000000000000000000000000000000000000000000
000000000000000000000000000000000000000000000000000000000000000000000000000
000000000000000000000000000000000000000000000000000000000000000000000000000
000000000000000000000000000000000000000000000000000000000000000000000000000
000000000000000000000000000000000000000000000000000000000000000000000000000
000000000000000000000000000000000000000000000000000000000000000000000000000
000000000000000000000000000000000000000000000000000000000000000000000000000
000000000000000000000000000000000000000000000000000000000000000000000000000
000000000000000000000000000000000000000000000000000000000000000000000000000
000000000000000000000000000000000000000000000000000000000000000000000000000
000000000000000000000000000000000000000000000000000000000000000000000000000
000000000000000000000000000000000000000000000000000000000000000000000000000
000000000000000000000000000000000000000000000000000000000000000000000000000
000000000000000000000000000000000000000000000000000000000000000000000000000
000000000000000000000000000000000000000000000000000000000000000000000000000
000000000000000000000000000000000000000000000000000000000000000000000000000
000000000000000000000000000000000000000000000000000000000000000000000000000
000000000000000000000000000000000000000000000000000000000000000000000000000
000000000000000000000000000000000000000000000000000000000000000000000000000
000000000000000000000000000000000000000000000000000000000000000000000000000
000000000000000000000000000000000000000000000000000000000000000000000000000
000000000000000000000000000000000000000000000000000000000000000000000000000
000000000000000000000000000000000000110000000000000000000000000000000000000
000000000000000000000000000000000001111000000000000000000000000000000000000
000000000000000000000000000000000011001100000000000000000000000000000000000
000000000000000000000000000000000110000110000000000000000000000000000000000
000000000000000000000000000000001100000011000000000000000000000000000000000
000000000000000000000000000000011000000001100000000000000000000000000000000
000000000000000000000000000000110000000000110000000000000000000000000000000
000000000000000000000000000001100000000000011000000000000000000000000000000
000000000000000000000000000011000000000000001100000000000000000000000000000
000000000000000000000000000110000000000000000110000000000000000000000000000
000000000000000000000000001111111111111111111111000000000000000000000000000
000000000000000000000000011111111111111111111111100000000000000000000000000
000000000000000000000000111111111111111111111111110000000000000000000000000
000000000000000000000001111111111111111111111111111000000000000000000000000
000000000000000000000011111111111111111111111111111100000000000000000000000
000000000000000000000111111111111111111111111111111110000000000000000000000
000000000000000000001111111111111111111111111111111111000000000000000000000
000000000000000000011111111111111111111111111111111111100000000000000000000
000000000000000000111111111111111111111111111111111111110000000000000000000
000000000000000001111111111111111111111111111111111111111000000000000000000
000000000000000011111111111111111111111111111111111111111100000000000000000
000000000000000111111111111111111111111111111111111111111110000000000000000
000000000000000000000000000000000000000000000000000000000000000000000000000
000000000000000000000000000000000000000000000000000000000000000000000000000
000000000000000000000000000000000000000000000000000000000000000000000000000
000000000000000000000000000000000000000000000000000000000000000000000000000
000000000000000000000000000000000000000000000000000000000000000000000000000
000000000000000000000000000000000000000000000000000000000000000000000000000
000000000000000000000000000000000000000000000000000000000000000000000000000
000000000000000000000000000000000000000000000000000000000000000000000000000
000000000000000000000000000000000000000000000000000000000000000000000000000
000000000000000000000000000000000000000000000000000000000000000000000000000
000000000000000000000000000000000000000000000000000000000000000000000000000
000000000000000000000000000000000000000000000000000000000000000000000000000
000000000000000000000000000000000000000000000000000000000000000000000000000
000000000000000000000000000000000000000000000000000000000000000000000000000
000000000000000000000000000000000000000000000000000000000000000000000000000
000000000000000000000000000000000000000000000000000000000000000000000000000
000000000000000000000000000000000000000000000000000000000000000000000000000
000000000000000000000000000000000000000000000000000000000000000000000000000
000000000000000000000000000000000000000000000000000000000000000000000000000
000000000000000000000000000000000000000000000000000000000000000000000000000
000000000000000000000000000000000000000000000000000000000000000000000000000
000000000000000000000000000000000000000000000000000000000000000000000000000
000000000000000000000000000000000000000000000000000000000000000000000000000
000000000000000000000000000000000000000000000000000000000000000000000000000
000000000000000000000000000000000000000000000000000000000000000000000000000
000000000000000000000000000000000000000000000000000000000000000000000000000
000000000000000000000000000000000000000000000000000000000000000000000000000

000000000000000000000000000000000000000000000000000000000000000000000000000
000000000000000000000000000000000000000000000000000000000000000000000000000
000000000000000000000000000000000000000000000000000000000000000000000000000
000000000000000000000000000000000000000000000000000000000000000000000000000
000000000000000000000000000000000000000000000000000000000000000000000000000
000000000000000000000000000000000000000000000000000000000000000000000000000
000000000000000000000000000000000000000000000000000000000000000000000000000
000000000000000000000000000000000000000000000000000000000000000000000000000
000000000000000000000000000000000000000000000000000000000000000000000000000
000000000000000000000000000000000000000000000000000000000000000000000000000
000000000000000000000000000000000000000000000000000000000000000000000000000
000000000000000000000000000000000000000000000000000000000000000000000000000
000000000000000000000000000000000000000000000000000000000000000000000000000
000000000000000000000000000000000000000000000000000000000000000000000000000
000000000000000000000000000000000000000000000000000000000000000000000000000
000000000000000000000000000000000000000000000000000000000000000000000000000
000000000000000000000000000000000000000000000000000000000000000000000000000
000000000000000000000000000000000000000000000000000000000000000000000000000
000000000000000000000000000000000000000000000000000000000000000000000000000
000000000000000000000000000000000000000000000000000000000000000000000000000
000000000000000000000000000000000000000000000000000000000000000000000000000
000000000000000000000000000000000000000000000000000000000000000000000000000
000000000000000000000000000000000000000000000000000000000000000000000000000
000000000000000000000000000000000000000000000000000000000000000000000000000
000000000000000000000000000000000000000000000000000000000000000000000000000
000000000000000000000000000000000000000000000000000000000000000000000000000
000000000000000000000000000000000000110000000000000000000000000000000000000
000000000000000000000000000000000001111000000000000000000000000000000000000
000000000000000000000000000000000011001100000000000000000000000000000000000
000000000000000000000000000000000110000110000000000000000000000000000000000
000000000000000000000000000000001100000011000000000000000000000000000000000
000000000000000000000000000000011000000001100000000000000000000000000000000
000000000000000000000000000000110000000000110000000000000000000000000000000
000000000000000000000000000001100000000000011000000000000000000000000000000
000000000000000000000000000011000000000000001100000000000000000000000000000
000000000000000000000000000110000000000000000110000000000000000000000000000
000000000000000000000000001111111111111111111111000000000000000000000000000
000000000000000000000000011111111111111111111111100000000000000000000000000
000000000000000000000000111111111111111111111111110000000000000000000000000
000000000000000000000001111111111111111111111111111000000000000000000000000
000000000000000000000011111111111111111111111111111100000000000000000000000
000000000000000000000111111111111111111111111111111110000000000000000000000
000000000000000000001111111111111111111111111111111111000000000000000000000
000000000000000000011111111111111111111111111111111111100000000000000000000
000000000000000000111111111111111111111111111111111111110000000000000000000
000000000000000001111111111111111111111111111111111111111000000000000000000
000000000000000011111111111111111111111111111111111111111100000000000000000
000000000000000111111111111111111111111111111111111111111110000000000000000
000000000000000000000000000000000000000000000000000000000000000000000000000
000000000000000000000000000000000000000000000000000000000000000000000000000
000000000000000000000000000000000000000000000000000000000000000000000000000
000000000000000000000000000000000000000000000000000000000000000000000000000
000000000000000000000000000000000000000000000000000000000000000000000000000
000000000000000000000000000000000000000000000000000000000000000000000000000
000000000000000000000000000000000000000000000000000000000000000000000000000
000000000000000000000000000000000000000000000000000000000000000000000000000
000000000000000000000000000000000000000000000000000000000000000000000000000
000000000000000000000000000000000000000000000000000000000000000000000000000
000000000000000000000000000000000000000000000000000000000000000000000000000
000000000000000000000000000000000000000000000000000000000000000000000000000
000000000000000000000000000000000000000000000000000000000000000000000000000
000000000000000000000000000000000000000000000000000000000000000000000000000
000000000000000000000000000000000000000000000000000000000000000000000000000
000000000000000000000000000000000000000000000000000000000000000000000000000
000000000000000000000000000000000000000000000000000000000000000000000000000
000000000000000000000000000000000000000000000000000000000000000000000000000
000000000000000000000000000000000000000000000000000000000000000000000000000
000000000000000000000000000000000000000000000000000000000000000000000000000
000000000000000000000000000000000000000000000000000000000000000000000000000
000000000000000000000000000000000000000000000000000000000000000000000000000
000000000000000000000000000000000000000000000000000000000000000000000000000
000000000000000000000000000000000000000000000000000000000000000000000000000
000000000000000000000000000000000000000000000000000000000000000000000000000
000000000000000000000000000000000000000000000000000000000000000000000000000
000000000000000000000000000000000000000000000000000000000000000000000000000

000000000000000000000000000000000000000000000000000000000000000000000000000
000000000000000000000000000000000000000000000000000000000000000000000000000
000000000000000000000000000000000000000000000000000000000000000000000000000
000000000000000000000000000000000000000000000000000000000000000000000000000
000000000000000000000000000000000000000000000000000000000000000000000000000
000000000000000000000000000000000000000000000000000000000000000000000000000
000000000000000000000000000000000000000000000000000000000000000000000000000
000000000000000000000000000000000000000000000000000000000000000000000000000
000000000000000000000000000000000000000000000000000000000000000000000000000
000000000000000000000000000000000000000000000000000000000000000000000000000
000000000000000000000000000000000000000000000000000000000000000000000000000
000000000000000000000000000000000000000000000000000000000000000000000000000
000000000000000000000000000000000000000000000000000000000000000000000000000
000000000000000000000000000000000000000000000000000000000000000000000000000
000000000000000000000000000000000000000000000000000000000000000000000000000
000000000000000000000000000000000000000000000000000000000000000000000000000
000000000000000000000000000000000000000000000000000000000000000000000000000
000000000000000000000000000000000000000000000000000000000000000000000000000
000000000000000000000000000000000000000000000000000000000000000000000000000
000000000000000000000000000000000000000000000000000000000000000000000000000
000000000000000000000000000000000000000000000000000000000000000000000000000
000000000000000000000000000000000000000000000000000000000000000000000000000
000000000000000000000000000000000000000000000000000000000000000000000000000
000000000000000000000000000000000000000000000000000000000000000000000000000
000000000000000000000000000000000000000000000000000000000000000000000000000
000000000000000000000000000000000000000000000000000000000000000000000000000
000000000000000000000000000000000000110000000000000000000000000000000000000
000000000000000000000000000000000001111000000000000000000000000000000000000
000000000000000000000000000000000011001100000000000000000000000000000000000
000000000000000000000000000000000110000110000000000000000000000000000000000
000000000000000000000000000000001100000011000000000000000000000000000000000
000000000000000000000000000000011000000001100000000000000000000000000000000
000000000000000000000000000000110000000000110000000000000000000000000000000
000000000000000000000000000001100000000000011000000000000000000000000000000
000000000000000000000000000011000000000000001100000000000000000000000000000
000000000000000000000000000110000000000000000110000000000000000000000000000
000000000000000000000000001111111111111111111111000000000000000000000000000
000000000000000000000000011111111111111111111111100000000000000000000000000
000000000000000000000000111111111111111111111111110000000000000000000000000
000000000000000000000001111111111111111111111111111000000000000000000000000
000000000000000000000011111111111111111111111111111100000000000000000000000
000000000000000000000111111111111111111111111111111110000000000000000000000
000000000000000000001111111111111111111111111111111111000000000000000000000
000000000000000000011111111111111111111111111111111111100000000000000000000
000000000000000000111111111111111111111111111111111111110000000000000000000
000000000000000001111111111111111111111111111111111111111000000000000000000
000000000000000011111111111111111111111111111111111111111100000000000000000
000000000000000111111111111111111111111111111111111111111110000000000000000
000000000000000000000000000000000000000000000000000000000000000000000000000
000000000000000000000000000000000000000000000000000000000000000000000000000
000000000000000000000000000000000000000000000000000000000000000000000000000
000000000000000000000000000000000000000000000000000000000000000000000000000
000000000000000000000000000000000000000000000000000000000000000000000000000
000000000000000000000000000000000000000000000000000000000000000000000000000
000000000000000000000000000000000000000000000000000000000000000000000000000
000000000000000000000000000000000000000000000000000000000000000000000000000
000000000000000000000000000000000000000000000000000000000000000000000000000
000000000000000000000000000000000000000000000000000000000000000000000000000
000000000000000000000000000000000000000000000000000000000000000000000000000
000000000000000000000000000000000000000000000000000000000000000000000000000
000000000000000000000000000000000000000000000000000000000000000000000000000
000000000000000000000000000000000000000000000000000000000000000000000000000
000000000000000000000000000000000000000000000000000000000000000000000000000
000000000000000000000000000000000000000000000000000000000000000000000000000
000000000000000000000000000000000000000000000000000000000000000000000000000
000000000000000000000000000000000000000000000000000000000000000000000000000
000000000000000000000000000000000000000000000000000000000000000000000000000
000000000000000000000000000000000000000000000000000000000000000000000000000
000000000000000000000000000000000000000000000000000000000000000000000000000
000000000000000000000000000000000000000000000000000000000000000000000000000
000000000000000000000000000000000000000000000000000000000000000000000000000
000000000000000000000000000000000000000000000000000000000000000000000000000
000000000000000000000000000000000000000000000000000000000000000000000000000
000000000000000000000000000000000000000000000000000000000000000000000000000
000000000000000000000000000000000000000000000000000000000000000000000000000

== Output ==
000000000000000000000000000000000000000000000000000000000000000000000000000
000000000000000000000000000000000000000000000000000000000000000000000000000
000000000000000000000000000000000000000000000000000000000000000000000000000
000000000000000000000000000000000000000000000000000000000000000000000000000
000000000000000000000000000000000000000000000000000000000000000000000000000
000000000000000000000000000000000000000000000000000000000000000000000000000
000000000000000000000000000000000000000000000000000000000000000000000000000
000000000000000000000000000000000000000000000000000000000000000000000000000
000000000000000000000000000000000000000000000000000000000000000000000000000
000000000000000000000000000000000000000000000000000000000000000000000000000
000000000000000000000000000000000000000000000000000000000000000000000000000
000000000000000000000000000000000000000000000000000000000000000000000000000
000000000000000000000000000000000000000000000000000000000000000000000000000
000000000000000000000000000000000000000000000000000000000000000000000000000
000000000000000000000000000000000000000000000000000000000000000000000000000
000000000000000000000000000000000000000000000000000000000000000000000000000
000000000000000000000000000000000000000000000000000000000000000000000000000
000000000000000000000000000000000000000000000000000000000000000000000000000
000000000000000000000000000000000000000000000000000000000000000000000000000
000000000000000000000000000000000000000000000000000000000000000000000000000
000000000000000000001111111111111111111111111111111111000000000000000000000
000000000000000000001111111111111111111111111111111111000000000000000000000
000000000000000000001100000000000000000000000000000011000000000000000000000
000000000000000000001100000000000000000000000000000011000000000000000000000
000000000000000000001100000000000000000000000000000011000000000000000000000
000000000000000000001100000000000000000000000000000011000000000000000000000
000000000000000000001100000000000000000000000000000011000000000000000000000
000000000000000000001100000000000000000000000000000011000000000000000000000
000000000000000000001100000000000000000000000000000011000000000000000000000
000000000000000000001100000000000000000000000000000011000000000000000000000
000000000000000000001100000000000000000000000000000011000000000000000000000
000000000000000000001100000000000000000000000000000011000000000000000000000
000000000000000000001100000000000000000000000000000011000000000000000000000
000000000000000000001100000000000000000000000000000011000000000000000000000
000000000000000000001100000000000000000000000000000011000000000000000000000
000000000000000000001100000000000000000000000000000011000000000000000000000
000000000000000000001111111111111111111111111111111111000000000000000000000
000000000000000000001111111111111111111111111111111111000000000000000000000
000000000000000000001111111111111111111111111111111111000000000000000000000
000000000000000000001111111111111111111111111111111111000000000000000000000
000000000000000000001111111111111111111111111111111111000000000000000000000
000000000000000000001111111111111111111111111111111111000000000000000000000
000000000000000000001111111111111111111111111111111111000000000000000000000
000000000000000000001111111111111111111111111111111111000000000000000000000
000000000000000000001111111111111111111111111111111111000000000000000000000
000000000000000000001111111111111111111111111111111111000000000000000000000
000000000000000000001111111111111111111111111111111111000000000000000000000
000000000000000000001111111111111111111111111111111111000000000000000000000
000000000000000000001111111111111111111111111111111111000000000000000000000
000000000000000000001111111111111111111111111111111111000000000000000000000
000000000000000000001111111111111111111111111111111111000000000000000000000
000000000000000000001111111111111111111111111111111111000000000000000000000
000000000000000000001111111111111111111111111111111111000000000000000000000
000000000000000000001111111111111111111111111111111111000000000000000000000
000000000000000000000000000000000000000000000000000000000000000000000000000
000000000000000000000000000000000000000000000000000000000000000000000000000
000000000000000000000000000000000000000000000000000000000000000000000000000
000000000000000000000000000000000000000000000000000000000000000000000000000
000000000000000000000000000000000000000000000000000000000000000000000000000
000000000000000000000000000000000000000000000000000000000000000000000000000
000000000000000000000000000000000000000000000000000000000000000000000000000
000000000000000000000000000000000000000000000000000000000000000000000000000
000000000000000000000000000000000000000000000000000000000000000000000000000
000000000000000000000000000000000000000000000000000000000000000000000000000
000000000000000000000000000000000000000000000000000000000000000000000000000
000000000000000000000000000000000000000000000000000000000000000000000000000
000000000000000000000000000000000000000000000000000000000000000000000000000
000000000000000000000000000000000000000000000000000000000000000000000000000
000000000000000000000000000000000000000000000000000000000000000000000000000
000000000000000000000000000000000000000000000000000000000000000000000000000
000000000000000000000000000000000000000000000000000000000000000000000000000
000000000000000000000000000000000000000000000000000000000000000000000000000
000000000000000000000000000000000000000000000000000000000000000000000000000
000000000000000000000000000000000000000000000000000000000000000000000000000
000000000000000000000000000000000000000000000000000000000000000000000000000

000000000000000000000000000000000000000000000000000000000000000000000000000
000000000000000000000000000000000000000000000000000000000000000000000000000
000000000000000000000000000000000000000000000000000000000000000000000000000
000000000000000000000000000000000000000000000000000000000000000000000000000
000000000000000000000000000000000000000000000000000000000000000000000000000
000000000000000000000000000000000000000000000000000000000000000000000000000
000000000000000000000000000000000000000000000000000000000000000000000000000
000000000000000000000000000000000000000000000000000000000000000000000000000
000000000000000000000000000000000000000000000000000000000000000000000000000
000000000000000000000000000000000000000000000000000000000000000000000000000
000000000000000000000000000000000000000000000000000000000000000000000000000
000000000000000000000000000000000000000000000000000000000000000000000000000
000000000000000000000000000000000000000000000000000000000000000000000000000
000000000000000000000000000000000000000000000000000000000000000000000000000
000000000000000000000000000000000000000000000000000000000000000000000000000
000000000000000000000000000000000000100000000000000000000000000000000000000
000000000000000000000000000000111111111111100000000000000000000000000000000
000000000000000000000000000011111111111111111000000000000000000000000000000
000000000000000000000000001111000000000000011110000000000000000000000000000
000000000000000000000000111100000000000000000111100000000000000000000000000
000000000000000000000001110000000000000000000001110000000000000000000000000
000000000000000000000011100000000000000000000000111000000000000000000000000
000000000000000000000111000000000000000000000000011100000000000000000000000
000000000000000000001110000000000000000000000000001110000000000000000000000
000000000000000000011100000000000000000000000000000111000000000000000000000
000000000000000000011000000000000000000000000000000011000000000000000000000
000000000000000000110000000000000000000000000000000001100000000000000000000
000000000000000000110000000000000000000000000000000001100000000000000000000
000000000000000001100000000000000000000000000000000000110000000000000000000
000000000000000001100000000000000000000000000000000000110000000000000000000
000000000000000011000000000000000000000000000000000000011000000000000000000
000000000000000011000000000000000000000000000000000000011000000000000000000
000000000000000011000000000000000000000000000000000000011000000000000000000
000000000000000011000000000000000000000000000000000000011000000000000000000
000000000000000011000000000000000000000000000000000000011000000000000000000
000000000000000011000000000000000000000000000000000000011000000000000000000
000000000000000111111111111111111111111111111111111111111100000000000000000
000000000000000011111111111111111111111111111111111111111000000000000000000
000000000000000011111111111111111111111111111111111111111000000000000000000
000000000000000011111111111111111111111111111111111111111000000000000000000
000000000000000011111111111111111111111111111111111111111000000000000000000
000000000000000011111111111111111111111111111111111111111000000000000000000
000000000000000011111111111111111111111111111111111111111000000000000000000
000000000000000001111111111111111111111111111111111111110000000000000000000
000000000000000001111111111111111111111111111111111111110000000000000000000
000000000000000000111111111111111111111111111111111111100000000000000000000
000000000000000000111111111111111111111111111111111111100000000000000000000
000000000000000000011111111111111111111111111111111111000000000000000000000
000000000000000000011111111111111111111111111111111111000000000000000000000
000000000000000000001111111111111111111111111111111110000000000000000000000
000000000000000000000111111111111111111111111111111100000000000000000000000
000000000000000000000011111111111111111111111111111000000000000000000000000
000000000000000000000001111111111111111111111111110000000000000000000000000
000000000000000000000000111111111111111111111111100000000000000000000000000
000000000000000000000000001111111111111111111110000000000000000000000000000
000000000000000000000000000011111111111111111000000000000000000000000000000
000000000000000000000000000000111111111111100000000000000000000000000000000
000000000000000000000000000000000000100000000000000000000000000000000000000
000000000000000000000000000000000000000000000000000000000000000000000000000
000000000000000000000000000000000000000000000000000000000000000000000000000
000000000000000000000000000000000000000000000000000000000000000000000000000
000000000000000000000000000000000000000000000000000000000000000000000000000
000000000000000000000000000000000000000000000000000000000000000000000000000
000000000000000000000000000000000000000000000000000000000000000000000000000
000000000000000000000000000000000000000000000000000000000000000000000000000
000000000000000000000000000000000000000000000000000000000000000000000000000
000000000000000000000000000000000000000000000000000000000000000000000000000
000000000000000000000000000000000000000000000000000000000000000000000000000
000000000000000000000000000000000000000000000000000000000000000000000000000
000000000000000000000000000000000000000000000000000000000000000000000000000
000000000000000000000000000000000000000000000000000000000000000000000000000
000000000000000000000000000000000000000000000000000000000000000000000000000
000000000000000000000000000000000000000000000000000000000000000000000000000
000000000000000000000000000000000000000000000000000000000000000000000000000
000000000000000000000000000000000000000000000000000000000000000000000000000

000000000000000000000000000000000000000000000000000000000000000000000000000
000000000000000000000000000000000000000000000000000000000000000000000000000
000000000000000000000000000000000000000000000000000000000000000000000000000
000000000000000000000000000000000000000000000000000000000000000000000000000
000000000000000000000000000000000000000000000000000000000000000000000000000
000000000000000000000000000000000000000000000000000000000000000000000000000
000000000000000000000000000000000000000000000000000000000000000000000000000
000000000000000000000000000000000000000000000000000000000000000000000000000
000000000000000000000000000000000000000000000000000000000000000000000000000
000000000000000000000000000000000000000000000000000000000000000000000000000
000000000000000000000000000000000000000000000000000000000000000000000000000
000000000000000000000000000000000000000000000000000000000000000000000000000
000000000000000000000000000000000000000000000000000000000000000000000000000
000000000000000000000000000000000000000000000000000000000000000000000000000
000000000000000000000000000000000000000000000000000000000000000000000000000
000000000000000000000000000000000000000000000000000000000000000000000000000
000000000000000000000000000000000000000000000000000000000000000000000000000
000000000000000000000000000000000000000000000000000000000000000000000000000
000000000000000000000000000000000000000000000000000000000000000000000000000
000000000000000000000000000000000000000000000000000000000000000000000000000
000000000000000000000000000000000000000000000000000000000000000000000000000
000000000000000000000000000000000000000000000000000000000000000000000000000
000000000000000000000000000000000000000000000000000000000000000000000000000
000000000000000000000000000000000000000000000000000000000000000000000000000
000000000000000000000000000000000000000000000000000000000000000000000000000
000000000000000000000000000000000000000000000000000000000000000000000000000
000000000000000000000000000000000000110000000000000000000000000000000000000
000000000000000000000000000000000001111000000000000000000000000000000000000
000000000000000000000000000000000011001100000000000000000000000000000000000
000000000000000000000000000000000110000110000000000000000000000000000000000
000000000000000000000000000000001100000011000000000000000000000000000000000
000000000000000000000000000000011000000001100000000000000000000000000000000
000000000000000000000000000000110000000000110000000000000000000000000000000
000000000000000000000000000001100000000000011000000000000000000000000000000
000000000000000000000000000011000000000000001100000000000000000000000000000
000000000000000000000000000110000000000000000110000000000000000000000000000
000000000000000000000000001111111111111111111111000000000000000000000000000
000000000000000000000000011111111111111111111111100000000000000000000000000
000000000000000000000000111111111111111111111111110000000000000000000000000
000000000000000000000001111111111111111111111111111000000000000000000000000
000000000000000000000011111111111111111111111111111100000000000000000000000
000000000000000000000111111111111111111111111111111110000000000000000000000
000000000000000000001111111111111111111111111111111111000000000000000000000
000000000000000000011111111111111111111111111111111111100000000000000000000
000000000000000000111111111111111111111111111111111111110000000000000000000
000000000000000001111111111111111111111111111111111111111000000000000000000
000000000000000011111111111111111111111111111111111111111100000000000000000
000000000000000111111111111111111111111111111111111111111110000000000000000
000000000000000000000000000000000000000000000000000000000000000000000000000
000000000000000000000000000000000000000000000000000000000000000000000000000
000000000000000000000000000000000000000000000000000000000000000000000000000
000000000000000000000000000000000000000000000000000000000000000000000000000
000000000000000000000000000000000000000000000000000000000000000000000000000
000000000000000000000000000000000000000000000000000000000000000000000000000
000000000000000000000000000000000000000000000000000000000000000000000000000
000000000000000000000000000000000000000000000000000000000000000000000000000
000000000000000000000000000000000000000000000000000000000000000000000000000
000000000000000000000000000000000000000000000000000000000000000000000000000
000000000000000000000000000000000000000000000000000000000000000000000000000
000000000000000000000000000000000000000000000000000000000000000000000000000
000000000000000000000000000000000000000000000000000000000000000000000000000
000000000000000000000000000000000000000000000000000000000000000000000000000
000000000000000000000000000000000000000000000000000000000000000000000000000
000000000000000000000000000000000000000000000000000000000000000000000000000
000000000000000000000000000000000000000000000000000000000000000000000000000
000000000000000000000000000000000000000000000000000000000000000000000000000
000000000000000000000000000000000000000000000000000000000000000000000000000
000000000000000000000000000000000000000000000000000000000000000000000000000
000000000000000000000000000000000000000000000000000000000000000000000000000
000000000000000000000000000000000000000000000000000000000000000000000000000
000000000000000000000000000000000000000000000000000000000000000000000000000
000000000000000000000000000000000000000000000000000000000000000000000000000
000000000000000000000000000000000000000000000000000000000000000000000000000
000000000000000000000000000000000000000000000000000000000000000000000000000
000000000000000000000000000000000000000000000000000000000000000000000000000

000000000000000000000000000000000000000000000000000000000000000000000000000
000000000000000000000000000000000000000000000000000000000000000000000000000
000000000000000000000000000000000000000000000000000000000000000000000000000
000000000000000000000000000000000000000000000000000000000000000000000000000
000000000000000000000000000000000000000000000000000000000000000000000000000
000000000000000000000000000000000000000000000000000000000000000000000000000
000000000000000000000000000000000000000000000000000000000000000000000000000
000000000000000000000000000000000000000000000000000000000000000000000000000
000000000000000000000000000000000000000000000000000000000000000000000000000
000000000000000000000000000000000000000000000000000000000000000000000000000
000000000000000000000000000000000000000000000000000000000000000000000000000
000000000000000000000000000000000000000000000000000000000000000000000000000
000000000000000000000000000000000000000000000000000000000000000000000000000
000000000000000000000000000000000000000000000000000000000000000000000000000
000000000000000000000000000000000000000000000000000000000000000000000000000
000000000000000000000000000000000000000000000000000000000000000000000000000
000000000000000000000000111111111111111111111111110000000000000000000000000
000000000000000000000000111111111111111111111111110000000000000000000000000
000000000000000000000000110000000000000000000000110000000000000000000000000
000000000000000000000000110000000000000000000000110000000000000000000000000
000000000000000000000000110000000000000000000000110000000000000000000000000
000000000000000000000000110000000000000000000000110000000000000000000000000
000000000000000000000000110000000000000000000000110000000000000000000000000
000000000000000000000000110000000000000000000000110000000000000000000000000
000000000000000000000000110000000000000000000000110000000000000000000000000
000000000000000000000000110000000000000000000000110000000000000000000000000
000000000000000000000000110000000000000000000000110000000000000000000000000
000000000000000000000000110000000000000000000000110000000000000000000000000
000000000000000000000000110000000000000000000000110000000000000000000000000
000000000000000000000000110000000000000000000000110000000000000000000000000
000000000000000000000000110000000000000000000000110000000000000000000000000
000000000000000000000000110000000000000000000000110000000000000000000000000
000000000000000000000000110000000000000000000000110000000000000000000000000
000000000000000000000000110000000000000000000000110000000000000000000000000
000000000000000000000000110000000000000000000000110000000000000000000000000
000000000000000000000000110000000000000000000000110000000000000000000000000
000000000000000000000000111111111111111111111111110000000000000000000000000
000000000000000000000000111111111111111111111111110000000000000000000000000
000000000000000000000000111111111111111111111111110000000000000000000000000
000000000000000000000000111111111111111111111111110000000000000000000000000
000000000000000000000000111111111111111111111111110000000000000000000000000
000000000000000000000000111111111111111111111111110000000000000000000000000
000000000000000000000000111111111111111111111111110000000000000000000000000
000000000000000000000000111111111111111111111111110000000000000000000000000
000000000000000000000000111111111111111111111111110000000000000000000000000
000000000000000000000000111111111111111111111111110000000000000000000000000
000000000000000000000000111111111111111111111111110000000000000000000000000
000000000000000000000000111111111111111111111111110000000000000000000000000
000000000000000000000000111111111111111111111111110000000000000000000000000
000000000000000000000000111111111111111111111111110000000000000000000000000
000000000000000000000000111111111111111111111111110000000000000000000000000
000000000000000000000000111111111111111111111111110000000000000000000000000
000000000000000000000000111111111111111111111111110000000000000000000000000
000000000000000000000000111111111111111111111111110000000000000000000000000
000000000000000000000000111111111111111111111111110000000000000000000000000
000000000000000000000000111111111111111111111111110000000000000000000000000
000000000000000000000000111111111111111111111111110000000000000000000000000
000000000000000000000000111111111111111111111111110000000000000000000000000
000000000000000000000000000000000000000000000000000000000000000000000000000
000000000000000000000000000000000000000000000000000000000000000000000000000
000000000000000000000000000000000000000000000000000000000000000000000000000
000000000000000000000000000000000000000000000000000000000000000000000000000
000000000000000000000000000000000000000000000000000000000000000000000000000
000000000000000000000000000000000000000000000000000000000000000000000000000
000000000000000000000000000000000000000000000000000000000000000000000000000
000000000000000000000000000000000000000000000000000000000000000000000000000
000000000000000000000000000000000000000000000000000000000000000000000000000
000000000000000000000000000000000000000000000000000000000000000000000000000
000000000000000000000000000000000000000000000000000000000000000000000000000
000000000000000000000000000000000000000000000000000000000000000000000000000
000000000000000000000000000000000000000000000000000000000000000000000000000
000000000000000000000000000000000000000000000000000000000000000000000000000
000000000000000000000000000000000000000000000000000000000000000000000000000
000000000000000000000000000000000000000000000000000000000000000000000000000
000000000000000000000000000000000000000000000000000000000000000000000000000

000000000000000000000000000000000000000000000000000000000000000000000000000
000000000000000000000000000000000000000000000000000000000000000000000000000
000000000000000000000000000000000000000000000000000000000000000000000000000
000000000000000000000000000000000000000000000000000000000000000000000000000
000000000000000000000000000000000000000000000000000000000000000000000000000
000000000000000000000000000000000000000000000000000000000000000000000000000
000000000000000000000000000000000000000000000000000000000000000000000000000
000000000000000000000000000000000000000000000000000000000000000000000000000
000000000000000000000000000000000000000000000000000000000000000000000000000
000000000000000000000000000000000000000000000000000000000000000000000000000
000000000000000000000000000000000000000000000000000000000000000000000000000
000000000000000000000000000000000000000000000000000000000000000000000000000
000000000000000000000000000000000000000000000000000000000000000000000000000
000000000000000000000000000000000000000000000000000000000000000000000000000
000000000000000000000000000000000000000000000000000000000000000000000000000
000000000000000000000000000000000000000000000000000000000000000000000000000
000000000000000000000000000000000000000000000000000000000000000000000000000
000000000000000000000000000000000000000000000000000000000000000000000000000
000000000000000000000000000000000000000000000000000000000000000000000000000
000000000000000000000000000000000000000000000000000000000000000000000000000
000000000000000000000000000000000000000000000000000000000000000000000000000
000000000000000000000000000000000000000000000000000000000000000000000000000
000000000000000000000000000000000000000000000000000000000000000000000000000
000000000000000000000000000000000000000000000000000000000000000000000000000
000000000000000000000000000000000000000000000000000000000000000000000000000
000000000000000000000000000000000000000000000000000000000000000000000000000
000000000000000111111111111111111111111111111111111111111110000000000000000
000000000000000011111111111111111111111111111111111111111100000000000000000
000000000000000001100000000000000000000000000000000000011000000000000000000
000000000000000000110000000000000000000000000000000000110000000000000000000
000000000000000000011000000000000000000000000000000001100000000000000000000
000000000000000000001100000000000000000000000000000011000000000000000000000
000000000000000000000110000000000000000000000000000110000000000000000000000
000000000000000000000011000000000000000000000000001100000000000000000000000
000000000000000000000001100000000000000000000000011000000000000000000000000
000000000000000000000000110000000000000000000000110000000000000000000000000
000000000000000000000000011111111111111111111111100000000000000000000000000
000000000000000000000000001111111111111111111111000000000000000000000000000
000000000000000000000000000111111111111111111110000000000000000000000000000
000000000000000000000000000011111111111111111100000000000000000000000000000
000000000000000000000000000001111111111111111000000000000000000000000000000
000000000000000000000000000000111111111111110000000000000000000000000000000
000000000000000000000000000000011111111111100000000000000000000000000000000
000000000000000000000000000000001111111111000000000000000000000000000000000
000000000000000000000000000000000111111110000000000000000000000000000000000
000000000000000000000000000000000011111100000000000000000000000000000000000
000000000000000000000000000000000001111000000000000000000000000000000000000
000000000000000000000000000000000000110000000000000000000000000000000000000
000000000000000000000000000000000000000000000000000000000000000000000000000
000000000000000000000000000000000000000000000000000000000000000000000000000
000000000000000000000000000000000000000000000000000000000000000000000000000
000000000000000000000000000000000000000000000000000000000000000000000000000
000000000000000000000000000000000000000000000000000000000000000000000000000
000000000000000000000000000000000000000000000000000000000000000000000000000
000000000000000000000000000000000000000000000000000000000000000000000000000
000000000000000000000000000000000000000000000000000000000000000000000000000
000000000000000000000000000000000000000000000000000000000000000000000000000
000000000000000000000000000000000000000000000000000000000000000000000000000
000000000000000000000000000000000000000000000000000000000000000000000000000
000000000000000000000000000000000000000000000000000000000000000000000000000
000000000000000000000000000000000000000000000000000000000000000000000000000
000000000000000000000000000000000000000000000000000000000000000000000000000
000000000000000000000000000000000000000000000000000000000000000000000000000
000000000000000000000000000000000000000000000000000000000000000000000000000
000000000000000000000000000000000000000000000000000000000000000000000000000
000000000000000000000000000000000000000000000000000000000000000000000000000
000000000000000000000000000000000000000000000000000000000000000000000000000
000000000000000000000000000000000000000000000000000000000000000000000000000
000000000000000000000000000000000000000000000000000000000000000000000000000
000000000000000000000000000000000000000000000000000000000000000000000000000
000000000000000000000000000000000000000000000000000000000000000000000000000
000000000000000000000000000000000000000000000000000000000000000000000000000
000000000000000000000000000000000000000000000000000000000000000000000000000
000000000000000000000000000000000000000000000000000000000000000000000000000
000000000000000000000000000000000000000000000000000000000000000000000000000

000000000000000000000000000000000000000000000000000000000000000000000000000
000000000000000000000000000000000000000000000000000000000000000000000000000
000000000000000000000000000000000000000000000000000000000000000000000000000
000000000000000000000000000000000000000000000000000000000000000000000000000
000000000000000000000000000000000000000000000000000000000000000000000000000
000000000000000000000000000000000000000000000000000000000000000000000000000
000000000000000000000000000000000000000000000000000000000000000000000000000
000000000000000000000000000000000000000000000000000000000000000000000000000
000000000000000000000000000000000000000000000000000000000000000000000000000
000000000000000000000000000000000000000000000000000000000000000000000000000
000000000000000000000000000000000000000000000000000000000000000000000000000
000000000000000000000000000000000000000000000000000000000000000000000000000
000000000000000000000000000000000000000000000000000000000000000000000000000
000000000000000000000000000000000000000000000000000000000000000000000000000
000000000000000000000000000000000000000000000000000000000000000000000000000
000000000000000000000000000000000000000000000000000000000000000000000000000
000000000000000000000000000000000000000000000000000000000000000000000000000
000000000000000000000000000000000000000000000000000000000000000000000000000
000000000000000000000000000000000000000000000000000000000000000000000000000
000000000000000000000000000000000000000000000000000000000000000000000000000
000000000000000000000000000000000000000000000000000000000000000000000000000
000000000000000000000000000000000000000000000000000000000000000000000000000
000000000000000000000000000000000000000000000000000000000000000000000000000
000000000000000000000000000000000000000000000000000000000000000000000000000
000000000000000011111111111111111111111111111111111111111100000000000000000
000000000000000011111111111111111111111111111111111111111100000000000000000
000000000000000011000000000000000000000000000000000000001100000000000000000
000000000000000011000000000000000000000000000000000000001100000000000000000
000000000000000011000000000000000000000000000000000000001100000000000000000
000000000000000011000000000000000000000000000000000000001100000000000000000
000000000000000011000000000000000000000000000000000000001100000000000000000
000000000000000011000000000000000000000000000000000000001100000000000000000
000000000000000011000000000000000000000000000000000000001100000000000000000
000000000000000011000000000000000000000000000000000000001100000000000000000
000000000000000011000000000000000000000000000000000000001100000000000000000
000000000000000011000000000000000000000000000000000000001100000000000000000
000000000000000011111111111111111111111111111111111111111100000000000000000
000000000000000011111111111111111111111111111111111111111100000000000000000
000000000000000011111111111111111111111111111111111111111100000000000000000
000000000000000011111111111111111111111111111111111111111100000000000000000
000000000000000011111111111111111111111111111111111111111100000000000000000
000000000000000011111111111111111111111111111111111111111100000000000000000
000000000000000011111111111111111111111111111111111111111100000000000000000
000000000000000011111111111111111111111111111111111111111100000000000000000
000000000000000011111111111111111111111111111111111111111100000000000000000
000000000000000011111111111111111111111111111111111111111100000000000000000
000000000000000011111111111111111111111111111111111111111100000000000000000
000000000000000011111111111111111111111111111111111111111100000000000000000
000000000000000011111111111111111111111111111111111111111100000000000000000
000000000000000011111111111111111111111111111111111111111100000000000000000
000000000000000000000000000000000000000000000000000000000000000000000000000
000000000000000000000000000000000000000000000000000000000000000000000000000
000000000000000000000000000000000000000000000000000000000000000000000000000
000000000000000000000000000000000000000000000000000000000000000000000000000
000000000000000000000000000000000000000000000000000000000000000000000000000
000000000000000000000000000000000000000000000000000000000000000000000000000
000000000000000000000000000000000000000000000000000000000000000000000000000
000000000000000000000000000000000000000000000000000000000000000000000000000
000000000000000000000000000000000000000000000000000000000000000000000000000
000000000000000000000000000000000000000000000000000000000000000000000000000
000000000000000000000000000000000000000000000000000000000000000000000000000
000000000000000000000000000000000000000000000000000000000000000000000000000
000000000000000000000000000000000000000000000000000000000000000000000000000
000000000000000000000000000000000000000000000000000000000000000000000000000
000000000000000000000000000000000000000000000000000000000000000000000000000
000000000000000000000000000000000000000000000000000000000000000000000000000
000000000000000000000000000000000000000000000000000000000000000000000000000
000000000000000000000000000000000000000000000000000000000000000000000000000
000000000000000000000000000000000000000000000000000000000000000000000000000
000000000000000000000000000000000000000000000000000000000000000000000000000
000000000000000000000000000000000000000000000000000000000000000000000000000
000000000000000000000000000000000000000000000000000000000000000000000000000
000000000000000000000000000000000000000000000000000000000000000000000000000
000000000000000000000000000000000000000000000000000000000000000000000000000
000000000000000000000000000000000000000000000000000000000000000000000000000

== SDRs ==
00001000000100000010011001100010
10001010000110000010100101110000
10000000010001000010001100100100
00001000000101100111000010001100
10011100100010000001000100000001
10000010010101100000101101110000
11010000001000110100011000001000
10111000101001011010100001000100
00000110000000000001001000110011
10101000111011001011011001100101
00011110000000010100000110010111
00000001010010100010000000001000
01000110001101000101010000110000
00000001011001011101010000101000
00000001010100010101100010011000
00000000010001000000110000001000
00001100001000100100100000000000
11000000001000010010000000000110
10100001000000011101000000001100
00100000001000110100100001000101
00101000110001000101000000101011
10101001010000100000100010001000
11010010010001010100100010000000
00100010010011000100000000010011
01011000001000000000101000001001
00000000001010000000011000000000
00010010100000001001110001100101
00000000101001010000010101000000
10000010010001100001011100101000
10000100101100010100001111010011
01000100100010010010110111010001
10000000000000000000000001111010

00001000000100000010011001100010
10001010000110000010100101110000
10000000010001000010001100100100
00001000000101100111000010001100
10011100100010000001000100000001
10000010010101100000101101110000
11010000001000110100011000001000
10111000101001011010100001000100
00000110000000000001001000110011
10101000111011001011011001100101
00011110000000010100000110010111
00000001010010100010000000001000
01000110001101000101010000110000
00000001011001011101010000101000
00000001010100010101100010011000
00000000010001000000110000001000
00001100001000100100100000000000
11000000001000010010000000000110
10100001000000011101000000001100
00100000001000110100100001000101
00101000110001000101000000101011
10101001010000100000100010001000
11010010010001010100100010000000
00100010010011000100000000010011
01011000001000000000101000001001
00000000001010000000011000000000
00010010100000001001110001100101
00000000101001010000010101000000
10000010010001100001011100101000
10000100101100010100001111010011
01000100100010010010110111010001
10000000000000000000000001111010

00001000000100000010011001100010
10001010000110000010100101110000
10000000010001000010001100100100
00001000000101100111000010001100
10011100100010000001000100000001
10000010010101100000101101110000
11010000001000110100011000001000
10111000101001011010100001000100
00000110000000000001001000110011
10101000111011001011011001100101
00011110000000010100000110010111
00000001010010100010000000001000
01000110001101000101010000110000
00000001011001011101010000101000
00000001010100010101100010011000
00000000010001000000110000001000
00001100001000100100100000000000
11000000001000010010000000000110
10100001000000011101000000001100
00100000001000110100100001000101
00101000110001000101000000101011
10101001010000100000100010001000
11010010010001010100100010000000
00100010010011000100000000010011
01011000001000000000101000001001
00000000001010000000011000000000
00010010100000001001110001100101
00000000101001010000010101000000
10000010010001100001011100101000
10000100101100010100001111010011
01000100100010010010110111010001
10000000000000000000000001111010

00000000000000000010111000000100
00000010000000010000101100101010
00000000010000010000001010000100
10000001000100000001000000001010
10001000101000000001100000000001
10000010100010000001000000000000
01000100000000100000000000001000
10110001100011001110000001100100
00000000010001000000100001000000
00000000101000001010000010010000
00011010000001101100000100000000
00000000000010100000010000101000
01000010000001100100111010100000
00100101010010010001110100000100
00000001011000000001000100010001
01000010000001010100110000000000
00001000000000100000001001000000
10010000100001100000001000100001
10000000000100011100010000000000
00001011010001010100000001000101
00000100100001000000000000010001
00001001010000101110100000110000
00000001000000000100000010000100
00000000001000000011010011000000
00001001000000000000000000100000
10000000000000000001010000001111
00010010001000001000000000101000
10001100101000000000000000000010
00000010110000101000000100001000
00000000000000010010000011010001
00001100100000101010000001001000
00000010010000000100110001101000

00100011000000000010010101000100
10100010000010011001101001001110
00000000010000000000000000000110
11001000010000000001000010001000
10000000000011000001000100010001
10100000110010000001000001000000
01001100000000000000000000000000
10100001100010010110000001100100
00000000010000000000000000001000
00110000101010101110000010000000
00011010010000101100000110100000
01000000000010110000010010100000
00000000000001100100110000100100
01100001010000010001000100100100
00101101010000000001000000010100
00001000000001010000000010000000
00001000000000100000000001000000
00101001100001100010001000000001
10101000000100011100000000101100
00100010010000101101010001001111
00000000110001000001001000101000
00001001000000101001000000000100
00010011000011000000000000000100
01000011000000000000010000000000
00001000001000100000000000000001
11000000010000010000000000101010
00010010001000001101000001000001
10000000100000000000010101000010
00000000110101100000000100111000
00000000000000010100010001000001
00001000000000100010100001100001
11001100010000000110000001011000

00001000000100000010011001100010
10001010000110000010100101110000
10000000010001000010001100100100
00001000000101100111000010001100
10011100100010000001000100000001
10000010010101100000101101110000
11010000001000110100011000001000
10111000101001011010100001000100
00000110000000000001001000110011
10101000111011001011011001100101
00011110000000010100000110010111
00000001010010100010000000001000
01000110001101000101010000110000
00000001011001011101010000101000
00000001010100010101100010011000
00000000010001000000110000001000
00001100001000100100100000000000
11000000001000010010000000000110
10100001000000011101000000001100
00100000001000110100100001000101
00101000110001000101000000101011
10101001010000100000100010001000
11010010010001010100100010000000
00100010010011000100000000010011
01011000001000000000101000001001
00000000001010000000011000000000
00010010100000001001110001100101
00000000101001010000010101000000
10000010010001100001011100101000
10000100101100010100001111010011
01000100100010010010110111010001
10000000000000000000000001111010

01000100000000000010110000000100
00001000000110001010000001011010
00000000010001000000000100010000
10000000011000100101000010001000
00000000100010000000100000000001
10000011100000000001100001000000
01001110000000000000001000100000
10111001100011001110010011100100
01101000000000000000000001101001
10000000111011100110000010000000
00011110000000101100000001010010
00000000100110110000000000111000
00000010000001101100010000100100
01100010000000011111110000100001
00000001010000000001000000110000
10000100000101010000000110000010
01001010010000100100000000000100
00010001000001101010010000000001
00100101010100011000000101001100
00100011000000100101001000001111
00001101101001000001011100101000
11010001001000101101000110001000
10001001000001000100000011010010
00000110000000000000010001000001
00001000000000000100000000101100
10000000000000000000000000010010
00010000001000011001000000000000
10110010100000000100000110000010
10100100100000000000000100000000
00010000000001011010000000000010
01000101100000100110100001001001
01000000010100000100010000111000

00000111101010001010100100000111
10000110100000000010000100001010
00000001000001000010001011010000
00000011000100000010000000000001
00100000100011000011000000100001
01010010100000100000000010011001
00000010100100101000010100010101
10101001000001010011011011000000
00001000000000101100100100100010
11100000001000110011011110011001
01101100001110100000000000000100
01010000100101000010000000000000
01010110001111011001111000110010
00000001011111000010011001110001
10010100011110010100000110010000
11001110000110000000110000001001
00000000010100101000000010010010
00010000000000000010000110000000
10000110010010111111010010000100
00001000111000110100101101000101
00000001100011000101100000000011
10010000000000100111100101101010
00000010010001111000000000001000
00101000010001000000001000010011
01000000000000000001000000101101
11100010000010000101000000100000
10001000100101000000110001001000
00000111100101001000000001000000
10101001000000001100000000101111
00000100001000111100101001110001
00100000100000010010110010000111
01000100101001000010000010001000

01100100000000100001011100000010
00001000000010010001000001100001
00000000011000100000001100010101
11000100000100100011000010000000
10100000000010000001000100000001
10000010110100000001000000010000
00010000000000101100001000000000
10100000001001000111000001000100
10000000010000000000000000000000
00110000111010001110000010100000
01001010100000000100010000000000
01000001000110000000010000000000
00000000001000001000010000100000
01100001010011111001000001100000
00000101001000000101000100010101
00001100010001010000000000000001
00001010001000110000000001000000
00100000000000100000001000000000
10101000000100010100000000000000
00101000011001000000010101001101
00100010110001000001001000011001
01000001000000000001100010000001
01010000000011000100000010000000
00000011001010000001010000010000
01001000000000100000101010001001
00000000010010001000000000000100
01010000100000001001000001000000
10000000101100000000010100000010
10010000110001001100000100011000
00000010000000000000000011010011
01001000000010010000000110110001
00000000000000000000000000000000

