== Attributes ==
title=17_const_circle_v1
type= 2x2
result=2
window_size=(75, 75)

== Input ==
000000000000000000000000000000000000000000000000000000000000000000000000000
000000000000000000000000000000000000000000000000000000000000000000000000000
000000000000000000000000000000000000000000000000000000000000000000000000000
000000000000000000000000000000000000000000000000000000000000000000000000000
000000000000000000000000000000000000000000000000000000000000000000000000000
000000000000000000000000000000000000000000000000000000000000000000000000000
000000000000000000000000000000000000000000000000000000000000000000000000000
000000000000000000000000000000000000000000000000000000000000000000000000000
000000000000000000000000000000000000000000000000000000000000000000000000000
000000000000000000000000000000000000000000000000000000000000000000000000000
000000000000000000000000000000000000000000000000000000000000000000000000000
000000000000000000000000000000000000000000000000000000000000000000000000000
000000000000000000000000000000000000000000000000000000000000000000000000000
000000000000000000000000000000000000000000000000000000000000000000000000000
000000000000000000000000000000000000000000000000000000000000000000000000000
000000000000000000000000000000000000100000000000000000000000000000000000000
000000000000000000000000000000111111111111100000000000000000000000000000000
000000000000000000000000000011111111111111111000000000000000000000000000000
000000000000000000000000001111111111000000011110000000000000000000000000000
000000000000000000000000111111111111000000000111100000000000000000000000000
000000000000000000000001111111111111000000000001110000000000000000000000000
000000000000000000000011111111111111000000000000111000000000000000000000000
000000000000000000000111111111111111000000000000011100000000000000000000000
000000000000000000001111111111111111000000000000001110000000000000000000000
000000000000000000011111111111111111000000000000000111000000000000000000000
000000000000000000011111111111111111000000000000000011000000000000000000000
000000000000000000111111111111111111000000000000000001100000000000000000000
000000000000000000111111111111111111000000000000000001100000000000000000000
000000000000000001111111111111111111000000000000000000110000000000000000000
000000000000000001111111111111111111000000000000000000110000000000000000000
000000000000000011111111111111111111000000000000000000011000000000000000000
000000000000000011111111111111111111000000000000000000011000000000000000000
000000000000000011111111111111111111000000000000000000011000000000000000000
000000000000000011111111111111111111000000000000000000011000000000000000000
000000000000000011111111111111111111000000000000000000011000000000000000000
000000000000000011111111111111111111000000000000000000011000000000000000000
000000000000000111111111111111111111000000000000000000011100000000000000000
000000000000000011111111111111111111000000000000000000011000000000000000000
000000000000000011111111111111111111000000000000000000011000000000000000000
000000000000000011111111111111111111000000000000000000011000000000000000000
000000000000000011111111111111111111000000000000000000011000000000000000000
000000000000000011111111111111111111000000000000000000011000000000000000000
000000000000000011111111111111111111000000000000000000011000000000000000000
000000000000000001111111111111111111000000000000000000110000000000000000000
000000000000000001111111111111111111000000000000000000110000000000000000000
000000000000000000111111111111111111000000000000000001100000000000000000000
000000000000000000111111111111111111000000000000000001100000000000000000000
000000000000000000011111111111111111000000000000000011000000000000000000000
000000000000000000011111111111111111000000000000000111000000000000000000000
000000000000000000001111111111111111000000000000001110000000000000000000000
000000000000000000000111111111111111000000000000011100000000000000000000000
000000000000000000000011111111111111000000000000111000000000000000000000000
000000000000000000000001111111111111000000000001110000000000000000000000000
000000000000000000000000111111111111000000000111100000000000000000000000000
000000000000000000000000001111111111000000011110000000000000000000000000000
000000000000000000000000000011111111111111111000000000000000000000000000000
000000000000000000000000000000111111111111100000000000000000000000000000000
000000000000000000000000000000000000100000000000000000000000000000000000000
000000000000000000000000000000000000000000000000000000000000000000000000000
000000000000000000000000000000000000000000000000000000000000000000000000000
000000000000000000000000000000000000000000000000000000000000000000000000000
000000000000000000000000000000000000000000000000000000000000000000000000000
000000000000000000000000000000000000000000000000000000000000000000000000000
000000000000000000000000000000000000000000000000000000000000000000000000000
000000000000000000000000000000000000000000000000000000000000000000000000000
000000000000000000000000000000000000000000000000000000000000000000000000000
000000000000000000000000000000000000000000000000000000000000000000000000000
000000000000000000000000000000000000000000000000000000000000000000000000000
000000000000000000000000000000000000000000000000000000000000000000000000000
000000000000000000000000000000000000000000000000000000000000000000000000000
000000000000000000000000000000000000000000000000000000000000000000000000000
000000000000000000000000000000000000000000000000000000000000000000000000000
000000000000000000000000000000000000000000000000000000000000000000000000000
000000000000000000000000000000000000000000000000000000000000000000000000000
000000000000000000000000000000000000000000000000000000000000000000000000000

000000000000000000000000000000000000000000000000000000000000000000000000000
000000000000000000000000000000000000000000000000000000000000000000000000000
000000000000000000000000000000000000000000000000000000000000000000000000000
000000000000000000000000000000000000000000000000000000000000000000000000000
000000000000000000000000000000000000000000000000000000000000000000000000000
000000000000000000000000000000000000000000000000000000000000000000000000000
000000000000000000000000000000000000000000000000000000000000000000000000000
000000000000000000000000000000000000000000000000000000000000000000000000000
000000000000000000000000000000000000000000000000000000000000000000000000000
000000000000000000000000000000000000000000000000000000000000000000000000000
000000000000000000000000000000000000000000000000000000000000000000000000000
000000000000000000000000000000000000000000000000000000000000000000000000000
000000000000000000000000000000000000000000000000000000000000000000000000000
000000000000000000000000000000000000000000000000000000000000000000000000000
000000000000000000000000000000000000000000000000000000000000000000000000000
000000000000000000000000000000000000100000000000000000000000000000000000000
000000000000000000000000000000111111111111100000000000000000000000000000000
000000000000000000000000000011111111111111111000000000000000000000000000000
000000000000000000000000001111111111000000011110000000000000000000000000000
000000000000000000000000111111111111000000000111100000000000000000000000000
000000000000000000000001111111111111000000000001110000000000000000000000000
000000000000000000000011111111111111000000000000111000000000000000000000000
000000000000000000000111111111111111000000000000011100000000000000000000000
000000000000000000001111111111111111000000000000001110000000000000000000000
000000000000000000011111111111111111000000000000000111000000000000000000000
000000000000000000011111111111111111000000000000000011000000000000000000000
000000000000000000111111111111111111000000000000000001100000000000000000000
000000000000000000111111111111111111000000000000000001100000000000000000000
000000000000000001111111111111111111000000000000000000110000000000000000000
000000000000000001111111111111111111000000000000000000110000000000000000000
000000000000000011111111111111111111000000000000000000011000000000000000000
000000000000000011111111111111111111000000000000000000011000000000000000000
000000000000000011111111111111111111000000000000000000011000000000000000000
000000000000000011111111111111111111000000000000000000011000000000000000000
000000000000000011111111111111111111000000000000000000011000000000000000000
000000000000000011111111111111111111000000000000000000011000000000000000000
000000000000000111111111111111111111000000000000000000011100000000000000000
000000000000000011111111111111111111000000000000000000011000000000000000000
000000000000000011111111111111111111000000000000000000011000000000000000000
000000000000000011111111111111111111000000000000000000011000000000000000000
000000000000000011111111111111111111000000000000000000011000000000000000000
000000000000000011111111111111111111000000000000000000011000000000000000000
000000000000000011111111111111111111000000000000000000011000000000000000000
000000000000000001111111111111111111000000000000000000110000000000000000000
000000000000000001111111111111111111000000000000000000110000000000000000000
000000000000000000111111111111111111000000000000000001100000000000000000000
000000000000000000111111111111111111000000000000000001100000000000000000000
000000000000000000011111111111111111000000000000000011000000000000000000000
000000000000000000011111111111111111000000000000000111000000000000000000000
000000000000000000001111111111111111000000000000001110000000000000000000000
000000000000000000000111111111111111000000000000011100000000000000000000000
000000000000000000000011111111111111000000000000111000000000000000000000000
000000000000000000000001111111111111000000000001110000000000000000000000000
000000000000000000000000111111111111000000000111100000000000000000000000000
000000000000000000000000001111111111000000011110000000000000000000000000000
000000000000000000000000000011111111111111111000000000000000000000000000000
000000000000000000000000000000111111111111100000000000000000000000000000000
000000000000000000000000000000000000100000000000000000000000000000000000000
000000000000000000000000000000000000000000000000000000000000000000000000000
000000000000000000000000000000000000000000000000000000000000000000000000000
000000000000000000000000000000000000000000000000000000000000000000000000000
000000000000000000000000000000000000000000000000000000000000000000000000000
000000000000000000000000000000000000000000000000000000000000000000000000000
000000000000000000000000000000000000000000000000000000000000000000000000000
000000000000000000000000000000000000000000000000000000000000000000000000000
000000000000000000000000000000000000000000000000000000000000000000000000000
000000000000000000000000000000000000000000000000000000000000000000000000000
000000000000000000000000000000000000000000000000000000000000000000000000000
000000000000000000000000000000000000000000000000000000000000000000000000000
000000000000000000000000000000000000000000000000000000000000000000000000000
000000000000000000000000000000000000000000000000000000000000000000000000000
000000000000000000000000000000000000000000000000000000000000000000000000000
000000000000000000000000000000000000000000000000000000000000000000000000000
000000000000000000000000000000000000000000000000000000000000000000000000000
000000000000000000000000000000000000000000000000000000000000000000000000000

000000000000000000000000000000000000000000000000000000000000000000000000000
000000000000000000000000000000000000000000000000000000000000000000000000000
000000000000000000000000000000000000000000000000000000000000000000000000000
000000000000000000000000000000000000000000000000000000000000000000000000000
000000000000000000000000000000000000000000000000000000000000000000000000000
000000000000000000000000000000000000000000000000000000000000000000000000000
000000000000000000000000000000000000000000000000000000000000000000000000000
000000000000000000000000000000000000000000000000000000000000000000000000000
000000000000000000000000000000000000000000000000000000000000000000000000000
000000000000000000000000000000000000000000000000000000000000000000000000000
000000000000000000000000000000000000000000000000000000000000000000000000000
000000000000000000000000000000000000000000000000000000000000000000000000000
000000000000000000000000000000000000000000000000000000000000000000000000000
000000000000000000000000000000000000000000000000000000000000000000000000000
000000000000000000000000000000000000000000000000000000000000000000000000000
000000000000000000000000000000000000100000000000000000000000000000000000000
000000000000000000000000000000111111111111100000000000000000000000000000000
000000000000000000000000000011111111111111111000000000000000000000000000000
000000000000000000000000001111111111000000011110000000000000000000000000000
000000000000000000000000111111111111000000000111100000000000000000000000000
000000000000000000000001111111111111000000000001110000000000000000000000000
000000000000000000000011111111111111000000000000111000000000000000000000000
000000000000000000000111111111111111000000000000011100000000000000000000000
000000000000000000001111111111111111000000000000001110000000000000000000000
000000000000000000011111111111111111000000000000000111000000000000000000000
000000000000000000011111111111111111000000000000000011000000000000000000000
000000000000000000111111111111111111000000000000000001100000000000000000000
000000000000000000111111111111111111000000000000000001100000000000000000000
000000000000000001111111111111111111000000000000000000110000000000000000000
000000000000000001111111111111111111000000000000000000110000000000000000000
000000000000000011111111111111111111000000000000000000011000000000000000000
000000000000000011111111111111111111000000000000000000011000000000000000000
000000000000000011111111111111111111000000000000000000011000000000000000000
000000000000000011111111111111111111000000000000000000011000000000000000000
000000000000000011111111111111111111000000000000000000011000000000000000000
000000000000000011111111111111111111000000000000000000011000000000000000000
000000000000000111111111111111111111000000000000000000011100000000000000000
000000000000000011111111111111111111000000000000000000011000000000000000000
000000000000000011111111111111111111000000000000000000011000000000000000000
000000000000000011111111111111111111000000000000000000011000000000000000000
000000000000000011111111111111111111000000000000000000011000000000000000000
000000000000000011111111111111111111000000000000000000011000000000000000000
000000000000000011111111111111111111000000000000000000011000000000000000000
000000000000000001111111111111111111000000000000000000110000000000000000000
000000000000000001111111111111111111000000000000000000110000000000000000000
000000000000000000111111111111111111000000000000000001100000000000000000000
000000000000000000111111111111111111000000000000000001100000000000000000000
000000000000000000011111111111111111000000000000000011000000000000000000000
000000000000000000011111111111111111000000000000000111000000000000000000000
000000000000000000001111111111111111000000000000001110000000000000000000000
000000000000000000000111111111111111000000000000011100000000000000000000000
000000000000000000000011111111111111000000000000111000000000000000000000000
000000000000000000000001111111111111000000000001110000000000000000000000000
000000000000000000000000111111111111000000000111100000000000000000000000000
000000000000000000000000001111111111000000011110000000000000000000000000000
000000000000000000000000000011111111111111111000000000000000000000000000000
000000000000000000000000000000111111111111100000000000000000000000000000000
000000000000000000000000000000000000100000000000000000000000000000000000000
000000000000000000000000000000000000000000000000000000000000000000000000000
000000000000000000000000000000000000000000000000000000000000000000000000000
000000000000000000000000000000000000000000000000000000000000000000000000000
000000000000000000000000000000000000000000000000000000000000000000000000000
000000000000000000000000000000000000000000000000000000000000000000000000000
000000000000000000000000000000000000000000000000000000000000000000000000000
000000000000000000000000000000000000000000000000000000000000000000000000000
000000000000000000000000000000000000000000000000000000000000000000000000000
000000000000000000000000000000000000000000000000000000000000000000000000000
000000000000000000000000000000000000000000000000000000000000000000000000000
000000000000000000000000000000000000000000000000000000000000000000000000000
000000000000000000000000000000000000000000000000000000000000000000000000000
000000000000000000000000000000000000000000000000000000000000000000000000000
000000000000000000000000000000000000000000000000000000000000000000000000000
000000000000000000000000000000000000000000000000000000000000000000000000000
000000000000000000000000000000000000000000000000000000000000000000000000000
000000000000000000000000000000000000000000000000000000000000000000000000000

== Output ==
000000000000000000000000000000000000000000000000000000000000000000000000000
000000000000000000000000000000000000000000000000000000000000000000000000000
000000000000000000000000000000000000000000000000000000000000000000000000000
000000000000000000000000000000000000000000000000000000000000000000000000000
000000000000000000000000000000000000000000000000000000000000000000000000000
000000000000000000000000000000000000000000000000000000000000000000000000000
000000000000000000000000000000000000000000000000000000000000000000000000000
000000000000000000000000000000000000000000000000000000000000000000000000000
000000000000000000000000000000000000000000000000000000000000000000000000000
000000000000000000000000000000000000000000000000000000000000000000000000000
000000000000000000000000000000000000000000000000000000000000000000000000000
000000000000000000000000000000000000000000000000000000000000000000000000000
000000000000000000000000000000000000000000000000000000000000000000000000000
000000000000000000000000000000000000000000000000000000000000000000000000000
000000000000000000000000000000000000000000000000000000000000000000000000000
000000000000000000000000000000000000000000000000000000000000000000000000000
000000000000000000000000000000000000000000000000000000000000000000000000000
000000000000000000000000000000000000000000000000000000000000000000000000000
000000000000000000000000000000000000000000000000000000000000000000000000000
000000000000000000000000000000000000000000000000000000000000000000000000000
000000000000000000001111111111111111111111111111111111000000000000000000000
000000000000000000001111111111111111111111111111111111000000000000000000000
000000000000000000001111111111111111000000000000000011000000000000000000000
000000000000000000001111111111111111000000000000000011000000000000000000000
000000000000000000001111111111111111000000000000000011000000000000000000000
000000000000000000001111111111111111000000000000000011000000000000000000000
000000000000000000001111111111111111000000000000000011000000000000000000000
000000000000000000001111111111111111000000000000000011000000000000000000000
000000000000000000001111111111111111000000000000000011000000000000000000000
000000000000000000001111111111111111000000000000000011000000000000000000000
000000000000000000001111111111111111000000000000000011000000000000000000000
000000000000000000001111111111111111000000000000000011000000000000000000000
000000000000000000001111111111111111000000000000000011000000000000000000000
000000000000000000001111111111111111000000000000000011000000000000000000000
000000000000000000001111111111111111000000000000000011000000000000000000000
000000000000000000001111111111111111000000000000000011000000000000000000000
000000000000000000001111111111111111000000000000000011000000000000000000000
000000000000000000001111111111111111000000000000000011000000000000000000000
000000000000000000001111111111111111000000000000000011000000000000000000000
000000000000000000001111111111111111000000000000000011000000000000000000000
000000000000000000001111111111111111000000000000000011000000000000000000000
000000000000000000001111111111111111000000000000000011000000000000000000000
000000000000000000001111111111111111000000000000000011000000000000000000000
000000000000000000001111111111111111000000000000000011000000000000000000000
000000000000000000001111111111111111000000000000000011000000000000000000000
000000000000000000001111111111111111000000000000000011000000000000000000000
000000000000000000001111111111111111000000000000000011000000000000000000000
000000000000000000001111111111111111000000000000000011000000000000000000000
000000000000000000001111111111111111000000000000000011000000000000000000000
000000000000000000001111111111111111000000000000000011000000000000000000000
000000000000000000001111111111111111000000000000000011000000000000000000000
000000000000000000001111111111111111000000000000000011000000000000000000000
000000000000000000001111111111111111111111111111111111000000000000000000000
000000000000000000001111111111111111111111111111111111000000000000000000000
000000000000000000000000000000000000000000000000000000000000000000000000000
000000000000000000000000000000000000000000000000000000000000000000000000000
000000000000000000000000000000000000000000000000000000000000000000000000000
000000000000000000000000000000000000000000000000000000000000000000000000000
000000000000000000000000000000000000000000000000000000000000000000000000000
000000000000000000000000000000000000000000000000000000000000000000000000000
000000000000000000000000000000000000000000000000000000000000000000000000000
000000000000000000000000000000000000000000000000000000000000000000000000000
000000000000000000000000000000000000000000000000000000000000000000000000000
000000000000000000000000000000000000000000000000000000000000000000000000000
000000000000000000000000000000000000000000000000000000000000000000000000000
000000000000000000000000000000000000000000000000000000000000000000000000000
000000000000000000000000000000000000000000000000000000000000000000000000000
000000000000000000000000000000000000000000000000000000000000000000000000000
000000000000000000000000000000000000000000000000000000000000000000000000000
000000000000000000000000000000000000000000000000000000000000000000000000000
000000000000000000000000000000000000000000000000000000000000000000000000000
000000000000000000000000000000000000000000000000000000000000000000000000000
000000000000000000000000000000000000000000000000000000000000000000000000000
000000000000000000000000000000000000000000000000000000000000000000000000000
000000000000000000000000000000000000000000000000000000000000000000000000000

000000000000000000000000000000000000000000000000000000000000000000000000000
000000000000000000000000000000000000000000000000000000000000000000000000000
000000000000000000000000000000000000000000000000000000000000000000000000000
000000000000000000000000000000000000000000000000000000000000000000000000000
000000000000000000000000000000000000000000000000000000000000000000000000000
000000000000000000000000000000000000000000000000000000000000000000000000000
000000000000000000000000000000000000000000000000000000000000000000000000000
000000000000000000000000000000000000000000000000000000000000000000000000000
000000000000000000000000000000000000000000000000000000000000000000000000000
000000000000000000000000000000000000000000000000000000000000000000000000000
000000000000000000000000000000000000000000000000000000000000000000000000000
000000000000000000000000000000000000000000000000000000000000000000000000000
000000000000000000000000000000000000000000000000000000000000000000000000000
000000000000000000000000000000000000000000000000000000000000000000000000000
000000000000000000000000000000000000000000000000000000000000000000000000000
000000000000000000000000000000000000100000000000000000000000000000000000000
000000000000000000000000000000111111111111100000000000000000000000000000000
000000000000000000000000000011111111111111111000000000000000000000000000000
000000000000000000000000001111111111000000011110000000000000000000000000000
000000000000000000000000111111111111000000000111100000000000000000000000000
000000000000000000000001111111111111000000000001110000000000000000000000000
000000000000000000000011111111111111000000000000111000000000000000000000000
000000000000000000000111111111111111000000000000011100000000000000000000000
000000000000000000001111111111111111000000000000001110000000000000000000000
000000000000000000011111111111111111000000000000000111000000000000000000000
000000000000000000011111111111111111000000000000000011000000000000000000000
000000000000000000111111111111111111000000000000000001100000000000000000000
000000000000000000111111111111111111000000000000000001100000000000000000000
000000000000000001111111111111111111000000000000000000110000000000000000000
000000000000000001111111111111111111000000000000000000110000000000000000000
000000000000000011111111111111111111000000000000000000011000000000000000000
000000000000000011111111111111111111000000000000000000011000000000000000000
000000000000000011111111111111111111000000000000000000011000000000000000000
000000000000000011111111111111111111000000000000000000011000000000000000000
000000000000000011111111111111111111000000000000000000011000000000000000000
000000000000000011111111111111111111000000000000000000011000000000000000000
000000000000000111111111111111111111000000000000000000011100000000000000000
000000000000000011111111111111111111000000000000000000011000000000000000000
000000000000000011111111111111111111000000000000000000011000000000000000000
000000000000000011111111111111111111000000000000000000011000000000000000000
000000000000000011111111111111111111000000000000000000011000000000000000000
000000000000000011111111111111111111000000000000000000011000000000000000000
000000000000000011111111111111111111000000000000000000011000000000000000000
000000000000000001111111111111111111000000000000000000110000000000000000000
000000000000000001111111111111111111000000000000000000110000000000000000000
000000000000000000111111111111111111000000000000000001100000000000000000000
000000000000000000111111111111111111000000000000000001100000000000000000000
000000000000000000011111111111111111000000000000000011000000000000000000000
000000000000000000011111111111111111000000000000000111000000000000000000000
000000000000000000001111111111111111000000000000001110000000000000000000000
000000000000000000000111111111111111000000000000011100000000000000000000000
000000000000000000000011111111111111000000000000111000000000000000000000000
000000000000000000000001111111111111000000000001110000000000000000000000000
000000000000000000000000111111111111000000000111100000000000000000000000000
000000000000000000000000001111111111000000011110000000000000000000000000000
000000000000000000000000000011111111111111111000000000000000000000000000000
000000000000000000000000000000111111111111100000000000000000000000000000000
000000000000000000000000000000000000100000000000000000000000000000000000000
000000000000000000000000000000000000000000000000000000000000000000000000000
000000000000000000000000000000000000000000000000000000000000000000000000000
000000000000000000000000000000000000000000000000000000000000000000000000000
000000000000000000000000000000000000000000000000000000000000000000000000000
000000000000000000000000000000000000000000000000000000000000000000000000000
000000000000000000000000000000000000000000000000000000000000000000000000000
000000000000000000000000000000000000000000000000000000000000000000000000000
000000000000000000000000000000000000000000000000000000000000000000000000000
000000000000000000000000000000000000000000000000000000000000000000000000000
000000000000000000000000000000000000000000000000000000000000000000000000000
000000000000000000000000000000000000000000000000000000000000000000000000000
000000000000000000000000000000000000000000000000000000000000000000000000000
000000000000000000000000000000000000000000000000000000000000000000000000000
000000000000000000000000000000000000000000000000000000000000000000000000000
000000000000000000000000000000000000000000000000000000000000000000000000000
000000000000000000000000000000000000000000000000000000000000000000000000000
000000000000000000000000000000000000000000000000000000000000000000000000000

000000000000000000000000000000000000000000000000000000000000000000000000000
000000000000000000000000000000000000000000000000000000000000000000000000000
000000000000000000000000000000000000000000000000000000000000000000000000000
000000000000000000000000000000000000000000000000000000000000000000000000000
000000000000000000000000000000000000000000000000000000000000000000000000000
000000000000000000000000000000000000000000000000000000000000000000000000000
000000000000000000000000000000000000000000000000000000000000000000000000000
000000000000000000000000000000000000000000000000000000000000000000000000000
000000000000000000000000000000000000000000000000000000000000000000000000000
000000000000000000000000000000000000000000000000000000000000000000000000000
000000000000000000000000000000000000000000000000000000000000000000000000000
000000000000000000000000000000000000000000000000000000000000000000000000000
000000000000000000000000000000000000000000000000000000000000000000000000000
000000000000000000000000000000000000000000000000000000000000000000000000000
000000000000000000000000000000000000000000000000000000000000000000000000000
000000000000000000000000000000000000000000000000000000000000000000000000000
000000000000000000000000000000000000000000000000000000000000000000000000000
000000000000000000000000000000000000000000000000000000000000000000000000000
000000000000000000000000000000000000000000000000000000000000000000000000000
000000000000000000000000000000000000000000000000000000000000000000000000000
000000000000000000000000000000000000000000000000000000000000000000000000000
000000000000000000000000000000000000000000000000000000000000000000000000000
000000000000000000000000000000000000000000000000000000000000000000000000000
000000000000000000000000000000000000000000000000000000000000000000000000000
000000000000000000000000000000000000000000000000000000000000000000000000000
000000000000000000000000000000000000000000000000000000000000000000000000000
000000000000000000000000000000000000110000000000000000000000000000000000000
000000000000000000000000000000000001111000000000000000000000000000000000000
000000000000000000000000000000000011001100000000000000000000000000000000000
000000000000000000000000000000000111000110000000000000000000000000000000000
000000000000000000000000000000001111000011000000000000000000000000000000000
000000000000000000000000000000011111000001100000000000000000000000000000000
000000000000000000000000000000111111000000110000000000000000000000000000000
000000000000000000000000000001111111000000011000000000000000000000000000000
000000000000000000000000000011111111000000001100000000000000000000000000000
000000000000000000000000000111111111000000000110000000000000000000000000000
000000000000000000000000001111111111000000000011000000000000000000000000000
000000000000000000000000011111111111000000000001100000000000000000000000000
000000000000000000000000111111111111000000000000110000000000000000000000000
000000000000000000000001111111111111000000000000011000000000000000000000000
000000000000000000000011111111111111000000000000001100000000000000000000000
000000000000000000000111111111111111000000000000000110000000000000000000000
000000000000000000001111111111111111000000000000000011000000000000000000000
000000000000000000011111111111111111000000000000000001100000000000000000000
000000000000000000111111111111111111000000000000000000110000000000000000000
000000000000000001111111111111111111000000000000000000011000000000000000000
000000000000000011111111111111111111111111111111111111111100000000000000000
000000000000000111111111111111111111111111111111111111111110000000000000000
000000000000000000000000000000000000000000000000000000000000000000000000000
000000000000000000000000000000000000000000000000000000000000000000000000000
000000000000000000000000000000000000000000000000000000000000000000000000000
000000000000000000000000000000000000000000000000000000000000000000000000000
000000000000000000000000000000000000000000000000000000000000000000000000000
000000000000000000000000000000000000000000000000000000000000000000000000000
000000000000000000000000000000000000000000000000000000000000000000000000000
000000000000000000000000000000000000000000000000000000000000000000000000000
000000000000000000000000000000000000000000000000000000000000000000000000000
000000000000000000000000000000000000000000000000000000000000000000000000000
000000000000000000000000000000000000000000000000000000000000000000000000000
000000000000000000000000000000000000000000000000000000000000000000000000000
000000000000000000000000000000000000000000000000000000000000000000000000000
000000000000000000000000000000000000000000000000000000000000000000000000000
000000000000000000000000000000000000000000000000000000000000000000000000000
000000000000000000000000000000000000000000000000000000000000000000000000000
000000000000000000000000000000000000000000000000000000000000000000000000000
000000000000000000000000000000000000000000000000000000000000000000000000000
000000000000000000000000000000000000000000000000000000000000000000000000000
000000000000000000000000000000000000000000000000000000000000000000000000000
000000000000000000000000000000000000000000000000000000000000000000000000000
000000000000000000000000000000000000000000000000000000000000000000000000000
000000000000000000000000000000000000000000000000000000000000000000000000000
000000000000000000000000000000000000000000000000000000000000000000000000000
000000000000000000000000000000000000000000000000000000000000000000000000000
000000000000000000000000000000000000000000000000000000000000000000000000000
000000000000000000000000000000000000000000000000000000000000000000000000000

000000000000000000000000000000000000000000000000000000000000000000000000000
000000000000000000000000000000000000000000000000000000000000000000000000000
000000000000000000000000000000000000000000000000000000000000000000000000000
000000000000000000000000000000000000000000000000000000000000000000000000000
000000000000000000000000000000000000000000000000000000000000000000000000000
000000000000000000000000000000000000000000000000000000000000000000000000000
000000000000000000000000000000000000000000000000000000000000000000000000000
000000000000000000000000000000000000000000000000000000000000000000000000000
000000000000000000000000000000000000000000000000000000000000000000000000000
000000000000000000000000000000000000000000000000000000000000000000000000000
000000000000000000000000000000000000000000000000000000000000000000000000000
000000000000000000000000000000000000000000000000000000000000000000000000000
000000000000000000000000000000000000000000000000000000000000000000000000000
000000000000000000000000000000000000000000000000000000000000000000000000000
000000000000000000000000000000000000000000000000000000000000000000000000000
000000000000000000000000000000000000000000000000000000000000000000000000000
000000000000000000000000111111111111111111111111110000000000000000000000000
000000000000000000000000111111111111111111111111110000000000000000000000000
000000000000000000000000111111111111000000000000110000000000000000000000000
000000000000000000000000111111111111000000000000110000000000000000000000000
000000000000000000000000111111111111000000000000110000000000000000000000000
000000000000000000000000111111111111000000000000110000000000000000000000000
000000000000000000000000111111111111000000000000110000000000000000000000000
000000000000000000000000111111111111000000000000110000000000000000000000000
000000000000000000000000111111111111000000000000110000000000000000000000000
000000000000000000000000111111111111000000000000110000000000000000000000000
000000000000000000000000111111111111000000000000110000000000000000000000000
000000000000000000000000111111111111000000000000110000000000000000000000000
000000000000000000000000111111111111000000000000110000000000000000000000000
000000000000000000000000111111111111000000000000110000000000000000000000000
000000000000000000000000111111111111000000000000110000000000000000000000000
000000000000000000000000111111111111000000000000110000000000000000000000000
000000000000000000000000111111111111000000000000110000000000000000000000000
000000000000000000000000111111111111000000000000110000000000000000000000000
000000000000000000000000111111111111000000000000110000000000000000000000000
000000000000000000000000111111111111000000000000110000000000000000000000000
000000000000000000000000111111111111000000000000110000000000000000000000000
000000000000000000000000111111111111000000000000110000000000000000000000000
000000000000000000000000111111111111000000000000110000000000000000000000000
000000000000000000000000111111111111000000000000110000000000000000000000000
000000000000000000000000111111111111000000000000110000000000000000000000000
000000000000000000000000111111111111000000000000110000000000000000000000000
000000000000000000000000111111111111000000000000110000000000000000000000000
000000000000000000000000111111111111000000000000110000000000000000000000000
000000000000000000000000111111111111000000000000110000000000000000000000000
000000000000000000000000111111111111000000000000110000000000000000000000000
000000000000000000000000111111111111000000000000110000000000000000000000000
000000000000000000000000111111111111000000000000110000000000000000000000000
000000000000000000000000111111111111000000000000110000000000000000000000000
000000000000000000000000111111111111000000000000110000000000000000000000000
000000000000000000000000111111111111000000000000110000000000000000000000000
000000000000000000000000111111111111000000000000110000000000000000000000000
000000000000000000000000111111111111000000000000110000000000000000000000000
000000000000000000000000111111111111000000000000110000000000000000000000000
000000000000000000000000111111111111000000000000110000000000000000000000000
000000000000000000000000111111111111000000000000110000000000000000000000000
000000000000000000000000111111111111111111111111110000000000000000000000000
000000000000000000000000111111111111111111111111110000000000000000000000000
000000000000000000000000000000000000000000000000000000000000000000000000000
000000000000000000000000000000000000000000000000000000000000000000000000000
000000000000000000000000000000000000000000000000000000000000000000000000000
000000000000000000000000000000000000000000000000000000000000000000000000000
000000000000000000000000000000000000000000000000000000000000000000000000000
000000000000000000000000000000000000000000000000000000000000000000000000000
000000000000000000000000000000000000000000000000000000000000000000000000000
000000000000000000000000000000000000000000000000000000000000000000000000000
000000000000000000000000000000000000000000000000000000000000000000000000000
000000000000000000000000000000000000000000000000000000000000000000000000000
000000000000000000000000000000000000000000000000000000000000000000000000000
000000000000000000000000000000000000000000000000000000000000000000000000000
000000000000000000000000000000000000000000000000000000000000000000000000000
000000000000000000000000000000000000000000000000000000000000000000000000000
000000000000000000000000000000000000000000000000000000000000000000000000000
000000000000000000000000000000000000000000000000000000000000000000000000000
000000000000000000000000000000000000000000000000000000000000000000000000000

000000000000000000000000000000000000000000000000000000000000000000000000000
000000000000000000000000000000000000000000000000000000000000000000000000000
000000000000000000000000000000000000000000000000000000000000000000000000000
000000000000000000000000000000000000000000000000000000000000000000000000000
000000000000000000000000000000000000000000000000000000000000000000000000000
000000000000000000000000000000000000000000000000000000000000000000000000000
000000000000000000000000000000000000000000000000000000000000000000000000000
000000000000000000000000000000000000000000000000000000000000000000000000000
000000000000000000000000000000000000000000000000000000000000000000000000000
000000000000000000000000000000000000000000000000000000000000000000000000000
000000000000000000000000000000000000000000000000000000000000000000000000000
000000000000000000000000000000000000000000000000000000000000000000000000000
000000000000000000000000000000000000000000000000000000000000000000000000000
000000000000000000000000000000000000000000000000000000000000000000000000000
000000000000000000000000000000000000000000000000000000000000000000000000000
000000000000000000000000000000000000000000000000000000000000000000000000000
000000000000000000000000000000000000000000000000000000000000000000000000000
000000000000000000000000000000000000000000000000000000000000000000000000000
000000000000000000000000000000000000000000000000000000000000000000000000000
000000000000000000000000000000000000000000000000000000000000000000000000000
000000000000000000000000000000000000000000000000000000000000000000000000000
000000000000000000000000000000000000000000000000000000000000000000000000000
000000000000000000000000000000000000000000000000000000000000000000000000000
000000000000000000000000000000000000000000000000000000000000000000000000000
000000000000000000000000000000000000000000000000000000000000000000000000000
000000000000000000000000000000000000000000000000000000000000000000000000000
000000000000000111111111111111111111111111111111111111111110000000000000000
000000000000000011111111111111111111111111111111111111111100000000000000000
000000000000000001111111111111111111000000000000000000011000000000000000000
000000000000000000111111111111111111000000000000000000110000000000000000000
000000000000000000011111111111111111000000000000000001100000000000000000000
000000000000000000001111111111111111000000000000000011000000000000000000000
000000000000000000000111111111111111000000000000000110000000000000000000000
000000000000000000000011111111111111000000000000001100000000000000000000000
000000000000000000000001111111111111000000000000011000000000000000000000000
000000000000000000000000111111111111000000000000110000000000000000000000000
000000000000000000000000011111111111000000000001100000000000000000000000000
000000000000000000000000001111111111000000000011000000000000000000000000000
000000000000000000000000000111111111000000000110000000000000000000000000000
000000000000000000000000000011111111000000001100000000000000000000000000000
000000000000000000000000000001111111000000011000000000000000000000000000000
000000000000000000000000000000111111000000110000000000000000000000000000000
000000000000000000000000000000011111000001100000000000000000000000000000000
000000000000000000000000000000001111000011000000000000000000000000000000000
000000000000000000000000000000000111000110000000000000000000000000000000000
000000000000000000000000000000000011001100000000000000000000000000000000000
000000000000000000000000000000000001111000000000000000000000000000000000000
000000000000000000000000000000000000110000000000000000000000000000000000000
000000000000000000000000000000000000000000000000000000000000000000000000000
000000000000000000000000000000000000000000000000000000000000000000000000000
000000000000000000000000000000000000000000000000000000000000000000000000000
000000000000000000000000000000000000000000000000000000000000000000000000000
000000000000000000000000000000000000000000000000000000000000000000000000000
000000000000000000000000000000000000000000000000000000000000000000000000000
000000000000000000000000000000000000000000000000000000000000000000000000000
000000000000000000000000000000000000000000000000000000000000000000000000000
000000000000000000000000000000000000000000000000000000000000000000000000000
000000000000000000000000000000000000000000000000000000000000000000000000000
000000000000000000000000000000000000000000000000000000000000000000000000000
000000000000000000000000000000000000000000000000000000000000000000000000000
000000000000000000000000000000000000000000000000000000000000000000000000000
000000000000000000000000000000000000000000000000000000000000000000000000000
000000000000000000000000000000000000000000000000000000000000000000000000000
000000000000000000000000000000000000000000000000000000000000000000000000000
000000000000000000000000000000000000000000000000000000000000000000000000000
000000000000000000000000000000000000000000000000000000000000000000000000000
000000000000000000000000000000000000000000000000000000000000000000000000000
000000000000000000000000000000000000000000000000000000000000000000000000000
000000000000000000000000000000000000000000000000000000000000000000000000000
000000000000000000000000000000000000000000000000000000000000000000000000000
000000000000000000000000000000000000000000000000000000000000000000000000000
000000000000000000000000000000000000000000000000000000000000000000000000000
000000000000000000000000000000000000000000000000000000000000000000000000000
000000000000000000000000000000000000000000000000000000000000000000000000000
000000000000000000000000000000000000000000000000000000000000000000000000000

000000000000000000000000000000000000000000000000000000000000000000000000000
000000000000000000000000000000000000000000000000000000000000000000000000000
000000000000000000000000000000000000000000000000000000000000000000000000000
000000000000000000000000000000000000000000000000000000000000000000000000000
000000000000000000000000000000000000000000000000000000000000000000000000000
000000000000000000000000000000000000000000000000000000000000000000000000000
000000000000000000000000000000000000000000000000000000000000000000000000000
000000000000000000000000000000000000000000000000000000000000000000000000000
000000000000000000000000000000000000000000000000000000000000000000000000000
000000000000000000000000000000000000000000000000000000000000000000000000000
000000000000000000000000000000000000000000000000000000000000000000000000000
000000000000000000000000000000000000000000000000000000000000000000000000000
000000000000000000000000000000000000000000000000000000000000000000000000000
000000000000000000000000000000000000000000000000000000000000000000000000000
000000000000000000000000000000000000000000000000000000000000000000000000000
000000000000000000000000000000000000000000000000000000000000000000000000000
000000000000000000000000000000000000000000000000000000000000000000000000000
000000000000000000000000000000000000000000000000000000000000000000000000000
000000000000000000000000000000000000000000000000000000000000000000000000000
000000000000000000000000000000000000000000000000000000000000000000000000000
000000000000000000000000000000000000000000000000000000000000000000000000000
000000000000000000000000000000000000000000000000000000000000000000000000000
000000000000000000000000000000000000000000000000000000000000000000000000000
000000000000000000000000000000000000000000000000000000000000000000000000000
000000000000000011111111111111111111111111111111111111111100000000000000000
000000000000000011111111111111111111111111111111111111111100000000000000000
000000000000000011111111111111111111000000000000000000001100000000000000000
000000000000000011111111111111111111000000000000000000001100000000000000000
000000000000000011111111111111111111000000000000000000001100000000000000000
000000000000000011111111111111111111000000000000000000001100000000000000000
000000000000000011111111111111111111000000000000000000001100000000000000000
000000000000000011111111111111111111000000000000000000001100000000000000000
000000000000000011111111111111111111000000000000000000001100000000000000000
000000000000000011111111111111111111000000000000000000001100000000000000000
000000000000000011111111111111111111000000000000000000001100000000000000000
000000000000000011111111111111111111000000000000000000001100000000000000000
000000000000000011111111111111111111000000000000000000001100000000000000000
000000000000000011111111111111111111000000000000000000001100000000000000000
000000000000000011111111111111111111000000000000000000001100000000000000000
000000000000000011111111111111111111000000000000000000001100000000000000000
000000000000000011111111111111111111000000000000000000001100000000000000000
000000000000000011111111111111111111000000000000000000001100000000000000000
000000000000000011111111111111111111000000000000000000001100000000000000000
000000000000000011111111111111111111000000000000000000001100000000000000000
000000000000000011111111111111111111000000000000000000001100000000000000000
000000000000000011111111111111111111000000000000000000001100000000000000000
000000000000000011111111111111111111000000000000000000001100000000000000000
000000000000000011111111111111111111000000000000000000001100000000000000000
000000000000000011111111111111111111111111111111111111111100000000000000000
000000000000000011111111111111111111111111111111111111111100000000000000000
000000000000000000000000000000000000000000000000000000000000000000000000000
000000000000000000000000000000000000000000000000000000000000000000000000000
000000000000000000000000000000000000000000000000000000000000000000000000000
000000000000000000000000000000000000000000000000000000000000000000000000000
000000000000000000000000000000000000000000000000000000000000000000000000000
000000000000000000000000000000000000000000000000000000000000000000000000000
000000000000000000000000000000000000000000000000000000000000000000000000000
000000000000000000000000000000000000000000000000000000000000000000000000000
000000000000000000000000000000000000000000000000000000000000000000000000000
000000000000000000000000000000000000000000000000000000000000000000000000000
000000000000000000000000000000000000000000000000000000000000000000000000000
000000000000000000000000000000000000000000000000000000000000000000000000000
000000000000000000000000000000000000000000000000000000000000000000000000000
000000000000000000000000000000000000000000000000000000000000000000000000000
000000000000000000000000000000000000000000000000000000000000000000000000000
000000000000000000000000000000000000000000000000000000000000000000000000000
000000000000000000000000000000000000000000000000000000000000000000000000000
000000000000000000000000000000000000000000000000000000000000000000000000000
000000000000000000000000000000000000000000000000000000000000000000000000000
000000000000000000000000000000000000000000000000000000000000000000000000000
000000000000000000000000000000000000000000000000000000000000000000000000000
000000000000000000000000000000000000000000000000000000000000000000000000000
000000000000000000000000000000000000000000000000000000000000000000000000000
000000000000000000000000000000000000000000000000000000000000000000000000000
000000000000000000000000000000000000000000000000000000000000000000000000000

== SDRs ==
00100001000010000001000010000001
00000000011000101001100000000000
00001010100000100010000000010000
01001101000010000001000000011010
11100000000000010000000000000001
10000000001100001010100100010000
00010000000000000100000100000000
11000000000000000000000000000000
00000100000110001010001000000001
01001110010000000110000100000000
00110000010000001010000001000000
00000000111110000000010000000010
10000000100001000000000100000001
00011000000010011100000000000000
00100000000010000000100000000010
01000000000110000001000000010010
00000000000001000000000100100100
00000010000000100000000010000000
10100000000000000010000010000001
00000001000010010000000010000000
01010000000000000100011100011000
10000010100000001000000000000000
00000000010000000001010010000000
00000000100000101100100000000000
00000010001000000000100000001000
00000010000000000001001000001000
00000000000000001101000100000000
00000000100011000100100001000000
00000000000000000010000000100000
00101000000100000001100000100010
10010110000100110000000010001000
00010000000000000000010100000000

00100001000010000001000010000001
00000000011000101001100000000000
00001010100000100010000000010000
01001101000010000001000000011010
11100000000000010000000000000001
10000000001100001010100100010000
00010000000000000100000100000000
11000000000000000000000000000000
00000100000110001010001000000001
01001110010000000110000100000000
00110000010000001010000001000000
00000000111110000000010000000010
10000000100001000000000100000001
00011000000010011100000000000000
00100000000010000000100000000010
01000000000110000001000000010010
00000000000001000000000100100100
00000010000000100000000010000000
10100000000000000010000010000001
00000001000010010000000010000000
01010000000000000100011100011000
10000010100000001000000000000000
00000000010000000001010010000000
00000000100000101100100000000000
00000010001000000000100000001000
00000010000000000001001000001000
00000000000000001101000100000000
00000000100011000100100001000000
00000000000000000010000000100000
00101000000100000001100000100010
10010110000100110000000010001000
00010000000000000000010100000000

00100001000010000001000010000001
00000000011000101001100000000000
00001010100000100010000000010000
01001101000010000001000000011010
11100000000000010000000000000001
10000000001100001010100100010000
00010000000000000100000100000000
11000000000000000000000000000000
00000100000110001010001000000001
01001110010000000110000100000000
00110000010000001010000001000000
00000000111110000000010000000010
10000000100001000000000100000001
00011000000010011100000000000000
00100000000010000000100000000010
01000000000110000001000000010010
00000000000001000000000100100100
00000010000000100000000010000000
10100000000000000010000010000001
00000001000010010000000010000000
01010000000000000100011100011000
10000010100000001000000000000000
00000000010000000001010010000000
00000000100000101100100000000000
00000010001000000000100000001000
00000010000000000001001000001000
00000000000000001101000100000000
00000000100011000100100001000000
00000000000000000010000000100000
00101000000100000001100000100010
10010110000100110000000010001000
00010000000000000000010100000000

00000000000010000001000010000011
00000001000000100000000000000000
01100000100000000000000000100001
00001100000010000000010000001000
00100000000001010110000000100011
10001000000000001010110000000100
00000001000010100000110000100001
00000000000000000100010000001000
00000000001001000001000100000001
01001000000101000110010001000000
00010100010000001000100001000000
00000000001100000000010000000100
00000001010000000000000100001001
00001000000010101000000000100100
00100000000000000100100001110100
00001000001010000001000000000110
00000000000000000000000000000000
00000100000000000000000000000000
10000000010010000000000100000000
00001000100000010000000001000000
10010001000000100110000100100000
00000010001000000001000000010000
00100000001000100011000000000000
00001000000000101101000000010000
00000010010000000000100000110000
00000001000000000101101001000000
00101110011000100001000001000010
01000000110000000000100000011010
00001000000000000000000000001000
01101000000010100011100000000000
10000011000000010100100000010010
00011001000000001000010000000000

00100001000010000001000010000001
00000000011000101001100000000000
00001010100000100010000000010000
01001101000010000001000000011010
11100000000000010000000000000001
10000000001100001010100100010000
00010000000000000100000100000000
11000000000000000000000000000000
00000100000110001010001000000001
01001110010000000110000100000000
00110000010000001010000001000000
00000000111110000000010000000010
10000000100001000000000100000001
00011000000010011100000000000000
00100000000010000000100000000010
01000000000110000001000000010010
00000000000001000000000100100100
00000010000000100000000010000000
10100000000000000010000010000001
00000001000010010000000010000000
01010000000000000100011100011000
10000010100000001000000000000000
00000000010000000001010010000000
00000000100000101100100000000000
00000010001000000000100000001000
00000010000000000001001000001000
00000000000000001101000100000000
00000000100011000100100001000000
00000000000000000010000000100000
00101000000100000001100000100010
10010110000100110000000010001000
00010000000000000000010100000000

00101100000000000100000000100000
00000010100000000111000000000000
00100000000000001000001001100001
00001000000000000010000000001000
10000000010111000100000000001001
00001000000010000001100010000000
00001000100000010000100000000000
00000000000000110000000000000000
00011000000000100101000000000000
00000001000000000001100000011000
00000000001000001000100011000001
10000000010011000101010000000000
00110010110000001001010100100000
00001000000010010000001000000000
00000000000010000011100000110000
00000010000000000001001000000110
01000000010100000000100000001000
00000000000010000010000000000000
10100100000000001100000000000000
00000000001000001000000110010000
00010001100101111000000000000000
00000000011000000000011001000000
00000000001000000000000000000000
00001010001000000000000000010000
00000000000000000110010000101000
00000000101010010000100000001000
00111010010000100000010000000000
00100100000000000000001000100100
01101000000000000000000000000000
00100100010110000000001000001000
11000001000000000000100000000000
01010001000000100110010001010001

00000100000000010010000000000000
10000000000100000001000001000010
00000000100000100100000000000000
00010000000001000000000000001000
00100000000000110000110000001000
00000000000001000000001000000000
00000000000000000000000100100000
11000010000100100000000000001000
00000000100100000010000100001011
01001010100000000010010000000000
00000000010100000000100010110010
10010000100000000000000000001000
00000000000001010000100000101011
00001000001001011100000000100000
00100000000000000000000101000000
11011000000000001000010001000100
01001000010000000000100010000001
00000010000001110000000010001000
00100000000000000000000010000001
00000001100010001000000001000000
00000000000001001110000000010000
00010010101000001011100000000000
00100010001100000001010011010000
00001000110000000001010000000000
00000010001000000110010010000000
00100011100010000001101001001001
01110000010000000000000100000000
00000000000010000100000001000000
00100000000000000000000000100000
00000000001000000000000000101010
10010000000101111100100000001010
00001000000010000000010010000001

10001000000000101001000000000000
00000011010100000100100000100000
00000010000000001000010100000001
00000000000001100100010000001010
00100000010111000000010000000010
10000000000010000000000001000010
00101100000010100000000000010000
00000000010100100001010000000010
00001001001010000010100100111011
00010101000000000000000000010000
00010001101000001000000000100000
10000000000001000011010100000000
00001000110000000000100000011000
00000000100001000000000010010101
00101000100000000011000001100000
00001010000010010000010101000101
01100000100101000000111000101000
00100100001000000010100010000000
00100110000000101100000000100000
00000001000010010000100000000000
00100000000110011101000000000001
00000000100000000100100001000100
00100000000101000000011001100000
00000000000000100000000000010000
00010000000010000000000001100000
00100011100010000100100000000000
01000001001100010000000000000100
00110100000000000000000001010010
00011010000100000101000000000000
01100001000001000010000001010000
00000000010000000000100110010000
00101000001001010100100100000000

00101010100010000010000100000001
10000010010100101100100000000000
01001011100000000010000001000001
00001100000010010001000000000010
01100000110101010000000000000010
10000000000000000010100000000000
00011001000100100000001100010000
01000000000000011100000000000000
00001101000011100000100000000100
00011110010100000111000000000000
00110100001000101000000000100011
00000011011011000100010010110010
10100000100000000001100100100000
01001000000000000000000000000101
10000000000000000110000000100010
00000000000000001001000010000100
00010001010100000000100100100100
00000000100000000100100010001001
10100010010000110010000010000010
00000001001100000000001111000000
01000101000000010100000100010000
00000000010100001100000100000000
00000000010100000001000000000000
00001000001010001000100000000000
00000010000000000000000010000000
00000011000000000001000000010010
01000010100000000000001000000000
01010000010000000100000001001000
00000000000000000110000011000010
00001101010100100001010000101010
10000000001000000000000000001001
00010000000100000100000100000001

