== Attributes ==
title=19_const_rectangle_v1
type= 2x2
result=4
window_size=(75, 75)

== Input ==
000000000000000000000000000000000000000000000000000000000000000000000000000
000000000000000000000000000000000000000000000000000000000000000000000000000
000000000000000000000000000000000000000000000000000000000000000000000000000
000000000000000000000000000000000000000000000000000000000000000000000000000
000000000000000000000000000000000000000000000000000000000000000000000000000
000000000000000000000000000000000000000000000000000000000000000000000000000
000000000000000000000000000000000000000000000000000000000000000000000000000
000000000000000000000000000000000000000000000000000000000000000000000000000
000000000000000000000000000000000000000000000000000000000000000000000000000
000000000000000000000000000000000000000000000000000000000000000000000000000
000000000000000000000000000000000000000000000000000000000000000000000000000
000000000000000000000000000000000000000000000000000000000000000000000000000
000000000000000000000000000000000000000000000000000000000000000000000000000
000000000000000000000000000000000000000000000000000000000000000000000000000
000000000000000000000000000000000000000000000000000000000000000000000000000
000000000000000000000000000000000000000000000000000000000000000000000000000
000000000000000000000000111111111111111111111111110000000000000000000000000
000000000000000000000000111111111111111111111111110000000000000000000000000
000000000000000000000000111111111111000000000000110000000000000000000000000
000000000000000000000000111111111111000000000000110000000000000000000000000
000000000000000000000000111111111111000000000000110000000000000000000000000
000000000000000000000000111111111111000000000000110000000000000000000000000
000000000000000000000000111111111111000000000000110000000000000000000000000
000000000000000000000000111111111111000000000000110000000000000000000000000
000000000000000000000000111111111111000000000000110000000000000000000000000
000000000000000000000000111111111111000000000000110000000000000000000000000
000000000000000000000000111111111111000000000000110000000000000000000000000
000000000000000000000000111111111111000000000000110000000000000000000000000
000000000000000000000000111111111111000000000000110000000000000000000000000
000000000000000000000000111111111111000000000000110000000000000000000000000
000000000000000000000000111111111111000000000000110000000000000000000000000
000000000000000000000000111111111111000000000000110000000000000000000000000
000000000000000000000000111111111111000000000000110000000000000000000000000
000000000000000000000000111111111111000000000000110000000000000000000000000
000000000000000000000000111111111111000000000000110000000000000000000000000
000000000000000000000000111111111111000000000000110000000000000000000000000
000000000000000000000000111111111111000000000000110000000000000000000000000
000000000000000000000000111111111111000000000000110000000000000000000000000
000000000000000000000000111111111111000000000000110000000000000000000000000
000000000000000000000000111111111111000000000000110000000000000000000000000
000000000000000000000000111111111111000000000000110000000000000000000000000
000000000000000000000000111111111111000000000000110000000000000000000000000
000000000000000000000000111111111111000000000000110000000000000000000000000
000000000000000000000000111111111111000000000000110000000000000000000000000
000000000000000000000000111111111111000000000000110000000000000000000000000
000000000000000000000000111111111111000000000000110000000000000000000000000
000000000000000000000000111111111111000000000000110000000000000000000000000
000000000000000000000000111111111111000000000000110000000000000000000000000
000000000000000000000000111111111111000000000000110000000000000000000000000
000000000000000000000000111111111111000000000000110000000000000000000000000
000000000000000000000000111111111111000000000000110000000000000000000000000
000000000000000000000000111111111111000000000000110000000000000000000000000
000000000000000000000000111111111111000000000000110000000000000000000000000
000000000000000000000000111111111111000000000000110000000000000000000000000
000000000000000000000000111111111111000000000000110000000000000000000000000
000000000000000000000000111111111111000000000000110000000000000000000000000
000000000000000000000000111111111111111111111111110000000000000000000000000
000000000000000000000000111111111111111111111111110000000000000000000000000
000000000000000000000000000000000000000000000000000000000000000000000000000
000000000000000000000000000000000000000000000000000000000000000000000000000
000000000000000000000000000000000000000000000000000000000000000000000000000
000000000000000000000000000000000000000000000000000000000000000000000000000
000000000000000000000000000000000000000000000000000000000000000000000000000
000000000000000000000000000000000000000000000000000000000000000000000000000
000000000000000000000000000000000000000000000000000000000000000000000000000
000000000000000000000000000000000000000000000000000000000000000000000000000
000000000000000000000000000000000000000000000000000000000000000000000000000
000000000000000000000000000000000000000000000000000000000000000000000000000
000000000000000000000000000000000000000000000000000000000000000000000000000
000000000000000000000000000000000000000000000000000000000000000000000000000
000000000000000000000000000000000000000000000000000000000000000000000000000
000000000000000000000000000000000000000000000000000000000000000000000000000
000000000000000000000000000000000000000000000000000000000000000000000000000
000000000000000000000000000000000000000000000000000000000000000000000000000
000000000000000000000000000000000000000000000000000000000000000000000000000

000000000000000000000000000000000000000000000000000000000000000000000000000
000000000000000000000000000000000000000000000000000000000000000000000000000
000000000000000000000000000000000000000000000000000000000000000000000000000
000000000000000000000000000000000000000000000000000000000000000000000000000
000000000000000000000000000000000000000000000000000000000000000000000000000
000000000000000000000000000000000000000000000000000000000000000000000000000
000000000000000000000000000000000000000000000000000000000000000000000000000
000000000000000000000000000000000000000000000000000000000000000000000000000
000000000000000000000000000000000000000000000000000000000000000000000000000
000000000000000000000000000000000000000000000000000000000000000000000000000
000000000000000000000000000000000000000000000000000000000000000000000000000
000000000000000000000000000000000000000000000000000000000000000000000000000
000000000000000000000000000000000000000000000000000000000000000000000000000
000000000000000000000000000000000000000000000000000000000000000000000000000
000000000000000000000000000000000000000000000000000000000000000000000000000
000000000000000000000000000000000000000000000000000000000000000000000000000
000000000000000000000000111111111111111111111111110000000000000000000000000
000000000000000000000000111111111111111111111111110000000000000000000000000
000000000000000000000000111111111111000000000000110000000000000000000000000
000000000000000000000000111111111111000000000000110000000000000000000000000
000000000000000000000000111111111111000000000000110000000000000000000000000
000000000000000000000000111111111111000000000000110000000000000000000000000
000000000000000000000000111111111111000000000000110000000000000000000000000
000000000000000000000000111111111111000000000000110000000000000000000000000
000000000000000000000000111111111111000000000000110000000000000000000000000
000000000000000000000000111111111111000000000000110000000000000000000000000
000000000000000000000000111111111111000000000000110000000000000000000000000
000000000000000000000000111111111111000000000000110000000000000000000000000
000000000000000000000000111111111111000000000000110000000000000000000000000
000000000000000000000000111111111111000000000000110000000000000000000000000
000000000000000000000000111111111111000000000000110000000000000000000000000
000000000000000000000000111111111111000000000000110000000000000000000000000
000000000000000000000000111111111111000000000000110000000000000000000000000
000000000000000000000000111111111111000000000000110000000000000000000000000
000000000000000000000000111111111111000000000000110000000000000000000000000
000000000000000000000000111111111111000000000000110000000000000000000000000
000000000000000000000000111111111111000000000000110000000000000000000000000
000000000000000000000000111111111111000000000000110000000000000000000000000
000000000000000000000000111111111111000000000000110000000000000000000000000
000000000000000000000000111111111111000000000000110000000000000000000000000
000000000000000000000000111111111111000000000000110000000000000000000000000
000000000000000000000000111111111111000000000000110000000000000000000000000
000000000000000000000000111111111111000000000000110000000000000000000000000
000000000000000000000000111111111111000000000000110000000000000000000000000
000000000000000000000000111111111111000000000000110000000000000000000000000
000000000000000000000000111111111111000000000000110000000000000000000000000
000000000000000000000000111111111111000000000000110000000000000000000000000
000000000000000000000000111111111111000000000000110000000000000000000000000
000000000000000000000000111111111111000000000000110000000000000000000000000
000000000000000000000000111111111111000000000000110000000000000000000000000
000000000000000000000000111111111111000000000000110000000000000000000000000
000000000000000000000000111111111111000000000000110000000000000000000000000
000000000000000000000000111111111111000000000000110000000000000000000000000
000000000000000000000000111111111111000000000000110000000000000000000000000
000000000000000000000000111111111111000000000000110000000000000000000000000
000000000000000000000000111111111111000000000000110000000000000000000000000
000000000000000000000000111111111111111111111111110000000000000000000000000
000000000000000000000000111111111111111111111111110000000000000000000000000
000000000000000000000000000000000000000000000000000000000000000000000000000
000000000000000000000000000000000000000000000000000000000000000000000000000
000000000000000000000000000000000000000000000000000000000000000000000000000
000000000000000000000000000000000000000000000000000000000000000000000000000
000000000000000000000000000000000000000000000000000000000000000000000000000
000000000000000000000000000000000000000000000000000000000000000000000000000
000000000000000000000000000000000000000000000000000000000000000000000000000
000000000000000000000000000000000000000000000000000000000000000000000000000
000000000000000000000000000000000000000000000000000000000000000000000000000
000000000000000000000000000000000000000000000000000000000000000000000000000
000000000000000000000000000000000000000000000000000000000000000000000000000
000000000000000000000000000000000000000000000000000000000000000000000000000
000000000000000000000000000000000000000000000000000000000000000000000000000
000000000000000000000000000000000000000000000000000000000000000000000000000
000000000000000000000000000000000000000000000000000000000000000000000000000
000000000000000000000000000000000000000000000000000000000000000000000000000
000000000000000000000000000000000000000000000000000000000000000000000000000

000000000000000000000000000000000000000000000000000000000000000000000000000
000000000000000000000000000000000000000000000000000000000000000000000000000
000000000000000000000000000000000000000000000000000000000000000000000000000
000000000000000000000000000000000000000000000000000000000000000000000000000
000000000000000000000000000000000000000000000000000000000000000000000000000
000000000000000000000000000000000000000000000000000000000000000000000000000
000000000000000000000000000000000000000000000000000000000000000000000000000
000000000000000000000000000000000000000000000000000000000000000000000000000
000000000000000000000000000000000000000000000000000000000000000000000000000
000000000000000000000000000000000000000000000000000000000000000000000000000
000000000000000000000000000000000000000000000000000000000000000000000000000
000000000000000000000000000000000000000000000000000000000000000000000000000
000000000000000000000000000000000000000000000000000000000000000000000000000
000000000000000000000000000000000000000000000000000000000000000000000000000
000000000000000000000000000000000000000000000000000000000000000000000000000
000000000000000000000000000000000000000000000000000000000000000000000000000
000000000000000000000000111111111111111111111111110000000000000000000000000
000000000000000000000000111111111111111111111111110000000000000000000000000
000000000000000000000000111111111111000000000000110000000000000000000000000
000000000000000000000000111111111111000000000000110000000000000000000000000
000000000000000000000000111111111111000000000000110000000000000000000000000
000000000000000000000000111111111111000000000000110000000000000000000000000
000000000000000000000000111111111111000000000000110000000000000000000000000
000000000000000000000000111111111111000000000000110000000000000000000000000
000000000000000000000000111111111111000000000000110000000000000000000000000
000000000000000000000000111111111111000000000000110000000000000000000000000
000000000000000000000000111111111111000000000000110000000000000000000000000
000000000000000000000000111111111111000000000000110000000000000000000000000
000000000000000000000000111111111111000000000000110000000000000000000000000
000000000000000000000000111111111111000000000000110000000000000000000000000
000000000000000000000000111111111111000000000000110000000000000000000000000
000000000000000000000000111111111111000000000000110000000000000000000000000
000000000000000000000000111111111111000000000000110000000000000000000000000
000000000000000000000000111111111111000000000000110000000000000000000000000
000000000000000000000000111111111111000000000000110000000000000000000000000
000000000000000000000000111111111111000000000000110000000000000000000000000
000000000000000000000000111111111111000000000000110000000000000000000000000
000000000000000000000000111111111111000000000000110000000000000000000000000
000000000000000000000000111111111111000000000000110000000000000000000000000
000000000000000000000000111111111111000000000000110000000000000000000000000
000000000000000000000000111111111111000000000000110000000000000000000000000
000000000000000000000000111111111111000000000000110000000000000000000000000
000000000000000000000000111111111111000000000000110000000000000000000000000
000000000000000000000000111111111111000000000000110000000000000000000000000
000000000000000000000000111111111111000000000000110000000000000000000000000
000000000000000000000000111111111111000000000000110000000000000000000000000
000000000000000000000000111111111111000000000000110000000000000000000000000
000000000000000000000000111111111111000000000000110000000000000000000000000
000000000000000000000000111111111111000000000000110000000000000000000000000
000000000000000000000000111111111111000000000000110000000000000000000000000
000000000000000000000000111111111111000000000000110000000000000000000000000
000000000000000000000000111111111111000000000000110000000000000000000000000
000000000000000000000000111111111111000000000000110000000000000000000000000
000000000000000000000000111111111111000000000000110000000000000000000000000
000000000000000000000000111111111111000000000000110000000000000000000000000
000000000000000000000000111111111111000000000000110000000000000000000000000
000000000000000000000000111111111111111111111111110000000000000000000000000
000000000000000000000000111111111111111111111111110000000000000000000000000
000000000000000000000000000000000000000000000000000000000000000000000000000
000000000000000000000000000000000000000000000000000000000000000000000000000
000000000000000000000000000000000000000000000000000000000000000000000000000
000000000000000000000000000000000000000000000000000000000000000000000000000
000000000000000000000000000000000000000000000000000000000000000000000000000
000000000000000000000000000000000000000000000000000000000000000000000000000
000000000000000000000000000000000000000000000000000000000000000000000000000
000000000000000000000000000000000000000000000000000000000000000000000000000
000000000000000000000000000000000000000000000000000000000000000000000000000
000000000000000000000000000000000000000000000000000000000000000000000000000
000000000000000000000000000000000000000000000000000000000000000000000000000
000000000000000000000000000000000000000000000000000000000000000000000000000
000000000000000000000000000000000000000000000000000000000000000000000000000
000000000000000000000000000000000000000000000000000000000000000000000000000
000000000000000000000000000000000000000000000000000000000000000000000000000
000000000000000000000000000000000000000000000000000000000000000000000000000
000000000000000000000000000000000000000000000000000000000000000000000000000

== Output ==
000000000000000000000000000000000000000000000000000000000000000000000000000
000000000000000000000000000000000000000000000000000000000000000000000000000
000000000000000000000000000000000000000000000000000000000000000000000000000
000000000000000000000000000000000000000000000000000000000000000000000000000
000000000000000000000000000000000000000000000000000000000000000000000000000
000000000000000000000000000000000000000000000000000000000000000000000000000
000000000000000000000000000000000000000000000000000000000000000000000000000
000000000000000000000000000000000000000000000000000000000000000000000000000
000000000000000000000000000000000000000000000000000000000000000000000000000
000000000000000000000000000000000000000000000000000000000000000000000000000
000000000000000000000000000000000000000000000000000000000000000000000000000
000000000000000000000000000000000000000000000000000000000000000000000000000
000000000000000000000000000000000000000000000000000000000000000000000000000
000000000000000000000000000000000000000000000000000000000000000000000000000
000000000000000000000000000000000000000000000000000000000000000000000000000
000000000000000000000000000000000000000000000000000000000000000000000000000
000000000000000000000000000000000000000000000000000000000000000000000000000
000000000000000000000000000000000000000000000000000000000000000000000000000
000000000000000000000000000000000000000000000000000000000000000000000000000
000000000000000000000000000000000000000000000000000000000000000000000000000
000000000000000000001111111111111111111111111111111111000000000000000000000
000000000000000000001111111111111111111111111111111111000000000000000000000
000000000000000000001111111111111111000000000000000011000000000000000000000
000000000000000000001111111111111111000000000000000011000000000000000000000
000000000000000000001111111111111111000000000000000011000000000000000000000
000000000000000000001111111111111111000000000000000011000000000000000000000
000000000000000000001111111111111111000000000000000011000000000000000000000
000000000000000000001111111111111111000000000000000011000000000000000000000
000000000000000000001111111111111111000000000000000011000000000000000000000
000000000000000000001111111111111111000000000000000011000000000000000000000
000000000000000000001111111111111111000000000000000011000000000000000000000
000000000000000000001111111111111111000000000000000011000000000000000000000
000000000000000000001111111111111111000000000000000011000000000000000000000
000000000000000000001111111111111111000000000000000011000000000000000000000
000000000000000000001111111111111111000000000000000011000000000000000000000
000000000000000000001111111111111111000000000000000011000000000000000000000
000000000000000000001111111111111111000000000000000011000000000000000000000
000000000000000000001111111111111111000000000000000011000000000000000000000
000000000000000000001111111111111111000000000000000011000000000000000000000
000000000000000000001111111111111111000000000000000011000000000000000000000
000000000000000000001111111111111111000000000000000011000000000000000000000
000000000000000000001111111111111111000000000000000011000000000000000000000
000000000000000000001111111111111111000000000000000011000000000000000000000
000000000000000000001111111111111111000000000000000011000000000000000000000
000000000000000000001111111111111111000000000000000011000000000000000000000
000000000000000000001111111111111111000000000000000011000000000000000000000
000000000000000000001111111111111111000000000000000011000000000000000000000
000000000000000000001111111111111111000000000000000011000000000000000000000
000000000000000000001111111111111111000000000000000011000000000000000000000
000000000000000000001111111111111111000000000000000011000000000000000000000
000000000000000000001111111111111111000000000000000011000000000000000000000
000000000000000000001111111111111111000000000000000011000000000000000000000
000000000000000000001111111111111111111111111111111111000000000000000000000
000000000000000000001111111111111111111111111111111111000000000000000000000
000000000000000000000000000000000000000000000000000000000000000000000000000
000000000000000000000000000000000000000000000000000000000000000000000000000
000000000000000000000000000000000000000000000000000000000000000000000000000
000000000000000000000000000000000000000000000000000000000000000000000000000
000000000000000000000000000000000000000000000000000000000000000000000000000
000000000000000000000000000000000000000000000000000000000000000000000000000
000000000000000000000000000000000000000000000000000000000000000000000000000
000000000000000000000000000000000000000000000000000000000000000000000000000
000000000000000000000000000000000000000000000000000000000000000000000000000
000000000000000000000000000000000000000000000000000000000000000000000000000
000000000000000000000000000000000000000000000000000000000000000000000000000
000000000000000000000000000000000000000000000000000000000000000000000000000
000000000000000000000000000000000000000000000000000000000000000000000000000
000000000000000000000000000000000000000000000000000000000000000000000000000
000000000000000000000000000000000000000000000000000000000000000000000000000
000000000000000000000000000000000000000000000000000000000000000000000000000
000000000000000000000000000000000000000000000000000000000000000000000000000
000000000000000000000000000000000000000000000000000000000000000000000000000
000000000000000000000000000000000000000000000000000000000000000000000000000
000000000000000000000000000000000000000000000000000000000000000000000000000
000000000000000000000000000000000000000000000000000000000000000000000000000

000000000000000000000000000000000000000000000000000000000000000000000000000
000000000000000000000000000000000000000000000000000000000000000000000000000
000000000000000000000000000000000000000000000000000000000000000000000000000
000000000000000000000000000000000000000000000000000000000000000000000000000
000000000000000000000000000000000000000000000000000000000000000000000000000
000000000000000000000000000000000000000000000000000000000000000000000000000
000000000000000000000000000000000000000000000000000000000000000000000000000
000000000000000000000000000000000000000000000000000000000000000000000000000
000000000000000000000000000000000000000000000000000000000000000000000000000
000000000000000000000000000000000000000000000000000000000000000000000000000
000000000000000000000000000000000000000000000000000000000000000000000000000
000000000000000000000000000000000000000000000000000000000000000000000000000
000000000000000000000000000000000000000000000000000000000000000000000000000
000000000000000000000000000000000000000000000000000000000000000000000000000
000000000000000000000000000000000000000000000000000000000000000000000000000
000000000000000000000000000000000000100000000000000000000000000000000000000
000000000000000000000000000000111111111111100000000000000000000000000000000
000000000000000000000000000011111111111111111000000000000000000000000000000
000000000000000000000000001111111111000000011110000000000000000000000000000
000000000000000000000000111111111111000000000111100000000000000000000000000
000000000000000000000001111111111111000000000001110000000000000000000000000
000000000000000000000011111111111111000000000000111000000000000000000000000
000000000000000000000111111111111111000000000000011100000000000000000000000
000000000000000000001111111111111111000000000000001110000000000000000000000
000000000000000000011111111111111111000000000000000111000000000000000000000
000000000000000000011111111111111111000000000000000011000000000000000000000
000000000000000000111111111111111111000000000000000001100000000000000000000
000000000000000000111111111111111111000000000000000001100000000000000000000
000000000000000001111111111111111111000000000000000000110000000000000000000
000000000000000001111111111111111111000000000000000000110000000000000000000
000000000000000011111111111111111111000000000000000000011000000000000000000
000000000000000011111111111111111111000000000000000000011000000000000000000
000000000000000011111111111111111111000000000000000000011000000000000000000
000000000000000011111111111111111111000000000000000000011000000000000000000
000000000000000011111111111111111111000000000000000000011000000000000000000
000000000000000011111111111111111111000000000000000000011000000000000000000
000000000000000111111111111111111111000000000000000000011100000000000000000
000000000000000011111111111111111111000000000000000000011000000000000000000
000000000000000011111111111111111111000000000000000000011000000000000000000
000000000000000011111111111111111111000000000000000000011000000000000000000
000000000000000011111111111111111111000000000000000000011000000000000000000
000000000000000011111111111111111111000000000000000000011000000000000000000
000000000000000011111111111111111111000000000000000000011000000000000000000
000000000000000001111111111111111111000000000000000000110000000000000000000
000000000000000001111111111111111111000000000000000000110000000000000000000
000000000000000000111111111111111111000000000000000001100000000000000000000
000000000000000000111111111111111111000000000000000001100000000000000000000
000000000000000000011111111111111111000000000000000011000000000000000000000
000000000000000000011111111111111111000000000000000111000000000000000000000
000000000000000000001111111111111111000000000000001110000000000000000000000
000000000000000000000111111111111111000000000000011100000000000000000000000
000000000000000000000011111111111111000000000000111000000000000000000000000
000000000000000000000001111111111111000000000001110000000000000000000000000
000000000000000000000000111111111111000000000111100000000000000000000000000
000000000000000000000000001111111111000000011110000000000000000000000000000
000000000000000000000000000011111111111111111000000000000000000000000000000
000000000000000000000000000000111111111111100000000000000000000000000000000
000000000000000000000000000000000000100000000000000000000000000000000000000
000000000000000000000000000000000000000000000000000000000000000000000000000
000000000000000000000000000000000000000000000000000000000000000000000000000
000000000000000000000000000000000000000000000000000000000000000000000000000
000000000000000000000000000000000000000000000000000000000000000000000000000
000000000000000000000000000000000000000000000000000000000000000000000000000
000000000000000000000000000000000000000000000000000000000000000000000000000
000000000000000000000000000000000000000000000000000000000000000000000000000
000000000000000000000000000000000000000000000000000000000000000000000000000
000000000000000000000000000000000000000000000000000000000000000000000000000
000000000000000000000000000000000000000000000000000000000000000000000000000
000000000000000000000000000000000000000000000000000000000000000000000000000
000000000000000000000000000000000000000000000000000000000000000000000000000
000000000000000000000000000000000000000000000000000000000000000000000000000
000000000000000000000000000000000000000000000000000000000000000000000000000
000000000000000000000000000000000000000000000000000000000000000000000000000
000000000000000000000000000000000000000000000000000000000000000000000000000
000000000000000000000000000000000000000000000000000000000000000000000000000

000000000000000000000000000000000000000000000000000000000000000000000000000
000000000000000000000000000000000000000000000000000000000000000000000000000
000000000000000000000000000000000000000000000000000000000000000000000000000
000000000000000000000000000000000000000000000000000000000000000000000000000
000000000000000000000000000000000000000000000000000000000000000000000000000
000000000000000000000000000000000000000000000000000000000000000000000000000
000000000000000000000000000000000000000000000000000000000000000000000000000
000000000000000000000000000000000000000000000000000000000000000000000000000
000000000000000000000000000000000000000000000000000000000000000000000000000
000000000000000000000000000000000000000000000000000000000000000000000000000
000000000000000000000000000000000000000000000000000000000000000000000000000
000000000000000000000000000000000000000000000000000000000000000000000000000
000000000000000000000000000000000000000000000000000000000000000000000000000
000000000000000000000000000000000000000000000000000000000000000000000000000
000000000000000000000000000000000000000000000000000000000000000000000000000
000000000000000000000000000000000000000000000000000000000000000000000000000
000000000000000000000000000000000000000000000000000000000000000000000000000
000000000000000000000000000000000000000000000000000000000000000000000000000
000000000000000000000000000000000000000000000000000000000000000000000000000
000000000000000000000000000000000000000000000000000000000000000000000000000
000000000000000000000000000000000000000000000000000000000000000000000000000
000000000000000000000000000000000000000000000000000000000000000000000000000
000000000000000000000000000000000000000000000000000000000000000000000000000
000000000000000000000000000000000000000000000000000000000000000000000000000
000000000000000000000000000000000000000000000000000000000000000000000000000
000000000000000000000000000000000000000000000000000000000000000000000000000
000000000000000000000000000000000000110000000000000000000000000000000000000
000000000000000000000000000000000001111000000000000000000000000000000000000
000000000000000000000000000000000011001100000000000000000000000000000000000
000000000000000000000000000000000111000110000000000000000000000000000000000
000000000000000000000000000000001111000011000000000000000000000000000000000
000000000000000000000000000000011111000001100000000000000000000000000000000
000000000000000000000000000000111111000000110000000000000000000000000000000
000000000000000000000000000001111111000000011000000000000000000000000000000
000000000000000000000000000011111111000000001100000000000000000000000000000
000000000000000000000000000111111111000000000110000000000000000000000000000
000000000000000000000000001111111111000000000011000000000000000000000000000
000000000000000000000000011111111111000000000001100000000000000000000000000
000000000000000000000000111111111111000000000000110000000000000000000000000
000000000000000000000001111111111111000000000000011000000000000000000000000
000000000000000000000011111111111111000000000000001100000000000000000000000
000000000000000000000111111111111111000000000000000110000000000000000000000
000000000000000000001111111111111111000000000000000011000000000000000000000
000000000000000000011111111111111111000000000000000001100000000000000000000
000000000000000000111111111111111111000000000000000000110000000000000000000
000000000000000001111111111111111111000000000000000000011000000000000000000
000000000000000011111111111111111111111111111111111111111100000000000000000
000000000000000111111111111111111111111111111111111111111110000000000000000
000000000000000000000000000000000000000000000000000000000000000000000000000
000000000000000000000000000000000000000000000000000000000000000000000000000
000000000000000000000000000000000000000000000000000000000000000000000000000
000000000000000000000000000000000000000000000000000000000000000000000000000
000000000000000000000000000000000000000000000000000000000000000000000000000
000000000000000000000000000000000000000000000000000000000000000000000000000
000000000000000000000000000000000000000000000000000000000000000000000000000
000000000000000000000000000000000000000000000000000000000000000000000000000
000000000000000000000000000000000000000000000000000000000000000000000000000
000000000000000000000000000000000000000000000000000000000000000000000000000
000000000000000000000000000000000000000000000000000000000000000000000000000
000000000000000000000000000000000000000000000000000000000000000000000000000
000000000000000000000000000000000000000000000000000000000000000000000000000
000000000000000000000000000000000000000000000000000000000000000000000000000
000000000000000000000000000000000000000000000000000000000000000000000000000
000000000000000000000000000000000000000000000000000000000000000000000000000
000000000000000000000000000000000000000000000000000000000000000000000000000
000000000000000000000000000000000000000000000000000000000000000000000000000
000000000000000000000000000000000000000000000000000000000000000000000000000
000000000000000000000000000000000000000000000000000000000000000000000000000
000000000000000000000000000000000000000000000000000000000000000000000000000
000000000000000000000000000000000000000000000000000000000000000000000000000
000000000000000000000000000000000000000000000000000000000000000000000000000
000000000000000000000000000000000000000000000000000000000000000000000000000
000000000000000000000000000000000000000000000000000000000000000000000000000
000000000000000000000000000000000000000000000000000000000000000000000000000
000000000000000000000000000000000000000000000000000000000000000000000000000

000000000000000000000000000000000000000000000000000000000000000000000000000
000000000000000000000000000000000000000000000000000000000000000000000000000
000000000000000000000000000000000000000000000000000000000000000000000000000
000000000000000000000000000000000000000000000000000000000000000000000000000
000000000000000000000000000000000000000000000000000000000000000000000000000
000000000000000000000000000000000000000000000000000000000000000000000000000
000000000000000000000000000000000000000000000000000000000000000000000000000
000000000000000000000000000000000000000000000000000000000000000000000000000
000000000000000000000000000000000000000000000000000000000000000000000000000
000000000000000000000000000000000000000000000000000000000000000000000000000
000000000000000000000000000000000000000000000000000000000000000000000000000
000000000000000000000000000000000000000000000000000000000000000000000000000
000000000000000000000000000000000000000000000000000000000000000000000000000
000000000000000000000000000000000000000000000000000000000000000000000000000
000000000000000000000000000000000000000000000000000000000000000000000000000
000000000000000000000000000000000000000000000000000000000000000000000000000
000000000000000000000000111111111111111111111111110000000000000000000000000
000000000000000000000000111111111111111111111111110000000000000000000000000
000000000000000000000000111111111111000000000000110000000000000000000000000
000000000000000000000000111111111111000000000000110000000000000000000000000
000000000000000000000000111111111111000000000000110000000000000000000000000
000000000000000000000000111111111111000000000000110000000000000000000000000
000000000000000000000000111111111111000000000000110000000000000000000000000
000000000000000000000000111111111111000000000000110000000000000000000000000
000000000000000000000000111111111111000000000000110000000000000000000000000
000000000000000000000000111111111111000000000000110000000000000000000000000
000000000000000000000000111111111111000000000000110000000000000000000000000
000000000000000000000000111111111111000000000000110000000000000000000000000
000000000000000000000000111111111111000000000000110000000000000000000000000
000000000000000000000000111111111111000000000000110000000000000000000000000
000000000000000000000000111111111111000000000000110000000000000000000000000
000000000000000000000000111111111111000000000000110000000000000000000000000
000000000000000000000000111111111111000000000000110000000000000000000000000
000000000000000000000000111111111111000000000000110000000000000000000000000
000000000000000000000000111111111111000000000000110000000000000000000000000
000000000000000000000000111111111111000000000000110000000000000000000000000
000000000000000000000000111111111111000000000000110000000000000000000000000
000000000000000000000000111111111111000000000000110000000000000000000000000
000000000000000000000000111111111111000000000000110000000000000000000000000
000000000000000000000000111111111111000000000000110000000000000000000000000
000000000000000000000000111111111111000000000000110000000000000000000000000
000000000000000000000000111111111111000000000000110000000000000000000000000
000000000000000000000000111111111111000000000000110000000000000000000000000
000000000000000000000000111111111111000000000000110000000000000000000000000
000000000000000000000000111111111111000000000000110000000000000000000000000
000000000000000000000000111111111111000000000000110000000000000000000000000
000000000000000000000000111111111111000000000000110000000000000000000000000
000000000000000000000000111111111111000000000000110000000000000000000000000
000000000000000000000000111111111111000000000000110000000000000000000000000
000000000000000000000000111111111111000000000000110000000000000000000000000
000000000000000000000000111111111111000000000000110000000000000000000000000
000000000000000000000000111111111111000000000000110000000000000000000000000
000000000000000000000000111111111111000000000000110000000000000000000000000
000000000000000000000000111111111111000000000000110000000000000000000000000
000000000000000000000000111111111111000000000000110000000000000000000000000
000000000000000000000000111111111111000000000000110000000000000000000000000
000000000000000000000000111111111111111111111111110000000000000000000000000
000000000000000000000000111111111111111111111111110000000000000000000000000
000000000000000000000000000000000000000000000000000000000000000000000000000
000000000000000000000000000000000000000000000000000000000000000000000000000
000000000000000000000000000000000000000000000000000000000000000000000000000
000000000000000000000000000000000000000000000000000000000000000000000000000
000000000000000000000000000000000000000000000000000000000000000000000000000
000000000000000000000000000000000000000000000000000000000000000000000000000
000000000000000000000000000000000000000000000000000000000000000000000000000
000000000000000000000000000000000000000000000000000000000000000000000000000
000000000000000000000000000000000000000000000000000000000000000000000000000
000000000000000000000000000000000000000000000000000000000000000000000000000
000000000000000000000000000000000000000000000000000000000000000000000000000
000000000000000000000000000000000000000000000000000000000000000000000000000
000000000000000000000000000000000000000000000000000000000000000000000000000
000000000000000000000000000000000000000000000000000000000000000000000000000
000000000000000000000000000000000000000000000000000000000000000000000000000
000000000000000000000000000000000000000000000000000000000000000000000000000
000000000000000000000000000000000000000000000000000000000000000000000000000

000000000000000000000000000000000000000000000000000000000000000000000000000
000000000000000000000000000000000000000000000000000000000000000000000000000
000000000000000000000000000000000000000000000000000000000000000000000000000
000000000000000000000000000000000000000000000000000000000000000000000000000
000000000000000000000000000000000000000000000000000000000000000000000000000
000000000000000000000000000000000000000000000000000000000000000000000000000
000000000000000000000000000000000000000000000000000000000000000000000000000
000000000000000000000000000000000000000000000000000000000000000000000000000
000000000000000000000000000000000000000000000000000000000000000000000000000
000000000000000000000000000000000000000000000000000000000000000000000000000
000000000000000000000000000000000000000000000000000000000000000000000000000
000000000000000000000000000000000000000000000000000000000000000000000000000
000000000000000000000000000000000000000000000000000000000000000000000000000
000000000000000000000000000000000000000000000000000000000000000000000000000
000000000000000000000000000000000000000000000000000000000000000000000000000
000000000000000000000000000000000000000000000000000000000000000000000000000
000000000000000000000000000000000000000000000000000000000000000000000000000
000000000000000000000000000000000000000000000000000000000000000000000000000
000000000000000000000000000000000000000000000000000000000000000000000000000
000000000000000000000000000000000000000000000000000000000000000000000000000
000000000000000000000000000000000000000000000000000000000000000000000000000
000000000000000000000000000000000000000000000000000000000000000000000000000
000000000000000000000000000000000000000000000000000000000000000000000000000
000000000000000000000000000000000000000000000000000000000000000000000000000
000000000000000000000000000000000000000000000000000000000000000000000000000
000000000000000000000000000000000000000000000000000000000000000000000000000
000000000000000111111111111111111111111111111111111111111110000000000000000
000000000000000011111111111111111111111111111111111111111100000000000000000
000000000000000001111111111111111111000000000000000000011000000000000000000
000000000000000000111111111111111111000000000000000000110000000000000000000
000000000000000000011111111111111111000000000000000001100000000000000000000
000000000000000000001111111111111111000000000000000011000000000000000000000
000000000000000000000111111111111111000000000000000110000000000000000000000
000000000000000000000011111111111111000000000000001100000000000000000000000
000000000000000000000001111111111111000000000000011000000000000000000000000
000000000000000000000000111111111111000000000000110000000000000000000000000
000000000000000000000000011111111111000000000001100000000000000000000000000
000000000000000000000000001111111111000000000011000000000000000000000000000
000000000000000000000000000111111111000000000110000000000000000000000000000
000000000000000000000000000011111111000000001100000000000000000000000000000
000000000000000000000000000001111111000000011000000000000000000000000000000
000000000000000000000000000000111111000000110000000000000000000000000000000
000000000000000000000000000000011111000001100000000000000000000000000000000
000000000000000000000000000000001111000011000000000000000000000000000000000
000000000000000000000000000000000111000110000000000000000000000000000000000
000000000000000000000000000000000011001100000000000000000000000000000000000
000000000000000000000000000000000001111000000000000000000000000000000000000
000000000000000000000000000000000000110000000000000000000000000000000000000
000000000000000000000000000000000000000000000000000000000000000000000000000
000000000000000000000000000000000000000000000000000000000000000000000000000
000000000000000000000000000000000000000000000000000000000000000000000000000
000000000000000000000000000000000000000000000000000000000000000000000000000
000000000000000000000000000000000000000000000000000000000000000000000000000
000000000000000000000000000000000000000000000000000000000000000000000000000
000000000000000000000000000000000000000000000000000000000000000000000000000
000000000000000000000000000000000000000000000000000000000000000000000000000
000000000000000000000000000000000000000000000000000000000000000000000000000
000000000000000000000000000000000000000000000000000000000000000000000000000
000000000000000000000000000000000000000000000000000000000000000000000000000
000000000000000000000000000000000000000000000000000000000000000000000000000
000000000000000000000000000000000000000000000000000000000000000000000000000
000000000000000000000000000000000000000000000000000000000000000000000000000
000000000000000000000000000000000000000000000000000000000000000000000000000
000000000000000000000000000000000000000000000000000000000000000000000000000
000000000000000000000000000000000000000000000000000000000000000000000000000
000000000000000000000000000000000000000000000000000000000000000000000000000
000000000000000000000000000000000000000000000000000000000000000000000000000
000000000000000000000000000000000000000000000000000000000000000000000000000
000000000000000000000000000000000000000000000000000000000000000000000000000
000000000000000000000000000000000000000000000000000000000000000000000000000
000000000000000000000000000000000000000000000000000000000000000000000000000
000000000000000000000000000000000000000000000000000000000000000000000000000
000000000000000000000000000000000000000000000000000000000000000000000000000
000000000000000000000000000000000000000000000000000000000000000000000000000
000000000000000000000000000000000000000000000000000000000000000000000000000

000000000000000000000000000000000000000000000000000000000000000000000000000
000000000000000000000000000000000000000000000000000000000000000000000000000
000000000000000000000000000000000000000000000000000000000000000000000000000
000000000000000000000000000000000000000000000000000000000000000000000000000
000000000000000000000000000000000000000000000000000000000000000000000000000
000000000000000000000000000000000000000000000000000000000000000000000000000
000000000000000000000000000000000000000000000000000000000000000000000000000
000000000000000000000000000000000000000000000000000000000000000000000000000
000000000000000000000000000000000000000000000000000000000000000000000000000
000000000000000000000000000000000000000000000000000000000000000000000000000
000000000000000000000000000000000000000000000000000000000000000000000000000
000000000000000000000000000000000000000000000000000000000000000000000000000
000000000000000000000000000000000000000000000000000000000000000000000000000
000000000000000000000000000000000000000000000000000000000000000000000000000
000000000000000000000000000000000000000000000000000000000000000000000000000
000000000000000000000000000000000000000000000000000000000000000000000000000
000000000000000000000000000000000000000000000000000000000000000000000000000
000000000000000000000000000000000000000000000000000000000000000000000000000
000000000000000000000000000000000000000000000000000000000000000000000000000
000000000000000000000000000000000000000000000000000000000000000000000000000
000000000000000000000000000000000000000000000000000000000000000000000000000
000000000000000000000000000000000000000000000000000000000000000000000000000
000000000000000000000000000000000000000000000000000000000000000000000000000
000000000000000000000000000000000000000000000000000000000000000000000000000
000000000000000011111111111111111111111111111111111111111100000000000000000
000000000000000011111111111111111111111111111111111111111100000000000000000
000000000000000011111111111111111111000000000000000000001100000000000000000
000000000000000011111111111111111111000000000000000000001100000000000000000
000000000000000011111111111111111111000000000000000000001100000000000000000
000000000000000011111111111111111111000000000000000000001100000000000000000
000000000000000011111111111111111111000000000000000000001100000000000000000
000000000000000011111111111111111111000000000000000000001100000000000000000
000000000000000011111111111111111111000000000000000000001100000000000000000
000000000000000011111111111111111111000000000000000000001100000000000000000
000000000000000011111111111111111111000000000000000000001100000000000000000
000000000000000011111111111111111111000000000000000000001100000000000000000
000000000000000011111111111111111111000000000000000000001100000000000000000
000000000000000011111111111111111111000000000000000000001100000000000000000
000000000000000011111111111111111111000000000000000000001100000000000000000
000000000000000011111111111111111111000000000000000000001100000000000000000
000000000000000011111111111111111111000000000000000000001100000000000000000
000000000000000011111111111111111111000000000000000000001100000000000000000
000000000000000011111111111111111111000000000000000000001100000000000000000
000000000000000011111111111111111111000000000000000000001100000000000000000
000000000000000011111111111111111111000000000000000000001100000000000000000
000000000000000011111111111111111111000000000000000000001100000000000000000
000000000000000011111111111111111111000000000000000000001100000000000000000
000000000000000011111111111111111111000000000000000000001100000000000000000
000000000000000011111111111111111111111111111111111111111100000000000000000
000000000000000011111111111111111111111111111111111111111100000000000000000
000000000000000000000000000000000000000000000000000000000000000000000000000
000000000000000000000000000000000000000000000000000000000000000000000000000
000000000000000000000000000000000000000000000000000000000000000000000000000
000000000000000000000000000000000000000000000000000000000000000000000000000
000000000000000000000000000000000000000000000000000000000000000000000000000
000000000000000000000000000000000000000000000000000000000000000000000000000
000000000000000000000000000000000000000000000000000000000000000000000000000
000000000000000000000000000000000000000000000000000000000000000000000000000
000000000000000000000000000000000000000000000000000000000000000000000000000
000000000000000000000000000000000000000000000000000000000000000000000000000
000000000000000000000000000000000000000000000000000000000000000000000000000
000000000000000000000000000000000000000000000000000000000000000000000000000
000000000000000000000000000000000000000000000000000000000000000000000000000
000000000000000000000000000000000000000000000000000000000000000000000000000
000000000000000000000000000000000000000000000000000000000000000000000000000
000000000000000000000000000000000000000000000000000000000000000000000000000
000000000000000000000000000000000000000000000000000000000000000000000000000
000000000000000000000000000000000000000000000000000000000000000000000000000
000000000000000000000000000000000000000000000000000000000000000000000000000
000000000000000000000000000000000000000000000000000000000000000000000000000
000000000000000000000000000000000000000000000000000000000000000000000000000
000000000000000000000000000000000000000000000000000000000000000000000000000
000000000000000000000000000000000000000000000000000000000000000000000000000
000000000000000000000000000000000000000000000000000000000000000000000000000
000000000000000000000000000000000000000000000000000000000000000000000000000

== SDRs ==
01000100010001000010000000000100
00000000000110000010000000000010
00000000111101000000000000011010
00000000010000000010000000001100
10000000100001010110100000000000
01001000000000000000100001000100
01100010010001000000001100100000
10010011110010000100001101101100
00100100000000010000000001001100
00000000001000000100100010000010
00001000000000000100000001000001
00000000000000110010011000010001
00000000000010100100001000100100
01000000000010000010110011100001
00000001100000100001111010000000
00000000000000110000000110000010
00011000000000000100000000000110
01011000000000111100010001000011
00000001000100011000001001100100
00101010000000000001001000011111
00000001100000000000011000100001
10000001000000100101000100001001
00001100000001000100000001000001
00000100001000001000010010001001
00001000000010000000000000101100
00000000101000000010000100100010
01000010001111000001000000000110
00000010100000010110010010000000
00000000000000000000000100100110
00010010010000011110000010000010
01000000000000001111000000001000
00000010001001010100010000100000

01000100010001000010000000000100
00000000000110000010000000000010
00000000111101000000000000011010
00000000010000000010000000001100
10000000100001010110100000000000
01001000000000000000100001000100
01100010010001000000001100100000
10010011110010000100001101101100
00100100000000010000000001001100
00000000001000000100100010000010
00001000000000000100000001000001
00000000000000110010011000010001
00000000000010100100001000100100
01000000000010000010110011100001
00000001100000100001111010000000
00000000000000110000000110000010
00011000000000000100000000000110
01011000000000111100010001000011
00000001000100011000001001100100
00101010000000000001001000011111
00000001100000000000011000100001
10000001000000100101000100001001
00001100000001000100000001000001
00000100001000001000010010001001
00001000000010000000000000101100
00000000101000000010000100100010
01000010001111000001000000000110
00000010100000010110010010000000
00000000000000000000000100100110
00010010010000011110000010000010
01000000000000001111000000001000
00000010001001010100010000100000

01000100010001000010000000000100
00000000000110000010000000000010
00000000111101000000000000011010
00000000010000000010000000001100
10000000100001010110100000000000
01001000000000000000100001000100
01100010010001000000001100100000
10010011110010000100001101101100
00100100000000010000000001001100
00000000001000000100100010000010
00001000000000000100000001000001
00000000000000110010011000010001
00000000000010100100001000100100
01000000000010000010110011100001
00000001100000100001111010000000
00000000000000110000000110000010
00011000000000000100000000000110
01011000000000111100010001000011
00000001000100011000001001100100
00101010000000000001001000011111
00000001100000000000011000100001
10000001000000100101000100001001
00001100000001000100000001000001
00000100001000001000010010001001
00001000000010000000000000101100
00000000101000000010000100100010
01000010001111000001000000000110
00000010100000010110010010000000
00000000000000000000000100100110
00010010010000011110000010000010
01000000000000001111000000001000
00000010001001010100010000100000

00000000000100000010001000001100
00000000000010000000001000010000
00000100110100000000000110000010
00000000000100000000000001001000
10000001101000100001010000000001
00110010000000001001000001000100
01000011010011100000011100101000
10000000000000000010001001011100
00100100010000000000110001110000
00000000100010001010000010110000
00011000100000000000100000100000
00010000000000110000011000000001
01000000000010100100001010000000
00000100000000000000010011100000
00000100101000100101000000000101
01000110000000100100110100000000
00000000000000000000000001000100
00011000100000100000001000100001
10000000000000011100000010100010
00001010011001010000101000000110
00010001000000000000110001100001
00001001010001000101000000100000
00000100000000010000000010001000
00000000001010001011010000001000
00011000000010010000000001100000
00000000001001000010010000000010
01000010111001100001000001000010
00000110001000011010001010000000
00000010110000001001001000100000
00000010010100110110000110010011
00001000100000001110000000000000
00000010001100000000010001101000

01000110000000010010001110000110
01000000000010010010101000000010
00000100010100000000000100010110
01000000010001000010001110001100
00000001000000001001100000000001
00101000100000001000000010000100
11000010100000000000011100100100
10000000110000010010001001000100
00100100000000010010000010000100
01000000001000001100100000100000
00011000001000001000000000100000
00000000000000110010010000010001
01000000000000110100101110000110
01010100000011000000000011100000
00100110100000100001000000000100
01100100000000111000000010000000
00010000000000000000010001000100
00011000000000100000001000000001
10000000000000010100000001100000
00100010011000000001011000001111
00000000100000000000011001100001
00000000000000000001000000000001
00000110000111010000000000001001
00000000001000101000011000001000
00010000000000000000000000000000
00000000101000000010000000110010
01000010001001000001100001000000
00000100001000000110000011000010
00000000100000010000010100010100
01000010010100000100100010000011
00001000001000000110100000100000
01001010001111010100010001000000

00000000000100010010001011000011
10001000000110000110100100010000
00010000010001000000101100110000
00001000000001100011000010001100
11001101100111010000000010000000
00000000010001101001101100100100
01010000011000110000011000001000
00000100101000001010100001000100
10000110010000000001001100110001
10101000000011101001001000100101
00011010000000010110010001000101
10010001100110100011001000000001
01000100001100000100010000110000
00000011010001001100010001100000
00000100010100010101000000000000
00101100010001100000110100001000
00001100101100100100100000000000
11011000100000011010001000000000
10000001000000111001001000000100
01101010010001000111000001001100
00110000010001000001110000100011
10001001010000100100100010101000
11010000010000010000101000101001
00100010110000000000000000100001
00011000001010010000101110001000
00000000001000000010011000000000
01011010100001010000100101100100
00000000101101011000011101000010
10000010010001110001010100001000
10000000100100100010001111011111
01000000100000010010000000010100
10000000000001010000010000101010

01000100010001000010000000000100
00000000000110000010000000000010
00000000111101000000000000011010
00000000010000000010000000001100
10000000100001010110100000000000
01001000000000000000100001000100
01100010010001000000001100100000
10010011110010000100001101101100
00100100000000010000000001001100
00000000001000000100100010000010
00001000000000000100000001000001
00000000000000110010011000010001
00000000000010100100001000100100
01000000000010000010110011100001
00000001100000100001111010000000
00000000000000110000000110000010
00011000000000000100000000000110
01011000000000111100010001000011
00000001000100011000001001100100
00101010000000000001001000011111
00000001100000000000011000100001
10000001000000100101000100001001
00001100000001000100000001000001
00000100001000001000010010001001
00001000000010000000000000101100
00000000101000000010000100100010
01000010001111000001000000000110
00000010100000010110010010000000
00000000000000000000000100100110
00010010010000011110000010000010
01000000000000001111000000001000
00000010001001010100010000100000

00000001001000001010000100001110
10000010000010000111000000001011
00000001010001000010001010000010
00000010000100001000000010001001
01000000100111010111100000100101
00010000000000111000000001000001
01000010110100001000010101000100
00100001000000000010001010000000
00010001000000001100000100110000
10000001000000101001000110110010
01100100011110000000100000000001
00010000100100100010100000000001
01000000100111001101011000100001
00000101000011000110011001100000
00000010111010110100000010010000
10001100001100000000010000001000
00000100010111001000000000010010
00010000110000010000000110001000
00000110010000110011111011000101
01001000100000100101101011001101
00000001000000010010110001000001
10010000000001100101000001100000
00000100010001010001000100001001
01100001010000100000001000101001
00000000000010000000000000001000
00100010000010000111000100100100
00001010100101100000000001000110
00110110000001001010001011000000
10001001000000001000010000101110
00000100000110000011101001111001
00000000100000010110011000000100
01000110101001000100010100001000

01000100001000000011001110000110
00000001000010000001000001000011
00000000010000100000001110010010
10000000010100100011000110001100
01101001110000001001100000000001
00101010100000000100100000000011
01010001100110100000011000000100
10000101001000000110001000000100
10100100000010000001010000000000
00010001000000001100100010100000
01001000101000001000000000100000
00000000010010000010111000000001
01000000000000001101011000000000
01000111000011100000000011100000
00000110100010100101000000010100
00100100000001000000000000001000
00000011000000010000000001001000
00011000000000100000001000000001
00000000000000011000000010100000
00101000011001000000001101001111
00010000010001110000011011100001
00000001000001000001100110000000
01010000010100010001000000000001
00000010001000101000001000000100
00010000000000010000011100001000
00000000101000000011000010100100
01001010100000000001100001000000
10000100001100101000001011000010
00010000100001000100011000010000
00000010010010000101000010011011
00001000000100000110000010000000
00000000000011010000000000100000

