== Attributes ==
title=1_const_circle
type= 2x2
result=2
window_size=(75, 75)

== Input ==
000000000000000000000000000000000000000000000000000000000000000000000000000
000000000000000000000000000000000000000000000000000000000000000000000000000
000000000000000000000000000000000000000000000000000000000000000000000000000
000000000000000000000000000000000000000000000000000000000000000000000000000
000000000000000000000000000000000000000000000000000000000000000000000000000
000000000000000000000000000000000000000000000000000000000000000000000000000
000000000000000000000000000000000000000000000000000000000000000000000000000
000000000000000000000000000000000000000000000000000000000000000000000000000
000000000000000000000000000000000000000000000000000000000000000000000000000
000000000000000000000000000000000000000000000000000000000000000000000000000
000000000000000000000000000000000000000000000000000000000000000000000000000
000000000000000000000000000000000000000000000000000000000000000000000000000
000000000000000000000000000000000000000000000000000000000000000000000000000
000000000000000000000000000000000000000000000000000000000000000000000000000
000000000000000000000000000000000000000000000000000000000000000000000000000
000000000000000000000000000000000000100000000000000000000000000000000000000
000000000000000000000000000000111111111111100000000000000000000000000000000
000000000000000000000000000011111111111111111000000000000000000000000000000
000000000000000000000000001111000000000000011110000000000000000000000000000
000000000000000000000000111100000000000000000111100000000000000000000000000
000000000000000000000001110000000000000000000001110000000000000000000000000
000000000000000000000011100000000000000000000000111000000000000000000000000
000000000000000000000111000000000000000000000000011100000000000000000000000
000000000000000000001110000000000000000000000000001110000000000000000000000
000000000000000000011100000000000000000000000000000111000000000000000000000
000000000000000000011000000000000000000000000000000011000000000000000000000
000000000000000000110000000000000000000000000000000001100000000000000000000
000000000000000000110000000000000000000000000000000001100000000000000000000
000000000000000001100000000000000000000000000000000000110000000000000000000
000000000000000001100000000000000000000000000000000000110000000000000000000
000000000000000011000000000000000000000000000000000000011000000000000000000
000000000000000011000000000000000000000000000000000000011000000000000000000
000000000000000011000000000000000000000000000000000000011000000000000000000
000000000000000011000000000000000000000000000000000000011000000000000000000
000000000000000011000000000000000000000000000000000000011000000000000000000
000000000000000011000000000000000000000000000000000000011000000000000000000
000000000000000111000000000000000000000000000000000000011100000000000000000
000000000000000011000000000000000000000000000000000000011000000000000000000
000000000000000011000000000000000000000000000000000000011000000000000000000
000000000000000011000000000000000000000000000000000000011000000000000000000
000000000000000011000000000000000000000000000000000000011000000000000000000
000000000000000011000000000000000000000000000000000000011000000000000000000
000000000000000011000000000000000000000000000000000000011000000000000000000
000000000000000001100000000000000000000000000000000000110000000000000000000
000000000000000001100000000000000000000000000000000000110000000000000000000
000000000000000000110000000000000000000000000000000001100000000000000000000
000000000000000000110000000000000000000000000000000001100000000000000000000
000000000000000000011000000000000000000000000000000011000000000000000000000
000000000000000000011100000000000000000000000000000111000000000000000000000
000000000000000000001110000000000000000000000000001110000000000000000000000
000000000000000000000111000000000000000000000000011100000000000000000000000
000000000000000000000011100000000000000000000000111000000000000000000000000
000000000000000000000001110000000000000000000001110000000000000000000000000
000000000000000000000000111100000000000000000111100000000000000000000000000
000000000000000000000000001111000000000000011110000000000000000000000000000
000000000000000000000000000011111111111111111000000000000000000000000000000
000000000000000000000000000000111111111111100000000000000000000000000000000
000000000000000000000000000000000000100000000000000000000000000000000000000
000000000000000000000000000000000000000000000000000000000000000000000000000
000000000000000000000000000000000000000000000000000000000000000000000000000
000000000000000000000000000000000000000000000000000000000000000000000000000
000000000000000000000000000000000000000000000000000000000000000000000000000
000000000000000000000000000000000000000000000000000000000000000000000000000
000000000000000000000000000000000000000000000000000000000000000000000000000
000000000000000000000000000000000000000000000000000000000000000000000000000
000000000000000000000000000000000000000000000000000000000000000000000000000
000000000000000000000000000000000000000000000000000000000000000000000000000
000000000000000000000000000000000000000000000000000000000000000000000000000
000000000000000000000000000000000000000000000000000000000000000000000000000
000000000000000000000000000000000000000000000000000000000000000000000000000
000000000000000000000000000000000000000000000000000000000000000000000000000
000000000000000000000000000000000000000000000000000000000000000000000000000
000000000000000000000000000000000000000000000000000000000000000000000000000
000000000000000000000000000000000000000000000000000000000000000000000000000
000000000000000000000000000000000000000000000000000000000000000000000000000

000000000000000000000000000000000000000000000000000000000000000000000000000
000000000000000000000000000000000000000000000000000000000000000000000000000
000000000000000000000000000000000000000000000000000000000000000000000000000
000000000000000000000000000000000000000000000000000000000000000000000000000
000000000000000000000000000000000000000000000000000000000000000000000000000
000000000000000000000000000000000000000000000000000000000000000000000000000
000000000000000000000000000000000000000000000000000000000000000000000000000
000000000000000000000000000000000000000000000000000000000000000000000000000
000000000000000000000000000000000000000000000000000000000000000000000000000
000000000000000000000000000000000000000000000000000000000000000000000000000
000000000000000000000000000000000000000000000000000000000000000000000000000
000000000000000000000000000000000000000000000000000000000000000000000000000
000000000000000000000000000000000000000000000000000000000000000000000000000
000000000000000000000000000000000000000000000000000000000000000000000000000
000000000000000000000000000000000000000000000000000000000000000000000000000
000000000000000000000000000000000000100000000000000000000000000000000000000
000000000000000000000000000000111111111111100000000000000000000000000000000
000000000000000000000000000011111111111111111000000000000000000000000000000
000000000000000000000000001111000000000000011110000000000000000000000000000
000000000000000000000000111100000000000000000111100000000000000000000000000
000000000000000000000001110000000000000000000001110000000000000000000000000
000000000000000000000011100000000000000000000000111000000000000000000000000
000000000000000000000111000000000000000000000000011100000000000000000000000
000000000000000000001110000000000000000000000000001110000000000000000000000
000000000000000000011100000000000000000000000000000111000000000000000000000
000000000000000000011000000000000000000000000000000011000000000000000000000
000000000000000000110000000000000000000000000000000001100000000000000000000
000000000000000000110000000000000000000000000000000001100000000000000000000
000000000000000001100000000000000000000000000000000000110000000000000000000
000000000000000001100000000000000000000000000000000000110000000000000000000
000000000000000011000000000000000000000000000000000000011000000000000000000
000000000000000011000000000000000000000000000000000000011000000000000000000
000000000000000011000000000000000000000000000000000000011000000000000000000
000000000000000011000000000000000000000000000000000000011000000000000000000
000000000000000011000000000000000000000000000000000000011000000000000000000
000000000000000011000000000000000000000000000000000000011000000000000000000
000000000000000111000000000000000000000000000000000000011100000000000000000
000000000000000011000000000000000000000000000000000000011000000000000000000
000000000000000011000000000000000000000000000000000000011000000000000000000
000000000000000011000000000000000000000000000000000000011000000000000000000
000000000000000011000000000000000000000000000000000000011000000000000000000
000000000000000011000000000000000000000000000000000000011000000000000000000
000000000000000011000000000000000000000000000000000000011000000000000000000
000000000000000001100000000000000000000000000000000000110000000000000000000
000000000000000001100000000000000000000000000000000000110000000000000000000
000000000000000000110000000000000000000000000000000001100000000000000000000
000000000000000000110000000000000000000000000000000001100000000000000000000
000000000000000000011000000000000000000000000000000011000000000000000000000
000000000000000000011100000000000000000000000000000111000000000000000000000
000000000000000000001110000000000000000000000000001110000000000000000000000
000000000000000000000111000000000000000000000000011100000000000000000000000
000000000000000000000011100000000000000000000000111000000000000000000000000
000000000000000000000001110000000000000000000001110000000000000000000000000
000000000000000000000000111100000000000000000111100000000000000000000000000
000000000000000000000000001111000000000000011110000000000000000000000000000
000000000000000000000000000011111111111111111000000000000000000000000000000
000000000000000000000000000000111111111111100000000000000000000000000000000
000000000000000000000000000000000000100000000000000000000000000000000000000
000000000000000000000000000000000000000000000000000000000000000000000000000
000000000000000000000000000000000000000000000000000000000000000000000000000
000000000000000000000000000000000000000000000000000000000000000000000000000
000000000000000000000000000000000000000000000000000000000000000000000000000
000000000000000000000000000000000000000000000000000000000000000000000000000
000000000000000000000000000000000000000000000000000000000000000000000000000
000000000000000000000000000000000000000000000000000000000000000000000000000
000000000000000000000000000000000000000000000000000000000000000000000000000
000000000000000000000000000000000000000000000000000000000000000000000000000
000000000000000000000000000000000000000000000000000000000000000000000000000
000000000000000000000000000000000000000000000000000000000000000000000000000
000000000000000000000000000000000000000000000000000000000000000000000000000
000000000000000000000000000000000000000000000000000000000000000000000000000
000000000000000000000000000000000000000000000000000000000000000000000000000
000000000000000000000000000000000000000000000000000000000000000000000000000
000000000000000000000000000000000000000000000000000000000000000000000000000
000000000000000000000000000000000000000000000000000000000000000000000000000

000000000000000000000000000000000000000000000000000000000000000000000000000
000000000000000000000000000000000000000000000000000000000000000000000000000
000000000000000000000000000000000000000000000000000000000000000000000000000
000000000000000000000000000000000000000000000000000000000000000000000000000
000000000000000000000000000000000000000000000000000000000000000000000000000
000000000000000000000000000000000000000000000000000000000000000000000000000
000000000000000000000000000000000000000000000000000000000000000000000000000
000000000000000000000000000000000000000000000000000000000000000000000000000
000000000000000000000000000000000000000000000000000000000000000000000000000
000000000000000000000000000000000000000000000000000000000000000000000000000
000000000000000000000000000000000000000000000000000000000000000000000000000
000000000000000000000000000000000000000000000000000000000000000000000000000
000000000000000000000000000000000000000000000000000000000000000000000000000
000000000000000000000000000000000000000000000000000000000000000000000000000
000000000000000000000000000000000000000000000000000000000000000000000000000
000000000000000000000000000000000000100000000000000000000000000000000000000
000000000000000000000000000000111111111111100000000000000000000000000000000
000000000000000000000000000011111111111111111000000000000000000000000000000
000000000000000000000000001111000000000000011110000000000000000000000000000
000000000000000000000000111100000000000000000111100000000000000000000000000
000000000000000000000001110000000000000000000001110000000000000000000000000
000000000000000000000011100000000000000000000000111000000000000000000000000
000000000000000000000111000000000000000000000000011100000000000000000000000
000000000000000000001110000000000000000000000000001110000000000000000000000
000000000000000000011100000000000000000000000000000111000000000000000000000
000000000000000000011000000000000000000000000000000011000000000000000000000
000000000000000000110000000000000000000000000000000001100000000000000000000
000000000000000000110000000000000000000000000000000001100000000000000000000
000000000000000001100000000000000000000000000000000000110000000000000000000
000000000000000001100000000000000000000000000000000000110000000000000000000
000000000000000011000000000000000000000000000000000000011000000000000000000
000000000000000011000000000000000000000000000000000000011000000000000000000
000000000000000011000000000000000000000000000000000000011000000000000000000
000000000000000011000000000000000000000000000000000000011000000000000000000
000000000000000011000000000000000000000000000000000000011000000000000000000
000000000000000011000000000000000000000000000000000000011000000000000000000
000000000000000111000000000000000000000000000000000000011100000000000000000
000000000000000011000000000000000000000000000000000000011000000000000000000
000000000000000011000000000000000000000000000000000000011000000000000000000
000000000000000011000000000000000000000000000000000000011000000000000000000
000000000000000011000000000000000000000000000000000000011000000000000000000
000000000000000011000000000000000000000000000000000000011000000000000000000
000000000000000011000000000000000000000000000000000000011000000000000000000
000000000000000001100000000000000000000000000000000000110000000000000000000
000000000000000001100000000000000000000000000000000000110000000000000000000
000000000000000000110000000000000000000000000000000001100000000000000000000
000000000000000000110000000000000000000000000000000001100000000000000000000
000000000000000000011000000000000000000000000000000011000000000000000000000
000000000000000000011100000000000000000000000000000111000000000000000000000
000000000000000000001110000000000000000000000000001110000000000000000000000
000000000000000000000111000000000000000000000000011100000000000000000000000
000000000000000000000011100000000000000000000000111000000000000000000000000
000000000000000000000001110000000000000000000001110000000000000000000000000
000000000000000000000000111100000000000000000111100000000000000000000000000
000000000000000000000000001111000000000000011110000000000000000000000000000
000000000000000000000000000011111111111111111000000000000000000000000000000
000000000000000000000000000000111111111111100000000000000000000000000000000
000000000000000000000000000000000000100000000000000000000000000000000000000
000000000000000000000000000000000000000000000000000000000000000000000000000
000000000000000000000000000000000000000000000000000000000000000000000000000
000000000000000000000000000000000000000000000000000000000000000000000000000
000000000000000000000000000000000000000000000000000000000000000000000000000
000000000000000000000000000000000000000000000000000000000000000000000000000
000000000000000000000000000000000000000000000000000000000000000000000000000
000000000000000000000000000000000000000000000000000000000000000000000000000
000000000000000000000000000000000000000000000000000000000000000000000000000
000000000000000000000000000000000000000000000000000000000000000000000000000
000000000000000000000000000000000000000000000000000000000000000000000000000
000000000000000000000000000000000000000000000000000000000000000000000000000
000000000000000000000000000000000000000000000000000000000000000000000000000
000000000000000000000000000000000000000000000000000000000000000000000000000
000000000000000000000000000000000000000000000000000000000000000000000000000
000000000000000000000000000000000000000000000000000000000000000000000000000
000000000000000000000000000000000000000000000000000000000000000000000000000
000000000000000000000000000000000000000000000000000000000000000000000000000

== Output ==
000000000000000000000000000000000000000000000000000000000000000000000000000
000000000000000000000000000000000000000000000000000000000000000000000000000
000000000000000000000000000000000000000000000000000000000000000000000000000
000000000000000000000000000000000000000000000000000000000000000000000000000
000000000000000000000000000000000000000000000000000000000000000000000000000
000000000000000000000000000000000000000000000000000000000000000000000000000
000000000000000000000000000000000000000000000000000000000000000000000000000
000000000000000000000000000000000000000000000000000000000000000000000000000
000000000000000000000000000000000000000000000000000000000000000000000000000
000000000000000000000000000000000000000000000000000000000000000000000000000
000000000000000000000000000000000000000000000000000000000000000000000000000
000000000000000000000000000000000000000000000000000000000000000000000000000
000000000000000000000000000000000000000000000000000000000000000000000000000
000000000000000000000000000000000000000000000000000000000000000000000000000
000000000000000000000000000000000000000000000000000000000000000000000000000
000000000000000000000000000000000000000000000000000000000000000000000000000
000000000000000000000000000000000000000000000000000000000000000000000000000
000000000000000000000000000000000000000000000000000000000000000000000000000
000000000000000000000000000000000000000000000000000000000000000000000000000
000000000000000000000000000000000000000000000000000000000000000000000000000
000000000000000000001111111111111111111111111111111111000000000000000000000
000000000000000000001111111111111111111111111111111111000000000000000000000
000000000000000000001100000000000000000000000000000011000000000000000000000
000000000000000000001100000000000000000000000000000011000000000000000000000
000000000000000000001100000000000000000000000000000011000000000000000000000
000000000000000000001100000000000000000000000000000011000000000000000000000
000000000000000000001100000000000000000000000000000011000000000000000000000
000000000000000000001100000000000000000000000000000011000000000000000000000
000000000000000000001100000000000000000000000000000011000000000000000000000
000000000000000000001100000000000000000000000000000011000000000000000000000
000000000000000000001100000000000000000000000000000011000000000000000000000
000000000000000000001100000000000000000000000000000011000000000000000000000
000000000000000000001100000000000000000000000000000011000000000000000000000
000000000000000000001100000000000000000000000000000011000000000000000000000
000000000000000000001100000000000000000000000000000011000000000000000000000
000000000000000000001100000000000000000000000000000011000000000000000000000
000000000000000000001100000000000000000000000000000011000000000000000000000
000000000000000000001100000000000000000000000000000011000000000000000000000
000000000000000000001100000000000000000000000000000011000000000000000000000
000000000000000000001100000000000000000000000000000011000000000000000000000
000000000000000000001100000000000000000000000000000011000000000000000000000
000000000000000000001100000000000000000000000000000011000000000000000000000
000000000000000000001100000000000000000000000000000011000000000000000000000
000000000000000000001100000000000000000000000000000011000000000000000000000
000000000000000000001100000000000000000000000000000011000000000000000000000
000000000000000000001100000000000000000000000000000011000000000000000000000
000000000000000000001100000000000000000000000000000011000000000000000000000
000000000000000000001100000000000000000000000000000011000000000000000000000
000000000000000000001100000000000000000000000000000011000000000000000000000
000000000000000000001100000000000000000000000000000011000000000000000000000
000000000000000000001100000000000000000000000000000011000000000000000000000
000000000000000000001100000000000000000000000000000011000000000000000000000
000000000000000000001111111111111111111111111111111111000000000000000000000
000000000000000000001111111111111111111111111111111111000000000000000000000
000000000000000000000000000000000000000000000000000000000000000000000000000
000000000000000000000000000000000000000000000000000000000000000000000000000
000000000000000000000000000000000000000000000000000000000000000000000000000
000000000000000000000000000000000000000000000000000000000000000000000000000
000000000000000000000000000000000000000000000000000000000000000000000000000
000000000000000000000000000000000000000000000000000000000000000000000000000
000000000000000000000000000000000000000000000000000000000000000000000000000
000000000000000000000000000000000000000000000000000000000000000000000000000
000000000000000000000000000000000000000000000000000000000000000000000000000
000000000000000000000000000000000000000000000000000000000000000000000000000
000000000000000000000000000000000000000000000000000000000000000000000000000
000000000000000000000000000000000000000000000000000000000000000000000000000
000000000000000000000000000000000000000000000000000000000000000000000000000
000000000000000000000000000000000000000000000000000000000000000000000000000
000000000000000000000000000000000000000000000000000000000000000000000000000
000000000000000000000000000000000000000000000000000000000000000000000000000
000000000000000000000000000000000000000000000000000000000000000000000000000
000000000000000000000000000000000000000000000000000000000000000000000000000
000000000000000000000000000000000000000000000000000000000000000000000000000
000000000000000000000000000000000000000000000000000000000000000000000000000
000000000000000000000000000000000000000000000000000000000000000000000000000

000000000000000000000000000000000000000000000000000000000000000000000000000
000000000000000000000000000000000000000000000000000000000000000000000000000
000000000000000000000000000000000000000000000000000000000000000000000000000
000000000000000000000000000000000000000000000000000000000000000000000000000
000000000000000000000000000000000000000000000000000000000000000000000000000
000000000000000000000000000000000000000000000000000000000000000000000000000
000000000000000000000000000000000000000000000000000000000000000000000000000
000000000000000000000000000000000000000000000000000000000000000000000000000
000000000000000000000000000000000000000000000000000000000000000000000000000
000000000000000000000000000000000000000000000000000000000000000000000000000
000000000000000000000000000000000000000000000000000000000000000000000000000
000000000000000000000000000000000000000000000000000000000000000000000000000
000000000000000000000000000000000000000000000000000000000000000000000000000
000000000000000000000000000000000000000000000000000000000000000000000000000
000000000000000000000000000000000000000000000000000000000000000000000000000
000000000000000000000000000000000000100000000000000000000000000000000000000
000000000000000000000000000000111111111111100000000000000000000000000000000
000000000000000000000000000011111111111111111000000000000000000000000000000
000000000000000000000000001111000000000000011110000000000000000000000000000
000000000000000000000000111100000000000000000111100000000000000000000000000
000000000000000000000001110000000000000000000001110000000000000000000000000
000000000000000000000011100000000000000000000000111000000000000000000000000
000000000000000000000111000000000000000000000000011100000000000000000000000
000000000000000000001110000000000000000000000000001110000000000000000000000
000000000000000000011100000000000000000000000000000111000000000000000000000
000000000000000000011000000000000000000000000000000011000000000000000000000
000000000000000000110000000000000000000000000000000001100000000000000000000
000000000000000000110000000000000000000000000000000001100000000000000000000
000000000000000001100000000000000000000000000000000000110000000000000000000
000000000000000001100000000000000000000000000000000000110000000000000000000
000000000000000011000000000000000000000000000000000000011000000000000000000
000000000000000011000000000000000000000000000000000000011000000000000000000
000000000000000011000000000000000000000000000000000000011000000000000000000
000000000000000011000000000000000000000000000000000000011000000000000000000
000000000000000011000000000000000000000000000000000000011000000000000000000
000000000000000011000000000000000000000000000000000000011000000000000000000
000000000000000111000000000000000000000000000000000000011100000000000000000
000000000000000011000000000000000000000000000000000000011000000000000000000
000000000000000011000000000000000000000000000000000000011000000000000000000
000000000000000011000000000000000000000000000000000000011000000000000000000
000000000000000011000000000000000000000000000000000000011000000000000000000
000000000000000011000000000000000000000000000000000000011000000000000000000
000000000000000011000000000000000000000000000000000000011000000000000000000
000000000000000001100000000000000000000000000000000000110000000000000000000
000000000000000001100000000000000000000000000000000000110000000000000000000
000000000000000000110000000000000000000000000000000001100000000000000000000
000000000000000000110000000000000000000000000000000001100000000000000000000
000000000000000000011000000000000000000000000000000011000000000000000000000
000000000000000000011100000000000000000000000000000111000000000000000000000
000000000000000000001110000000000000000000000000001110000000000000000000000
000000000000000000000111000000000000000000000000011100000000000000000000000
000000000000000000000011100000000000000000000000111000000000000000000000000
000000000000000000000001110000000000000000000001110000000000000000000000000
000000000000000000000000111100000000000000000111100000000000000000000000000
000000000000000000000000001111000000000000011110000000000000000000000000000
000000000000000000000000000011111111111111111000000000000000000000000000000
000000000000000000000000000000111111111111100000000000000000000000000000000
000000000000000000000000000000000000100000000000000000000000000000000000000
000000000000000000000000000000000000000000000000000000000000000000000000000
000000000000000000000000000000000000000000000000000000000000000000000000000
000000000000000000000000000000000000000000000000000000000000000000000000000
000000000000000000000000000000000000000000000000000000000000000000000000000
000000000000000000000000000000000000000000000000000000000000000000000000000
000000000000000000000000000000000000000000000000000000000000000000000000000
000000000000000000000000000000000000000000000000000000000000000000000000000
000000000000000000000000000000000000000000000000000000000000000000000000000
000000000000000000000000000000000000000000000000000000000000000000000000000
000000000000000000000000000000000000000000000000000000000000000000000000000
000000000000000000000000000000000000000000000000000000000000000000000000000
000000000000000000000000000000000000000000000000000000000000000000000000000
000000000000000000000000000000000000000000000000000000000000000000000000000
000000000000000000000000000000000000000000000000000000000000000000000000000
000000000000000000000000000000000000000000000000000000000000000000000000000
000000000000000000000000000000000000000000000000000000000000000000000000000
000000000000000000000000000000000000000000000000000000000000000000000000000

000000000000000000000000000000000000000000000000000000000000000000000000000
000000000000000000000000000000000000000000000000000000000000000000000000000
000000000000000000000000000000000000000000000000000000000000000000000000000
000000000000000000000000000000000000000000000000000000000000000000000000000
000000000000000000000000000000000000000000000000000000000000000000000000000
000000000000000000000000000000000000000000000000000000000000000000000000000
000000000000000000000000000000000000000000000000000000000000000000000000000
000000000000000000000000000000000000000000000000000000000000000000000000000
000000000000000000000000000000000000000000000000000000000000000000000000000
000000000000000000000000000000000000000000000000000000000000000000000000000
000000000000000000000000000000000000000000000000000000000000000000000000000
000000000000000000000000000000000000000000000000000000000000000000000000000
000000000000000000000000000000000000000000000000000000000000000000000000000
000000000000000000000000000000000000000000000000000000000000000000000000000
000000000000000000000000000000000000000000000000000000000000000000000000000
000000000000000000000000000000000000000000000000000000000000000000000000000
000000000000000000000000000000000000000000000000000000000000000000000000000
000000000000000000000000000000000000000000000000000000000000000000000000000
000000000000000000000000000000000000000000000000000000000000000000000000000
000000000000000000000000000000000000000000000000000000000000000000000000000
000000000000000000000000000000000000000000000000000000000000000000000000000
000000000000000000000000000000000000000000000000000000000000000000000000000
000000000000000000000000000000000000000000000000000000000000000000000000000
000000000000000000000000000000000000000000000000000000000000000000000000000
000000000000000000000000000000000000000000000000000000000000000000000000000
000000000000000000000000000000000000000000000000000000000000000000000000000
000000000000000000000000000000000000110000000000000000000000000000000000000
000000000000000000000000000000000001111000000000000000000000000000000000000
000000000000000000000000000000000011001100000000000000000000000000000000000
000000000000000000000000000000000110000110000000000000000000000000000000000
000000000000000000000000000000001100000011000000000000000000000000000000000
000000000000000000000000000000011000000001100000000000000000000000000000000
000000000000000000000000000000110000000000110000000000000000000000000000000
000000000000000000000000000001100000000000011000000000000000000000000000000
000000000000000000000000000011000000000000001100000000000000000000000000000
000000000000000000000000000110000000000000000110000000000000000000000000000
000000000000000000000000001100000000000000000011000000000000000000000000000
000000000000000000000000011000000000000000000001100000000000000000000000000
000000000000000000000000110000000000000000000000110000000000000000000000000
000000000000000000000001100000000000000000000000011000000000000000000000000
000000000000000000000011000000000000000000000000001100000000000000000000000
000000000000000000000110000000000000000000000000000110000000000000000000000
000000000000000000001100000000000000000000000000000011000000000000000000000
000000000000000000011000000000000000000000000000000001100000000000000000000
000000000000000000110000000000000000000000000000000000110000000000000000000
000000000000000001100000000000000000000000000000000000011000000000000000000
000000000000000011111111111111111111111111111111111111111100000000000000000
000000000000000111111111111111111111111111111111111111111110000000000000000
000000000000000000000000000000000000000000000000000000000000000000000000000
000000000000000000000000000000000000000000000000000000000000000000000000000
000000000000000000000000000000000000000000000000000000000000000000000000000
000000000000000000000000000000000000000000000000000000000000000000000000000
000000000000000000000000000000000000000000000000000000000000000000000000000
000000000000000000000000000000000000000000000000000000000000000000000000000
000000000000000000000000000000000000000000000000000000000000000000000000000
000000000000000000000000000000000000000000000000000000000000000000000000000
000000000000000000000000000000000000000000000000000000000000000000000000000
000000000000000000000000000000000000000000000000000000000000000000000000000
000000000000000000000000000000000000000000000000000000000000000000000000000
000000000000000000000000000000000000000000000000000000000000000000000000000
000000000000000000000000000000000000000000000000000000000000000000000000000
000000000000000000000000000000000000000000000000000000000000000000000000000
000000000000000000000000000000000000000000000000000000000000000000000000000
000000000000000000000000000000000000000000000000000000000000000000000000000
000000000000000000000000000000000000000000000000000000000000000000000000000
000000000000000000000000000000000000000000000000000000000000000000000000000
000000000000000000000000000000000000000000000000000000000000000000000000000
000000000000000000000000000000000000000000000000000000000000000000000000000
000000000000000000000000000000000000000000000000000000000000000000000000000
000000000000000000000000000000000000000000000000000000000000000000000000000
000000000000000000000000000000000000000000000000000000000000000000000000000
000000000000000000000000000000000000000000000000000000000000000000000000000
000000000000000000000000000000000000000000000000000000000000000000000000000
000000000000000000000000000000000000000000000000000000000000000000000000000
000000000000000000000000000000000000000000000000000000000000000000000000000

000000000000000000000000000000000000000000000000000000000000000000000000000
000000000000000000000000000000000000000000000000000000000000000000000000000
000000000000000000000000000000000000000000000000000000000000000000000000000
000000000000000000000000000000000000000000000000000000000000000000000000000
000000000000000000000000000000000000000000000000000000000000000000000000000
000000000000000000000000000000000000000000000000000000000000000000000000000
000000000000000000000000000000000000000000000000000000000000000000000000000
000000000000000000000000000000000000000000000000000000000000000000000000000
000000000000000000000000000000000000000000000000000000000000000000000000000
000000000000000000000000000000000000000000000000000000000000000000000000000
000000000000000000000000000000000000000000000000000000000000000000000000000
000000000000000000000000000000000000000000000000000000000000000000000000000
000000000000000000000000000000000000000000000000000000000000000000000000000
000000000000000000000000000000000000000000000000000000000000000000000000000
000000000000000000000000000000000000000000000000000000000000000000000000000
000000000000000000000000000000000000000000000000000000000000000000000000000
000000000000000000000000111111111111111111111111110000000000000000000000000
000000000000000000000000111111111111111111111111110000000000000000000000000
000000000000000000000000110000000000000000000000110000000000000000000000000
000000000000000000000000110000000000000000000000110000000000000000000000000
000000000000000000000000110000000000000000000000110000000000000000000000000
000000000000000000000000110000000000000000000000110000000000000000000000000
000000000000000000000000110000000000000000000000110000000000000000000000000
000000000000000000000000110000000000000000000000110000000000000000000000000
000000000000000000000000110000000000000000000000110000000000000000000000000
000000000000000000000000110000000000000000000000110000000000000000000000000
000000000000000000000000110000000000000000000000110000000000000000000000000
000000000000000000000000110000000000000000000000110000000000000000000000000
000000000000000000000000110000000000000000000000110000000000000000000000000
000000000000000000000000110000000000000000000000110000000000000000000000000
000000000000000000000000110000000000000000000000110000000000000000000000000
000000000000000000000000110000000000000000000000110000000000000000000000000
000000000000000000000000110000000000000000000000110000000000000000000000000
000000000000000000000000110000000000000000000000110000000000000000000000000
000000000000000000000000110000000000000000000000110000000000000000000000000
000000000000000000000000110000000000000000000000110000000000000000000000000
000000000000000000000000110000000000000000000000110000000000000000000000000
000000000000000000000000110000000000000000000000110000000000000000000000000
000000000000000000000000110000000000000000000000110000000000000000000000000
000000000000000000000000110000000000000000000000110000000000000000000000000
000000000000000000000000110000000000000000000000110000000000000000000000000
000000000000000000000000110000000000000000000000110000000000000000000000000
000000000000000000000000110000000000000000000000110000000000000000000000000
000000000000000000000000110000000000000000000000110000000000000000000000000
000000000000000000000000110000000000000000000000110000000000000000000000000
000000000000000000000000110000000000000000000000110000000000000000000000000
000000000000000000000000110000000000000000000000110000000000000000000000000
000000000000000000000000110000000000000000000000110000000000000000000000000
000000000000000000000000110000000000000000000000110000000000000000000000000
000000000000000000000000110000000000000000000000110000000000000000000000000
000000000000000000000000110000000000000000000000110000000000000000000000000
000000000000000000000000110000000000000000000000110000000000000000000000000
000000000000000000000000110000000000000000000000110000000000000000000000000
000000000000000000000000110000000000000000000000110000000000000000000000000
000000000000000000000000110000000000000000000000110000000000000000000000000
000000000000000000000000110000000000000000000000110000000000000000000000000
000000000000000000000000111111111111111111111111110000000000000000000000000
000000000000000000000000111111111111111111111111110000000000000000000000000
000000000000000000000000000000000000000000000000000000000000000000000000000
000000000000000000000000000000000000000000000000000000000000000000000000000
000000000000000000000000000000000000000000000000000000000000000000000000000
000000000000000000000000000000000000000000000000000000000000000000000000000
000000000000000000000000000000000000000000000000000000000000000000000000000
000000000000000000000000000000000000000000000000000000000000000000000000000
000000000000000000000000000000000000000000000000000000000000000000000000000
000000000000000000000000000000000000000000000000000000000000000000000000000
000000000000000000000000000000000000000000000000000000000000000000000000000
000000000000000000000000000000000000000000000000000000000000000000000000000
000000000000000000000000000000000000000000000000000000000000000000000000000
000000000000000000000000000000000000000000000000000000000000000000000000000
000000000000000000000000000000000000000000000000000000000000000000000000000
000000000000000000000000000000000000000000000000000000000000000000000000000
000000000000000000000000000000000000000000000000000000000000000000000000000
000000000000000000000000000000000000000000000000000000000000000000000000000
000000000000000000000000000000000000000000000000000000000000000000000000000

000000000000000000000000000000000000000000000000000000000000000000000000000
000000000000000000000000000000000000000000000000000000000000000000000000000
000000000000000000000000000000000000000000000000000000000000000000000000000
000000000000000000000000000000000000000000000000000000000000000000000000000
000000000000000000000000000000000000000000000000000000000000000000000000000
000000000000000000000000000000000000000000000000000000000000000000000000000
000000000000000000000000000000000000000000000000000000000000000000000000000
000000000000000000000000000000000000000000000000000000000000000000000000000
000000000000000000000000000000000000000000000000000000000000000000000000000
000000000000000000000000000000000000000000000000000000000000000000000000000
000000000000000000000000000000000000000000000000000000000000000000000000000
000000000000000000000000000000000000000000000000000000000000000000000000000
000000000000000000000000000000000000000000000000000000000000000000000000000
000000000000000000000000000000000000000000000000000000000000000000000000000
000000000000000000000000000000000000000000000000000000000000000000000000000
000000000000000000000000000000000000000000000000000000000000000000000000000
000000000000000000000000000000000000000000000000000000000000000000000000000
000000000000000000000000000000000000000000000000000000000000000000000000000
000000000000000000000000000000000000000000000000000000000000000000000000000
000000000000000000000000000000000000000000000000000000000000000000000000000
000000000000000000000000000000000000000000000000000000000000000000000000000
000000000000000000000000000000000000000000000000000000000000000000000000000
000000000000000000000000000000000000000000000000000000000000000000000000000
000000000000000000000000000000000000000000000000000000000000000000000000000
000000000000000000000000000000000000000000000000000000000000000000000000000
000000000000000000000000000000000000000000000000000000000000000000000000000
000000000000000111111111111111111111111111111111111111111110000000000000000
000000000000000011111111111111111111111111111111111111111100000000000000000
000000000000000001100000000000000000000000000000000000011000000000000000000
000000000000000000110000000000000000000000000000000000110000000000000000000
000000000000000000011000000000000000000000000000000001100000000000000000000
000000000000000000001100000000000000000000000000000011000000000000000000000
000000000000000000000110000000000000000000000000000110000000000000000000000
000000000000000000000011000000000000000000000000001100000000000000000000000
000000000000000000000001100000000000000000000000011000000000000000000000000
000000000000000000000000110000000000000000000000110000000000000000000000000
000000000000000000000000011000000000000000000001100000000000000000000000000
000000000000000000000000001100000000000000000011000000000000000000000000000
000000000000000000000000000110000000000000000110000000000000000000000000000
000000000000000000000000000011000000000000001100000000000000000000000000000
000000000000000000000000000001100000000000011000000000000000000000000000000
000000000000000000000000000000110000000000110000000000000000000000000000000
000000000000000000000000000000011000000001100000000000000000000000000000000
000000000000000000000000000000001100000011000000000000000000000000000000000
000000000000000000000000000000000110000110000000000000000000000000000000000
000000000000000000000000000000000011001100000000000000000000000000000000000
000000000000000000000000000000000001111000000000000000000000000000000000000
000000000000000000000000000000000000110000000000000000000000000000000000000
000000000000000000000000000000000000000000000000000000000000000000000000000
000000000000000000000000000000000000000000000000000000000000000000000000000
000000000000000000000000000000000000000000000000000000000000000000000000000
000000000000000000000000000000000000000000000000000000000000000000000000000
000000000000000000000000000000000000000000000000000000000000000000000000000
000000000000000000000000000000000000000000000000000000000000000000000000000
000000000000000000000000000000000000000000000000000000000000000000000000000
000000000000000000000000000000000000000000000000000000000000000000000000000
000000000000000000000000000000000000000000000000000000000000000000000000000
000000000000000000000000000000000000000000000000000000000000000000000000000
000000000000000000000000000000000000000000000000000000000000000000000000000
000000000000000000000000000000000000000000000000000000000000000000000000000
000000000000000000000000000000000000000000000000000000000000000000000000000
000000000000000000000000000000000000000000000000000000000000000000000000000
000000000000000000000000000000000000000000000000000000000000000000000000000
000000000000000000000000000000000000000000000000000000000000000000000000000
000000000000000000000000000000000000000000000000000000000000000000000000000
000000000000000000000000000000000000000000000000000000000000000000000000000
000000000000000000000000000000000000000000000000000000000000000000000000000
000000000000000000000000000000000000000000000000000000000000000000000000000
000000000000000000000000000000000000000000000000000000000000000000000000000
000000000000000000000000000000000000000000000000000000000000000000000000000
000000000000000000000000000000000000000000000000000000000000000000000000000
000000000000000000000000000000000000000000000000000000000000000000000000000
000000000000000000000000000000000000000000000000000000000000000000000000000
000000000000000000000000000000000000000000000000000000000000000000000000000
000000000000000000000000000000000000000000000000000000000000000000000000000

000000000000000000000000000000000000000000000000000000000000000000000000000
000000000000000000000000000000000000000000000000000000000000000000000000000
000000000000000000000000000000000000000000000000000000000000000000000000000
000000000000000000000000000000000000000000000000000000000000000000000000000
000000000000000000000000000000000000000000000000000000000000000000000000000
000000000000000000000000000000000000000000000000000000000000000000000000000
000000000000000000000000000000000000000000000000000000000000000000000000000
000000000000000000000000000000000000000000000000000000000000000000000000000
000000000000000000000000000000000000000000000000000000000000000000000000000
000000000000000000000000000000000000000000000000000000000000000000000000000
000000000000000000000000000000000000000000000000000000000000000000000000000
000000000000000000000000000000000000000000000000000000000000000000000000000
000000000000000000000000000000000000000000000000000000000000000000000000000
000000000000000000000000000000000000000000000000000000000000000000000000000
000000000000000000000000000000000000000000000000000000000000000000000000000
000000000000000000000000000000000000000000000000000000000000000000000000000
000000000000000000000000000000000000000000000000000000000000000000000000000
000000000000000000000000000000000000000000000000000000000000000000000000000
000000000000000000000000000000000000000000000000000000000000000000000000000
000000000000000000000000000000000000000000000000000000000000000000000000000
000000000000000000000000000000000000000000000000000000000000000000000000000
000000000000000000000000000000000000000000000000000000000000000000000000000
000000000000000000000000000000000000000000000000000000000000000000000000000
000000000000000000000000000000000000000000000000000000000000000000000000000
000000000000000011111111111111111111111111111111111111111100000000000000000
000000000000000011111111111111111111111111111111111111111100000000000000000
000000000000000011000000000000000000000000000000000000001100000000000000000
000000000000000011000000000000000000000000000000000000001100000000000000000
000000000000000011000000000000000000000000000000000000001100000000000000000
000000000000000011000000000000000000000000000000000000001100000000000000000
000000000000000011000000000000000000000000000000000000001100000000000000000
000000000000000011000000000000000000000000000000000000001100000000000000000
000000000000000011000000000000000000000000000000000000001100000000000000000
000000000000000011000000000000000000000000000000000000001100000000000000000
000000000000000011000000000000000000000000000000000000001100000000000000000
000000000000000011000000000000000000000000000000000000001100000000000000000
000000000000000011000000000000000000000000000000000000001100000000000000000
000000000000000011000000000000000000000000000000000000001100000000000000000
000000000000000011000000000000000000000000000000000000001100000000000000000
000000000000000011000000000000000000000000000000000000001100000000000000000
000000000000000011000000000000000000000000000000000000001100000000000000000
000000000000000011000000000000000000000000000000000000001100000000000000000
000000000000000011000000000000000000000000000000000000001100000000000000000
000000000000000011000000000000000000000000000000000000001100000000000000000
000000000000000011000000000000000000000000000000000000001100000000000000000
000000000000000011000000000000000000000000000000000000001100000000000000000
000000000000000011000000000000000000000000000000000000001100000000000000000
000000000000000011000000000000000000000000000000000000001100000000000000000
000000000000000011111111111111111111111111111111111111111100000000000000000
000000000000000011111111111111111111111111111111111111111100000000000000000
000000000000000000000000000000000000000000000000000000000000000000000000000
000000000000000000000000000000000000000000000000000000000000000000000000000
000000000000000000000000000000000000000000000000000000000000000000000000000
000000000000000000000000000000000000000000000000000000000000000000000000000
000000000000000000000000000000000000000000000000000000000000000000000000000
000000000000000000000000000000000000000000000000000000000000000000000000000
000000000000000000000000000000000000000000000000000000000000000000000000000
000000000000000000000000000000000000000000000000000000000000000000000000000
000000000000000000000000000000000000000000000000000000000000000000000000000
000000000000000000000000000000000000000000000000000000000000000000000000000
000000000000000000000000000000000000000000000000000000000000000000000000000
000000000000000000000000000000000000000000000000000000000000000000000000000
000000000000000000000000000000000000000000000000000000000000000000000000000
000000000000000000000000000000000000000000000000000000000000000000000000000
000000000000000000000000000000000000000000000000000000000000000000000000000
000000000000000000000000000000000000000000000000000000000000000000000000000
000000000000000000000000000000000000000000000000000000000000000000000000000
000000000000000000000000000000000000000000000000000000000000000000000000000
000000000000000000000000000000000000000000000000000000000000000000000000000
000000000000000000000000000000000000000000000000000000000000000000000000000
000000000000000000000000000000000000000000000000000000000000000000000000000
000000000000000000000000000000000000000000000000000000000000000000000000000
000000000000000000000000000000000000000000000000000000000000000000000000000
000000000000000000000000000000000000000000000000000000000000000000000000000
000000000000000000000000000000000000000000000000000000000000000000000000000

== SDRs ==
01101101000000010000000000000000
01000100010000001001000110010000
00001000100000011010000000010000
00000000001110001001001001010100
11000000001000000000000000010001
00000001101000101100000000000101
00100000100000000000000000000100
01000000000000001000100000100000
00010100010010001000001010000000
00000101010010100000000110000000
01000000001000000111000001000000
01001000100010100000001000000010
00001100100001000000000000000000
00010000000000010001001000010000
00000000100010100001110010000000
11000000000110000000101100010010
10000000000001011000011000100000
11110010000000100110000100100100
00101000000000100100001001000001
00010101000000000100000010100100
01010000000000000000011000010010
00000001000000001000000000100100
00001000100000000000010010000000
00000001000000100010100000001010
00000000001000100001000000011000
00000010000000100000001000000010
00000000000000000000000010000000
10100000000001001001000001000000
01000000010000000011101000101001
00001000000110000000000000100101
00001000000100100010000110000000
00011110101001000000010101000000

01101101000000010000000000000000
01000100010000001001000110010000
00001000100000011010000000010000
00000000001110001001001001010100
11000000001000000000000000010001
00000001101000101100000000000101
00100000100000000000000000000100
01000000000000001000100000100000
00010100010010001000001010000000
00000101010010100000000110000000
01000000001000000111000001000000
01001000100010100000001000000010
00001100100001000000000000000000
00010000000000010001001000010000
00000000100010100001110010000000
11000000000110000000101100010010
10000000000001011000011000100000
11110010000000100110000100100100
00101000000000100100001001000001
00010101000000000100000010100100
01010000000000000000011000010010
00000001000000001000000000100100
00001000100000000000010010000000
00000001000000100010100000001010
00000000001000100001000000011000
00000010000000100000001000000010
00000000000000000000000010000000
10100000000001001001000001000000
01000000010000000011101000101001
00001000000110000000000000100101
00001000000100100010000110000000
00011110101001000000010101000000

01101101000000010000000000000000
01000100010000001001000110010000
00001000100000011010000000010000
00000000001110001001001001010100
11000000001000000000000000010001
00000001101000101100000000000101
00100000100000000000000000000100
01000000000000001000100000100000
00010100010010001000001010000000
00000101010010100000000110000000
01000000001000000111000001000000
01001000100010100000001000000010
00001100100001000000000000000000
00010000000000010001001000010000
00000000100010100001110010000000
11000000000110000000101100010010
10000000000001011000011000100000
11110010000000100110000100100100
00101000000000100100001001000001
00010101000000000100000010100100
01010000000000000000011000010010
00000001000000001000000000100100
00001000100000000000010010000000
00000001000000100010100000001010
00000000001000100001000000011000
00000010000000100000001000000010
00000000000000000000000010000000
10100000000001001001000001000000
01000000010000000011101000101001
00001000000110000000000000100101
00001000000100100010000110000000
00011110101001000000010101000000

01000000000000000000000011000001
00000001000000000000000000100001
11100000100000010010000000100000
00000000100010100000010000000000
01000000000011000100000001100001
00000000100000001100110000000100
00000000000000000000110000001000
00000000000000000001010000000000
00000010011001000000000010000000
00000000010010000000000001000010
00000100110001010000001001000000
00000000000000010010000001000000
01001001010100000000000100000000
00000000000000100000100001000010
01101000100001100100110001010100
00100001000010000000100000000111
10001100000000000000000000000010
11000100000100001001000100000011
00000010000010000000100101000000
10011000100000000001000001101100
00010000010000100010010010100000
01001010000001000000100000010100
01001001000000000000000000000000
00001000000000001000010001010000
00001000000001000000100000011101
00001000000000100100001010000000
00101100001010000000100000010010
00001000000000101001000000010001
00001001000000000000001000101000
01001000100010000000000010000001
00000001010010011010001000000010
00011011000101001000000000100000

01101101000000010000000000000000
01000100010000001001000110010000
00001000100000011010000000010000
00000000001110001001001001010100
11000000001000000000000000010001
00000001101000101100000000000101
00100000100000000000000000000100
01000000000000001000100000100000
00010100010010001000001010000000
00000101010010100000000110000000
01000000001000000111000001000000
01001000100010100000001000000010
00001100100001000000000000000000
00010000000000010001001000010000
00000000100010100001110010000000
11000000000110000000101100010010
10000000000001011000011000100000
11110010000000100110000100100100
00101000000000100100001001000001
00010101000000000100000010100100
01010000000000000000011000010010
00000001000000001000000000100100
00001000100000000000010010000000
00000001000000100010100000001010
00000000001000100001000000011000
00000010000000100000001000000010
00000000000000000000000010000000
10100000000001001001000001000000
01000000010000000011101000101001
00001000000110000000000000100101
00001000000100100010000110000000
00011110101001000000010101000000

00101100000000000100100011000000
00010000100000000111000100000000
00100000000000011000001001101000
00000000100000001010000000000000
00000000000011000100000001001000
00000000100011101001100010000101
01000000100000010000000000001100
00000000000000010010100100100000
00001100011000100000010010000000
00000000000000000000100100011010
00000100001000000001011001000101
11101000000001000011000000000010
00011100100000001001000000100000
00000000000100010000000001000010
00000000000010100011110000000000
00100011000010000100001000001011
11000000100100011000100000001000
01000100000010001010000000001000
10101010000000001000000000010000
00000000001000001100010110100000
00010010100100101000000000000000
00001000000010100000001000000001
01001000001000000000000000000000
10001011000000000010000000001010
01001000000000000100000000101100
00000000001010010000000100001010
00011000010001000000000000000000
00100100000000011000001000100000
01101000010000001000100000010010
00000000010110000000000000000100
01000001000010000000001101000000
01010011000001000010011001000011

11000101000001010000000010000000
11010100000000000001000001000010
00000000000000000101000000001000
00010000101001001100000000000100
00000000000000100000010000001000
00000001010001100101000000100000
01000000001000000000100010000000
11000001000010000000000000000000
00110000000000000000010100000010
10000000010110000000000010010010
00000100000100000001010010110110
10111000100000100000001001001000
00001000000001000000100000101000
00000011100101010011100000000000
00100000000100010000001101000000
11000010000001001100000001000101
01001001000010010000100010000000
00000000000001110100000010001011
00100000000000000000001100111000
01010011100000001000010001110100
00100000000100001010000000010100
00000110000010001000100010110011
00000001001000000000010011010000
10000000010000000000010000000000
01000000001000000010000001000001
00100000101010100000001000000011
01110000010000000000010000100000
00000100000010000000000001000000
00100000000000000001100001100000
00000000001000000000001010101001
00000000000100001000001101000010
10001000000011001000101000100011

11001100000000101000000001000000
00000001010100000000000000110000
00000000000000001001010100000001
00000000000001100100010000000000
00000000000111000000010000000000
00000000000010100100000000000110
00000110000010000010000000011000
00000000010000000001010000000000
00000011011010000010111001010000
00010101000010100000000000010000
01000101101000000000010000100000
10101000000000000011000110010000
00001000110101001000100000010000
00000011100100000010110011000001
00101000100000000001000011000000
00000010010010000000010101010101
01100000101111000000011000101000
01100100001100000011010010000000
10100010000000101101001001100000
11010101001000000100100000100100
00100010010100001000000000000001
01001000100101000000100011000100
01001000100100000000010001100000
10000000000000100000000000010000
01010100001001100001001001000001
01000110100000010100000000000100
00000001001000000000000000010000
00110100000100011000000001010010
00011010000110000101100000101010
01000001000000000000000000000000
00000000010000000000001111000000
00101010101001000100100100000000

00001100100001010000101000000000
11000000010100001010000000001000
01001001100000011010001000000000
10000100011010011000001001000100
01000000100101000000000000011000
00000100100000100000100000000001
00100001000100000011000000000000
01010001000000011010000010000000
00000101000001100000100000010100
00010100010100100000000000000000
01000100001000100001000000100011
00000010000011000000001010110010
00100000100001000001100000100000
01000101000000000000010001000100
00000000100000000010000000000000
00000001010001001100000010000100
10010101000110000010000000100110
01100000100110100100000010101001
10110010010000110000000000000010
00000111001100000000010011000100
01000100000000010000000001010010
00000001000100001100000110100100
00001000000100000100010000000010
11000000000010001010000011000010
01000000000000000000000010010001
00000010001000000000000010010010
01000000000000000000001000000010
01011000010100010101000001001000
00100000000000010111100111000011
00001101000100000000010000101100
00001000001000000000011011000011
00010010000101000000000000000111

