== Attributes ==
title=25_circle_v1_v2
type= 2x2
result=5
window_size=(75, 75)

== Input ==
000000000000000000000000000000000000000000000000000000000000000000000000000
000000000000000000000000000000000000000000000000000000000000000000000000000
000000000000000000000000000000000000000000000000000000000000000000000000000
000000000000000000000000000000000000000000000000000000000000000000000000000
000000000000000000000000000000000000000000000000000000000000000000000000000
000000000000000000000000000000000000000000000000000000000000000000000000000
000000000000000000000000000000000000000000000000000000000000000000000000000
000000000000000000000000000000000000000000000000000000000000000000000000000
000000000000000000000000000000000000000000000000000000000000000000000000000
000000000000000000000000000000000000000000000000000000000000000000000000000
000000000000000000000000000000000000000000000000000000000000000000000000000
000000000000000000000000000000000000000000000000000000000000000000000000000
000000000000000000000000000000000000000000000000000000000000000000000000000
000000000000000000000000000000000000000000000000000000000000000000000000000
000000000000000000000000000000000000000000000000000000000000000000000000000
000000000000000000000000000000000000100000000000000000000000000000000000000
000000000000000000000000000000111111111111100000000000000000000000000000000
000000000000000000000000000011111111111111111000000000000000000000000000000
000000000000000000000000001111111111000000011110000000000000000000000000000
000000000000000000000000111111111111000000000111100000000000000000000000000
000000000000000000000001111111111111000000000001110000000000000000000000000
000000000000000000000011111111111111000000000000111000000000000000000000000
000000000000000000000111111111111111000000000000011100000000000000000000000
000000000000000000001111111111111111000000000000001110000000000000000000000
000000000000000000011111111111111111000000000000000111000000000000000000000
000000000000000000011111111111111111000000000000000011000000000000000000000
000000000000000000111111111111111111000000000000000001100000000000000000000
000000000000000000111111111111111111000000000000000001100000000000000000000
000000000000000001111111111111111111000000000000000000110000000000000000000
000000000000000001111111111111111111000000000000000000110000000000000000000
000000000000000011111111111111111111000000000000000000011000000000000000000
000000000000000011111111111111111111000000000000000000011000000000000000000
000000000000000011111111111111111111000000000000000000011000000000000000000
000000000000000011111111111111111111000000000000000000011000000000000000000
000000000000000011111111111111111111000000000000000000011000000000000000000
000000000000000011111111111111111111000000000000000000011000000000000000000
000000000000000111111111111111111111000000000000000000011100000000000000000
000000000000000011111111111111111111000000000000000000011000000000000000000
000000000000000011111111111111111111000000000000000000011000000000000000000
000000000000000011111111111111111111000000000000000000011000000000000000000
000000000000000011111111111111111111000000000000000000011000000000000000000
000000000000000011111111111111111111000000000000000000011000000000000000000
000000000000000011111111111111111111000000000000000000011000000000000000000
000000000000000001111111111111111111000000000000000000110000000000000000000
000000000000000001111111111111111111000000000000000000110000000000000000000
000000000000000000111111111111111111000000000000000001100000000000000000000
000000000000000000111111111111111111000000000000000001100000000000000000000
000000000000000000011111111111111111000000000000000011000000000000000000000
000000000000000000011111111111111111000000000000000111000000000000000000000
000000000000000000001111111111111111000000000000001110000000000000000000000
000000000000000000000111111111111111000000000000011100000000000000000000000
000000000000000000000011111111111111000000000000111000000000000000000000000
000000000000000000000001111111111111000000000001110000000000000000000000000
000000000000000000000000111111111111000000000111100000000000000000000000000
000000000000000000000000001111111111000000011110000000000000000000000000000
000000000000000000000000000011111111111111111000000000000000000000000000000
000000000000000000000000000000111111111111100000000000000000000000000000000
000000000000000000000000000000000000100000000000000000000000000000000000000
000000000000000000000000000000000000000000000000000000000000000000000000000
000000000000000000000000000000000000000000000000000000000000000000000000000
000000000000000000000000000000000000000000000000000000000000000000000000000
000000000000000000000000000000000000000000000000000000000000000000000000000
000000000000000000000000000000000000000000000000000000000000000000000000000
000000000000000000000000000000000000000000000000000000000000000000000000000
000000000000000000000000000000000000000000000000000000000000000000000000000
000000000000000000000000000000000000000000000000000000000000000000000000000
000000000000000000000000000000000000000000000000000000000000000000000000000
000000000000000000000000000000000000000000000000000000000000000000000000000
000000000000000000000000000000000000000000000000000000000000000000000000000
000000000000000000000000000000000000000000000000000000000000000000000000000
000000000000000000000000000000000000000000000000000000000000000000000000000
000000000000000000000000000000000000000000000000000000000000000000000000000
000000000000000000000000000000000000000000000000000000000000000000000000000
000000000000000000000000000000000000000000000000000000000000000000000000000
000000000000000000000000000000000000000000000000000000000000000000000000000

000000000000000000000000000000000000000000000000000000000000000000000000000
000000000000000000000000000000000000000000000000000000000000000000000000000
000000000000000000000000000000000000000000000000000000000000000000000000000
000000000000000000000000000000000000000000000000000000000000000000000000000
000000000000000000000000000000000000000000000000000000000000000000000000000
000000000000000000000000000000000000000000000000000000000000000000000000000
000000000000000000000000000000000000000000000000000000000000000000000000000
000000000000000000000000000000000000000000000000000000000000000000000000000
000000000000000000000000000000000000000000000000000000000000000000000000000
000000000000000000000000000000000000000000000000000000000000000000000000000
000000000000000000000000000000000000000000000000000000000000000000000000000
000000000000000000000000000000000000000000000000000000000000000000000000000
000000000000000000000000000000000000000000000000000000000000000000000000000
000000000000000000000000000000000000000000000000000000000000000000000000000
000000000000000000000000000000000000000000000000000000000000000000000000000
000000000000000000000000000000000000100000000000000000000000000000000000000
000000000000000000000000000000111111111111100000000000000000000000000000000
000000000000000000000000000011111111111111111000000000000000000000000000000
000000000000000000000000001111000000111111111110000000000000000000000000000
000000000000000000000000111100000000111111111111100000000000000000000000000
000000000000000000000001110000000000111111111111110000000000000000000000000
000000000000000000000011100000000000111111111111111000000000000000000000000
000000000000000000000111000000000000111111111111111100000000000000000000000
000000000000000000001110000000000000111111111111111110000000000000000000000
000000000000000000011100000000000000111111111111111111000000000000000000000
000000000000000000011000000000000000111111111111111111000000000000000000000
000000000000000000110000000000000000111111111111111111100000000000000000000
000000000000000000110000000000000000111111111111111111100000000000000000000
000000000000000001100000000000000000111111111111111111110000000000000000000
000000000000000001100000000000000000111111111111111111110000000000000000000
000000000000000011000000000000000000111111111111111111111000000000000000000
000000000000000011000000000000000000111111111111111111111000000000000000000
000000000000000011000000000000000000111111111111111111111000000000000000000
000000000000000011000000000000000000111111111111111111111000000000000000000
000000000000000011000000000000000000111111111111111111111000000000000000000
000000000000000011000000000000000000111111111111111111111000000000000000000
000000000000000111000000000000000000111111111111111111111100000000000000000
000000000000000011000000000000000000111111111111111111111000000000000000000
000000000000000011000000000000000000111111111111111111111000000000000000000
000000000000000011000000000000000000111111111111111111111000000000000000000
000000000000000011000000000000000000111111111111111111111000000000000000000
000000000000000011000000000000000000111111111111111111111000000000000000000
000000000000000011000000000000000000111111111111111111111000000000000000000
000000000000000001100000000000000000111111111111111111110000000000000000000
000000000000000001100000000000000000111111111111111111110000000000000000000
000000000000000000110000000000000000111111111111111111100000000000000000000
000000000000000000110000000000000000111111111111111111100000000000000000000
000000000000000000011000000000000000111111111111111111000000000000000000000
000000000000000000011100000000000000111111111111111111000000000000000000000
000000000000000000001110000000000000111111111111111110000000000000000000000
000000000000000000000111000000000000111111111111111100000000000000000000000
000000000000000000000011100000000000111111111111111000000000000000000000000
000000000000000000000001110000000000111111111111110000000000000000000000000
000000000000000000000000111100000000111111111111100000000000000000000000000
000000000000000000000000001111000000111111111110000000000000000000000000000
000000000000000000000000000011111111111111111000000000000000000000000000000
000000000000000000000000000000111111111111100000000000000000000000000000000
000000000000000000000000000000000000100000000000000000000000000000000000000
000000000000000000000000000000000000000000000000000000000000000000000000000
000000000000000000000000000000000000000000000000000000000000000000000000000
000000000000000000000000000000000000000000000000000000000000000000000000000
000000000000000000000000000000000000000000000000000000000000000000000000000
000000000000000000000000000000000000000000000000000000000000000000000000000
000000000000000000000000000000000000000000000000000000000000000000000000000
000000000000000000000000000000000000000000000000000000000000000000000000000
000000000000000000000000000000000000000000000000000000000000000000000000000
000000000000000000000000000000000000000000000000000000000000000000000000000
000000000000000000000000000000000000000000000000000000000000000000000000000
000000000000000000000000000000000000000000000000000000000000000000000000000
000000000000000000000000000000000000000000000000000000000000000000000000000
000000000000000000000000000000000000000000000000000000000000000000000000000
000000000000000000000000000000000000000000000000000000000000000000000000000
000000000000000000000000000000000000000000000000000000000000000000000000000
000000000000000000000000000000000000000000000000000000000000000000000000000
000000000000000000000000000000000000000000000000000000000000000000000000000

000000000000000000000000000000000000000000000000000000000000000000000000000
000000000000000000000000000000000000000000000000000000000000000000000000000
000000000000000000000000000000000000000000000000000000000000000000000000000
000000000000000000000000000000000000000000000000000000000000000000000000000
000000000000000000000000000000000000000000000000000000000000000000000000000
000000000000000000000000000000000000000000000000000000000000000000000000000
000000000000000000000000000000000000000000000000000000000000000000000000000
000000000000000000000000000000000000000000000000000000000000000000000000000
000000000000000000000000000000000000000000000000000000000000000000000000000
000000000000000000000000000000000000000000000000000000000000000000000000000
000000000000000000000000000000000000000000000000000000000000000000000000000
000000000000000000000000000000000000000000000000000000000000000000000000000
000000000000000000000000000000000000000000000000000000000000000000000000000
000000000000000000000000000000000000000000000000000000000000000000000000000
000000000000000000000000000000000000000000000000000000000000000000000000000
000000000000000000000000000000000000100000000000000000000000000000000000000
000000000000000000000000000000111111111111100000000000000000000000000000000
000000000000000000000000000011111111111111111000000000000000000000000000000
000000000000000000000000001111111111000000011110000000000000000000000000000
000000000000000000000000111111111111000000000111100000000000000000000000000
000000000000000000000001111111111111000000000001110000000000000000000000000
000000000000000000000011111111111111000000000000111000000000000000000000000
000000000000000000000111111111111111000000000000011100000000000000000000000
000000000000000000001111111111111111000000000000001110000000000000000000000
000000000000000000011111111111111111000000000000000111000000000000000000000
000000000000000000011111111111111111000000000000000011000000000000000000000
000000000000000000111111111111111111000000000000000001100000000000000000000
000000000000000000111111111111111111000000000000000001100000000000000000000
000000000000000001111111111111111111000000000000000000110000000000000000000
000000000000000001111111111111111111000000000000000000110000000000000000000
000000000000000011111111111111111111000000000000000000011000000000000000000
000000000000000011111111111111111111000000000000000000011000000000000000000
000000000000000011111111111111111111000000000000000000011000000000000000000
000000000000000011111111111111111111000000000000000000011000000000000000000
000000000000000011111111111111111111000000000000000000011000000000000000000
000000000000000011111111111111111111000000000000000000011000000000000000000
000000000000000111111111111111111111000000000000000000011100000000000000000
000000000000000011111111111111111111000000000000000000011000000000000000000
000000000000000011111111111111111111000000000000000000011000000000000000000
000000000000000011111111111111111111000000000000000000011000000000000000000
000000000000000011111111111111111111000000000000000000011000000000000000000
000000000000000011111111111111111111000000000000000000011000000000000000000
000000000000000011111111111111111111000000000000000000011000000000000000000
000000000000000001111111111111111111000000000000000000110000000000000000000
000000000000000001111111111111111111000000000000000000110000000000000000000
000000000000000000111111111111111111000000000000000001100000000000000000000
000000000000000000111111111111111111000000000000000001100000000000000000000
000000000000000000011111111111111111000000000000000011000000000000000000000
000000000000000000011111111111111111000000000000000111000000000000000000000
000000000000000000001111111111111111000000000000001110000000000000000000000
000000000000000000000111111111111111000000000000011100000000000000000000000
000000000000000000000011111111111111000000000000111000000000000000000000000
000000000000000000000001111111111111000000000001110000000000000000000000000
000000000000000000000000111111111111000000000111100000000000000000000000000
000000000000000000000000001111111111000000011110000000000000000000000000000
000000000000000000000000000011111111111111111000000000000000000000000000000
000000000000000000000000000000111111111111100000000000000000000000000000000
000000000000000000000000000000000000100000000000000000000000000000000000000
000000000000000000000000000000000000000000000000000000000000000000000000000
000000000000000000000000000000000000000000000000000000000000000000000000000
000000000000000000000000000000000000000000000000000000000000000000000000000
000000000000000000000000000000000000000000000000000000000000000000000000000
000000000000000000000000000000000000000000000000000000000000000000000000000
000000000000000000000000000000000000000000000000000000000000000000000000000
000000000000000000000000000000000000000000000000000000000000000000000000000
000000000000000000000000000000000000000000000000000000000000000000000000000
000000000000000000000000000000000000000000000000000000000000000000000000000
000000000000000000000000000000000000000000000000000000000000000000000000000
000000000000000000000000000000000000000000000000000000000000000000000000000
000000000000000000000000000000000000000000000000000000000000000000000000000
000000000000000000000000000000000000000000000000000000000000000000000000000
000000000000000000000000000000000000000000000000000000000000000000000000000
000000000000000000000000000000000000000000000000000000000000000000000000000
000000000000000000000000000000000000000000000000000000000000000000000000000
000000000000000000000000000000000000000000000000000000000000000000000000000

== Output ==
000000000000000000000000000000000000000000000000000000000000000000000000000
000000000000000000000000000000000000000000000000000000000000000000000000000
000000000000000000000000000000000000000000000000000000000000000000000000000
000000000000000000000000000000000000000000000000000000000000000000000000000
000000000000000000000000000000000000000000000000000000000000000000000000000
000000000000000000000000000000000000000000000000000000000000000000000000000
000000000000000000000000000000000000000000000000000000000000000000000000000
000000000000000000000000000000000000000000000000000000000000000000000000000
000000000000000000000000000000000000000000000000000000000000000000000000000
000000000000000000000000000000000000000000000000000000000000000000000000000
000000000000000000000000000000000000000000000000000000000000000000000000000
000000000000000000000000000000000000000000000000000000000000000000000000000
000000000000000000000000000000000000000000000000000000000000000000000000000
000000000000000000000000000000000000000000000000000000000000000000000000000
000000000000000000000000000000000000000000000000000000000000000000000000000
000000000000000000000000000000000000000000000000000000000000000000000000000
000000000000000000000000000000000000000000000000000000000000000000000000000
000000000000000000000000000000000000000000000000000000000000000000000000000
000000000000000000000000000000000000000000000000000000000000000000000000000
000000000000000000000000000000000000000000000000000000000000000000000000000
000000000000000000001111111111111111111111111111111111000000000000000000000
000000000000000000001111111111111111111111111111111111000000000000000000000
000000000000000000001100000000000000111111111111111111000000000000000000000
000000000000000000001100000000000000111111111111111111000000000000000000000
000000000000000000001100000000000000111111111111111111000000000000000000000
000000000000000000001100000000000000111111111111111111000000000000000000000
000000000000000000001100000000000000111111111111111111000000000000000000000
000000000000000000001100000000000000111111111111111111000000000000000000000
000000000000000000001100000000000000111111111111111111000000000000000000000
000000000000000000001100000000000000111111111111111111000000000000000000000
000000000000000000001100000000000000111111111111111111000000000000000000000
000000000000000000001100000000000000111111111111111111000000000000000000000
000000000000000000001100000000000000111111111111111111000000000000000000000
000000000000000000001100000000000000111111111111111111000000000000000000000
000000000000000000001100000000000000111111111111111111000000000000000000000
000000000000000000001100000000000000111111111111111111000000000000000000000
000000000000000000001100000000000000111111111111111111000000000000000000000
000000000000000000001100000000000000111111111111111111000000000000000000000
000000000000000000001100000000000000111111111111111111000000000000000000000
000000000000000000001100000000000000111111111111111111000000000000000000000
000000000000000000001100000000000000111111111111111111000000000000000000000
000000000000000000001100000000000000111111111111111111000000000000000000000
000000000000000000001100000000000000111111111111111111000000000000000000000
000000000000000000001100000000000000111111111111111111000000000000000000000
000000000000000000001100000000000000111111111111111111000000000000000000000
000000000000000000001100000000000000111111111111111111000000000000000000000
000000000000000000001100000000000000111111111111111111000000000000000000000
000000000000000000001100000000000000111111111111111111000000000000000000000
000000000000000000001100000000000000111111111111111111000000000000000000000
000000000000000000001100000000000000111111111111111111000000000000000000000
000000000000000000001100000000000000111111111111111111000000000000000000000
000000000000000000001100000000000000111111111111111111000000000000000000000
000000000000000000001111111111111111111111111111111111000000000000000000000
000000000000000000001111111111111111111111111111111111000000000000000000000
000000000000000000000000000000000000000000000000000000000000000000000000000
000000000000000000000000000000000000000000000000000000000000000000000000000
000000000000000000000000000000000000000000000000000000000000000000000000000
000000000000000000000000000000000000000000000000000000000000000000000000000
000000000000000000000000000000000000000000000000000000000000000000000000000
000000000000000000000000000000000000000000000000000000000000000000000000000
000000000000000000000000000000000000000000000000000000000000000000000000000
000000000000000000000000000000000000000000000000000000000000000000000000000
000000000000000000000000000000000000000000000000000000000000000000000000000
000000000000000000000000000000000000000000000000000000000000000000000000000
000000000000000000000000000000000000000000000000000000000000000000000000000
000000000000000000000000000000000000000000000000000000000000000000000000000
000000000000000000000000000000000000000000000000000000000000000000000000000
000000000000000000000000000000000000000000000000000000000000000000000000000
000000000000000000000000000000000000000000000000000000000000000000000000000
000000000000000000000000000000000000000000000000000000000000000000000000000
000000000000000000000000000000000000000000000000000000000000000000000000000
000000000000000000000000000000000000000000000000000000000000000000000000000
000000000000000000000000000000000000000000000000000000000000000000000000000
000000000000000000000000000000000000000000000000000000000000000000000000000
000000000000000000000000000000000000000000000000000000000000000000000000000

000000000000000000000000000000000000000000000000000000000000000000000000000
000000000000000000000000000000000000000000000000000000000000000000000000000
000000000000000000000000000000000000000000000000000000000000000000000000000
000000000000000000000000000000000000000000000000000000000000000000000000000
000000000000000000000000000000000000000000000000000000000000000000000000000
000000000000000000000000000000000000000000000000000000000000000000000000000
000000000000000000000000000000000000000000000000000000000000000000000000000
000000000000000000000000000000000000000000000000000000000000000000000000000
000000000000000000000000000000000000000000000000000000000000000000000000000
000000000000000000000000000000000000000000000000000000000000000000000000000
000000000000000000000000000000000000000000000000000000000000000000000000000
000000000000000000000000000000000000000000000000000000000000000000000000000
000000000000000000000000000000000000000000000000000000000000000000000000000
000000000000000000000000000000000000000000000000000000000000000000000000000
000000000000000000000000000000000000000000000000000000000000000000000000000
000000000000000000000000000000000000100000000000000000000000000000000000000
000000000000000000000000000000111111111111100000000000000000000000000000000
000000000000000000000000000011111111111111111000000000000000000000000000000
000000000000000000000000001111111111000000011110000000000000000000000000000
000000000000000000000000111111111111000000000111100000000000000000000000000
000000000000000000000001111111111111000000000001110000000000000000000000000
000000000000000000000011111111111111000000000000111000000000000000000000000
000000000000000000000111111111111111000000000000011100000000000000000000000
000000000000000000001111111111111111000000000000001110000000000000000000000
000000000000000000011111111111111111000000000000000111000000000000000000000
000000000000000000011111111111111111000000000000000011000000000000000000000
000000000000000000111111111111111111000000000000000001100000000000000000000
000000000000000000111111111111111111000000000000000001100000000000000000000
000000000000000001111111111111111111000000000000000000110000000000000000000
000000000000000001111111111111111111000000000000000000110000000000000000000
000000000000000011111111111111111111000000000000000000011000000000000000000
000000000000000011111111111111111111000000000000000000011000000000000000000
000000000000000011111111111111111111000000000000000000011000000000000000000
000000000000000011111111111111111111000000000000000000011000000000000000000
000000000000000011111111111111111111000000000000000000011000000000000000000
000000000000000011111111111111111111000000000000000000011000000000000000000
000000000000000111111111111111111111000000000000000000011100000000000000000
000000000000000011111111111111111111000000000000000000011000000000000000000
000000000000000011111111111111111111000000000000000000011000000000000000000
000000000000000011111111111111111111000000000000000000011000000000000000000
000000000000000011111111111111111111000000000000000000011000000000000000000
000000000000000011111111111111111111000000000000000000011000000000000000000
000000000000000011111111111111111111000000000000000000011000000000000000000
000000000000000001111111111111111111000000000000000000110000000000000000000
000000000000000001111111111111111111000000000000000000110000000000000000000
000000000000000000111111111111111111000000000000000001100000000000000000000
000000000000000000111111111111111111000000000000000001100000000000000000000
000000000000000000011111111111111111000000000000000011000000000000000000000
000000000000000000011111111111111111000000000000000111000000000000000000000
000000000000000000001111111111111111000000000000001110000000000000000000000
000000000000000000000111111111111111000000000000011100000000000000000000000
000000000000000000000011111111111111000000000000111000000000000000000000000
000000000000000000000001111111111111000000000001110000000000000000000000000
000000000000000000000000111111111111000000000111100000000000000000000000000
000000000000000000000000001111111111000000011110000000000000000000000000000
000000000000000000000000000011111111111111111000000000000000000000000000000
000000000000000000000000000000111111111111100000000000000000000000000000000
000000000000000000000000000000000000100000000000000000000000000000000000000
000000000000000000000000000000000000000000000000000000000000000000000000000
000000000000000000000000000000000000000000000000000000000000000000000000000
000000000000000000000000000000000000000000000000000000000000000000000000000
000000000000000000000000000000000000000000000000000000000000000000000000000
000000000000000000000000000000000000000000000000000000000000000000000000000
000000000000000000000000000000000000000000000000000000000000000000000000000
000000000000000000000000000000000000000000000000000000000000000000000000000
000000000000000000000000000000000000000000000000000000000000000000000000000
000000000000000000000000000000000000000000000000000000000000000000000000000
000000000000000000000000000000000000000000000000000000000000000000000000000
000000000000000000000000000000000000000000000000000000000000000000000000000
000000000000000000000000000000000000000000000000000000000000000000000000000
000000000000000000000000000000000000000000000000000000000000000000000000000
000000000000000000000000000000000000000000000000000000000000000000000000000
000000000000000000000000000000000000000000000000000000000000000000000000000
000000000000000000000000000000000000000000000000000000000000000000000000000
000000000000000000000000000000000000000000000000000000000000000000000000000

000000000000000000000000000000000000000000000000000000000000000000000000000
000000000000000000000000000000000000000000000000000000000000000000000000000
000000000000000000000000000000000000000000000000000000000000000000000000000
000000000000000000000000000000000000000000000000000000000000000000000000000
000000000000000000000000000000000000000000000000000000000000000000000000000
000000000000000000000000000000000000000000000000000000000000000000000000000
000000000000000000000000000000000000000000000000000000000000000000000000000
000000000000000000000000000000000000000000000000000000000000000000000000000
000000000000000000000000000000000000000000000000000000000000000000000000000
000000000000000000000000000000000000000000000000000000000000000000000000000
000000000000000000000000000000000000000000000000000000000000000000000000000
000000000000000000000000000000000000000000000000000000000000000000000000000
000000000000000000000000000000000000000000000000000000000000000000000000000
000000000000000000000000000000000000000000000000000000000000000000000000000
000000000000000000000000000000000000000000000000000000000000000000000000000
000000000000000000000000000000000000000000000000000000000000000000000000000
000000000000000000000000000000000000000000000000000000000000000000000000000
000000000000000000000000000000000000000000000000000000000000000000000000000
000000000000000000000000000000000000000000000000000000000000000000000000000
000000000000000000000000000000000000000000000000000000000000000000000000000
000000000000000000000000000000000000000000000000000000000000000000000000000
000000000000000000000000000000000000000000000000000000000000000000000000000
000000000000000000000000000000000000000000000000000000000000000000000000000
000000000000000000000000000000000000000000000000000000000000000000000000000
000000000000000000000000000000000000000000000000000000000000000000000000000
000000000000000000000000000000000000000000000000000000000000000000000000000
000000000000000000000000000000000000110000000000000000000000000000000000000
000000000000000000000000000000000001111000000000000000000000000000000000000
000000000000000000000000000000000011111100000000000000000000000000000000000
000000000000000000000000000000000110111110000000000000000000000000000000000
000000000000000000000000000000001100111111000000000000000000000000000000000
000000000000000000000000000000011000111111100000000000000000000000000000000
000000000000000000000000000000110000111111110000000000000000000000000000000
000000000000000000000000000001100000111111111000000000000000000000000000000
000000000000000000000000000011000000111111111100000000000000000000000000000
000000000000000000000000000110000000111111111110000000000000000000000000000
000000000000000000000000001100000000111111111111000000000000000000000000000
000000000000000000000000011000000000111111111111100000000000000000000000000
000000000000000000000000110000000000111111111111110000000000000000000000000
000000000000000000000001100000000000111111111111111000000000000000000000000
000000000000000000000011000000000000111111111111111100000000000000000000000
000000000000000000000110000000000000111111111111111110000000000000000000000
000000000000000000001100000000000000111111111111111111000000000000000000000
000000000000000000011000000000000000111111111111111111100000000000000000000
000000000000000000110000000000000000111111111111111111110000000000000000000
000000000000000001100000000000000000111111111111111111111000000000000000000
000000000000000011111111111111111111111111111111111111111100000000000000000
000000000000000111111111111111111111111111111111111111111110000000000000000
000000000000000000000000000000000000000000000000000000000000000000000000000
000000000000000000000000000000000000000000000000000000000000000000000000000
000000000000000000000000000000000000000000000000000000000000000000000000000
000000000000000000000000000000000000000000000000000000000000000000000000000
000000000000000000000000000000000000000000000000000000000000000000000000000
000000000000000000000000000000000000000000000000000000000000000000000000000
000000000000000000000000000000000000000000000000000000000000000000000000000
000000000000000000000000000000000000000000000000000000000000000000000000000
000000000000000000000000000000000000000000000000000000000000000000000000000
000000000000000000000000000000000000000000000000000000000000000000000000000
000000000000000000000000000000000000000000000000000000000000000000000000000
000000000000000000000000000000000000000000000000000000000000000000000000000
000000000000000000000000000000000000000000000000000000000000000000000000000
000000000000000000000000000000000000000000000000000000000000000000000000000
000000000000000000000000000000000000000000000000000000000000000000000000000
000000000000000000000000000000000000000000000000000000000000000000000000000
000000000000000000000000000000000000000000000000000000000000000000000000000
000000000000000000000000000000000000000000000000000000000000000000000000000
000000000000000000000000000000000000000000000000000000000000000000000000000
000000000000000000000000000000000000000000000000000000000000000000000000000
000000000000000000000000000000000000000000000000000000000000000000000000000
000000000000000000000000000000000000000000000000000000000000000000000000000
000000000000000000000000000000000000000000000000000000000000000000000000000
000000000000000000000000000000000000000000000000000000000000000000000000000
000000000000000000000000000000000000000000000000000000000000000000000000000
000000000000000000000000000000000000000000000000000000000000000000000000000
000000000000000000000000000000000000000000000000000000000000000000000000000

000000000000000000000000000000000000000000000000000000000000000000000000000
000000000000000000000000000000000000000000000000000000000000000000000000000
000000000000000000000000000000000000000000000000000000000000000000000000000
000000000000000000000000000000000000000000000000000000000000000000000000000
000000000000000000000000000000000000000000000000000000000000000000000000000
000000000000000000000000000000000000000000000000000000000000000000000000000
000000000000000000000000000000000000000000000000000000000000000000000000000
000000000000000000000000000000000000000000000000000000000000000000000000000
000000000000000000000000000000000000000000000000000000000000000000000000000
000000000000000000000000000000000000000000000000000000000000000000000000000
000000000000000000000000000000000000000000000000000000000000000000000000000
000000000000000000000000000000000000000000000000000000000000000000000000000
000000000000000000000000000000000000000000000000000000000000000000000000000
000000000000000000000000000000000000000000000000000000000000000000000000000
000000000000000000000000000000000000000000000000000000000000000000000000000
000000000000000000000000000000000000000000000000000000000000000000000000000
000000000000000000000000111111111111111111111111110000000000000000000000000
000000000000000000000000111111111111111111111111110000000000000000000000000
000000000000000000000000110000000000111111111111110000000000000000000000000
000000000000000000000000110000000000111111111111110000000000000000000000000
000000000000000000000000110000000000111111111111110000000000000000000000000
000000000000000000000000110000000000111111111111110000000000000000000000000
000000000000000000000000110000000000111111111111110000000000000000000000000
000000000000000000000000110000000000111111111111110000000000000000000000000
000000000000000000000000110000000000111111111111110000000000000000000000000
000000000000000000000000110000000000111111111111110000000000000000000000000
000000000000000000000000110000000000111111111111110000000000000000000000000
000000000000000000000000110000000000111111111111110000000000000000000000000
000000000000000000000000110000000000111111111111110000000000000000000000000
000000000000000000000000110000000000111111111111110000000000000000000000000
000000000000000000000000110000000000111111111111110000000000000000000000000
000000000000000000000000110000000000111111111111110000000000000000000000000
000000000000000000000000110000000000111111111111110000000000000000000000000
000000000000000000000000110000000000111111111111110000000000000000000000000
000000000000000000000000110000000000111111111111110000000000000000000000000
000000000000000000000000110000000000111111111111110000000000000000000000000
000000000000000000000000110000000000111111111111110000000000000000000000000
000000000000000000000000110000000000111111111111110000000000000000000000000
000000000000000000000000110000000000111111111111110000000000000000000000000
000000000000000000000000110000000000111111111111110000000000000000000000000
000000000000000000000000110000000000111111111111110000000000000000000000000
000000000000000000000000110000000000111111111111110000000000000000000000000
000000000000000000000000110000000000111111111111110000000000000000000000000
000000000000000000000000110000000000111111111111110000000000000000000000000
000000000000000000000000110000000000111111111111110000000000000000000000000
000000000000000000000000110000000000111111111111110000000000000000000000000
000000000000000000000000110000000000111111111111110000000000000000000000000
000000000000000000000000110000000000111111111111110000000000000000000000000
000000000000000000000000110000000000111111111111110000000000000000000000000
000000000000000000000000110000000000111111111111110000000000000000000000000
000000000000000000000000110000000000111111111111110000000000000000000000000
000000000000000000000000110000000000111111111111110000000000000000000000000
000000000000000000000000110000000000111111111111110000000000000000000000000
000000000000000000000000110000000000111111111111110000000000000000000000000
000000000000000000000000110000000000111111111111110000000000000000000000000
000000000000000000000000110000000000111111111111110000000000000000000000000
000000000000000000000000111111111111111111111111110000000000000000000000000
000000000000000000000000111111111111111111111111110000000000000000000000000
000000000000000000000000000000000000000000000000000000000000000000000000000
000000000000000000000000000000000000000000000000000000000000000000000000000
000000000000000000000000000000000000000000000000000000000000000000000000000
000000000000000000000000000000000000000000000000000000000000000000000000000
000000000000000000000000000000000000000000000000000000000000000000000000000
000000000000000000000000000000000000000000000000000000000000000000000000000
000000000000000000000000000000000000000000000000000000000000000000000000000
000000000000000000000000000000000000000000000000000000000000000000000000000
000000000000000000000000000000000000000000000000000000000000000000000000000
000000000000000000000000000000000000000000000000000000000000000000000000000
000000000000000000000000000000000000000000000000000000000000000000000000000
000000000000000000000000000000000000000000000000000000000000000000000000000
000000000000000000000000000000000000000000000000000000000000000000000000000
000000000000000000000000000000000000000000000000000000000000000000000000000
000000000000000000000000000000000000000000000000000000000000000000000000000
000000000000000000000000000000000000000000000000000000000000000000000000000
000000000000000000000000000000000000000000000000000000000000000000000000000

000000000000000000000000000000000000000000000000000000000000000000000000000
000000000000000000000000000000000000000000000000000000000000000000000000000
000000000000000000000000000000000000000000000000000000000000000000000000000
000000000000000000000000000000000000000000000000000000000000000000000000000
000000000000000000000000000000000000000000000000000000000000000000000000000
000000000000000000000000000000000000000000000000000000000000000000000000000
000000000000000000000000000000000000000000000000000000000000000000000000000
000000000000000000000000000000000000000000000000000000000000000000000000000
000000000000000000000000000000000000000000000000000000000000000000000000000
000000000000000000000000000000000000000000000000000000000000000000000000000
000000000000000000000000000000000000000000000000000000000000000000000000000
000000000000000000000000000000000000000000000000000000000000000000000000000
000000000000000000000000000000000000000000000000000000000000000000000000000
000000000000000000000000000000000000000000000000000000000000000000000000000
000000000000000000000000000000000000000000000000000000000000000000000000000
000000000000000000000000000000000000100000000000000000000000000000000000000
000000000000000000000000000000111111111111100000000000000000000000000000000
000000000000000000000000000011111111111111111000000000000000000000000000000
000000000000000000000000001111000000111111111110000000000000000000000000000
000000000000000000000000111100000000111111111111100000000000000000000000000
000000000000000000000001110000000000111111111111110000000000000000000000000
000000000000000000000011100000000000111111111111111000000000000000000000000
000000000000000000000111000000000000111111111111111100000000000000000000000
000000000000000000001110000000000000111111111111111110000000000000000000000
000000000000000000011100000000000000111111111111111111000000000000000000000
000000000000000000011000000000000000111111111111111111000000000000000000000
000000000000000000110000000000000000111111111111111111100000000000000000000
000000000000000000110000000000000000111111111111111111100000000000000000000
000000000000000001100000000000000000111111111111111111110000000000000000000
000000000000000001100000000000000000111111111111111111110000000000000000000
000000000000000011000000000000000000111111111111111111111000000000000000000
000000000000000011000000000000000000111111111111111111111000000000000000000
000000000000000011000000000000000000111111111111111111111000000000000000000
000000000000000011000000000000000000111111111111111111111000000000000000000
000000000000000011000000000000000000111111111111111111111000000000000000000
000000000000000011000000000000000000111111111111111111111000000000000000000
000000000000000111000000000000000000111111111111111111111100000000000000000
000000000000000011000000000000000000111111111111111111111000000000000000000
000000000000000011000000000000000000111111111111111111111000000000000000000
000000000000000011000000000000000000111111111111111111111000000000000000000
000000000000000011000000000000000000111111111111111111111000000000000000000
000000000000000011000000000000000000111111111111111111111000000000000000000
000000000000000011000000000000000000111111111111111111111000000000000000000
000000000000000001100000000000000000111111111111111111110000000000000000000
000000000000000001100000000000000000111111111111111111110000000000000000000
000000000000000000110000000000000000111111111111111111100000000000000000000
000000000000000000110000000000000000111111111111111111100000000000000000000
000000000000000000011000000000000000111111111111111111000000000000000000000
000000000000000000011100000000000000111111111111111111000000000000000000000
000000000000000000001110000000000000111111111111111110000000000000000000000
000000000000000000000111000000000000111111111111111100000000000000000000000
000000000000000000000011100000000000111111111111111000000000000000000000000
000000000000000000000001110000000000111111111111110000000000000000000000000
000000000000000000000000111100000000111111111111100000000000000000000000000
000000000000000000000000001111000000111111111110000000000000000000000000000
000000000000000000000000000011111111111111111000000000000000000000000000000
000000000000000000000000000000111111111111100000000000000000000000000000000
000000000000000000000000000000000000100000000000000000000000000000000000000
000000000000000000000000000000000000000000000000000000000000000000000000000
000000000000000000000000000000000000000000000000000000000000000000000000000
000000000000000000000000000000000000000000000000000000000000000000000000000
000000000000000000000000000000000000000000000000000000000000000000000000000
000000000000000000000000000000000000000000000000000000000000000000000000000
000000000000000000000000000000000000000000000000000000000000000000000000000
000000000000000000000000000000000000000000000000000000000000000000000000000
000000000000000000000000000000000000000000000000000000000000000000000000000
000000000000000000000000000000000000000000000000000000000000000000000000000
000000000000000000000000000000000000000000000000000000000000000000000000000
000000000000000000000000000000000000000000000000000000000000000000000000000
000000000000000000000000000000000000000000000000000000000000000000000000000
000000000000000000000000000000000000000000000000000000000000000000000000000
000000000000000000000000000000000000000000000000000000000000000000000000000
000000000000000000000000000000000000000000000000000000000000000000000000000
000000000000000000000000000000000000000000000000000000000000000000000000000
000000000000000000000000000000000000000000000000000000000000000000000000000

000000000000000000000000000000000000000000000000000000000000000000000000000
000000000000000000000000000000000000000000000000000000000000000000000000000
000000000000000000000000000000000000000000000000000000000000000000000000000
000000000000000000000000000000000000000000000000000000000000000000000000000
000000000000000000000000000000000000000000000000000000000000000000000000000
000000000000000000000000000000000000000000000000000000000000000000000000000
000000000000000000000000000000000000000000000000000000000000000000000000000
000000000000000000000000000000000000000000000000000000000000000000000000000
000000000000000000000000000000000000000000000000000000000000000000000000000
000000000000000000000000000000000000000000000000000000000000000000000000000
000000000000000000000000000000000000000000000000000000000000000000000000000
000000000000000000000000000000000000000000000000000000000000000000000000000
000000000000000000000000000000000000000000000000000000000000000000000000000
000000000000000000000000000000000000000000000000000000000000000000000000000
000000000000000000000000000000000000000000000000000000000000000000000000000
000000000000000000000000000000000000000000000000000000000000000000000000000
000000000000000000000000000000000000000000000000000000000000000000000000000
000000000000000000000000000000000000000000000000000000000000000000000000000
000000000000000000000000000000000000000000000000000000000000000000000000000
000000000000000000000000000000000000000000000000000000000000000000000000000
000000000000000000000000000000000000000000000000000000000000000000000000000
000000000000000000000000000000000000000000000000000000000000000000000000000
000000000000000000000000000000000000000000000000000000000000000000000000000
000000000000000000000000000000000000000000000000000000000000000000000000000
000000000000000011111111111111111111111111111111111111111100000000000000000
000000000000000011111111111111111111111111111111111111111100000000000000000
000000000000000011000000000000000000111111111111111111111100000000000000000
000000000000000011000000000000000000111111111111111111111100000000000000000
000000000000000011000000000000000000111111111111111111111100000000000000000
000000000000000011000000000000000000111111111111111111111100000000000000000
000000000000000011000000000000000000111111111111111111111100000000000000000
000000000000000011000000000000000000111111111111111111111100000000000000000
000000000000000011000000000000000000111111111111111111111100000000000000000
000000000000000011000000000000000000111111111111111111111100000000000000000
000000000000000011000000000000000000111111111111111111111100000000000000000
000000000000000011000000000000000000111111111111111111111100000000000000000
000000000000000011000000000000000000111111111111111111111100000000000000000
000000000000000011000000000000000000111111111111111111111100000000000000000
000000000000000011000000000000000000111111111111111111111100000000000000000
000000000000000011000000000000000000111111111111111111111100000000000000000
000000000000000011000000000000000000111111111111111111111100000000000000000
000000000000000011000000000000000000111111111111111111111100000000000000000
000000000000000011000000000000000000111111111111111111111100000000000000000
000000000000000011000000000000000000111111111111111111111100000000000000000
000000000000000011000000000000000000111111111111111111111100000000000000000
000000000000000011000000000000000000111111111111111111111100000000000000000
000000000000000011000000000000000000111111111111111111111100000000000000000
000000000000000011000000000000000000111111111111111111111100000000000000000
000000000000000011111111111111111111111111111111111111111100000000000000000
000000000000000011111111111111111111111111111111111111111100000000000000000
000000000000000000000000000000000000000000000000000000000000000000000000000
000000000000000000000000000000000000000000000000000000000000000000000000000
000000000000000000000000000000000000000000000000000000000000000000000000000
000000000000000000000000000000000000000000000000000000000000000000000000000
000000000000000000000000000000000000000000000000000000000000000000000000000
000000000000000000000000000000000000000000000000000000000000000000000000000
000000000000000000000000000000000000000000000000000000000000000000000000000
000000000000000000000000000000000000000000000000000000000000000000000000000
000000000000000000000000000000000000000000000000000000000000000000000000000
000000000000000000000000000000000000000000000000000000000000000000000000000
000000000000000000000000000000000000000000000000000000000000000000000000000
000000000000000000000000000000000000000000000000000000000000000000000000000
000000000000000000000000000000000000000000000000000000000000000000000000000
000000000000000000000000000000000000000000000000000000000000000000000000000
000000000000000000000000000000000000000000000000000000000000000000000000000
000000000000000000000000000000000000000000000000000000000000000000000000000
000000000000000000000000000000000000000000000000000000000000000000000000000
000000000000000000000000000000000000000000000000000000000000000000000000000
000000000000000000000000000000000000000000000000000000000000000000000000000
000000000000000000000000000000000000000000000000000000000000000000000000000
000000000000000000000000000000000000000000000000000000000000000000000000000
000000000000000000000000000000000000000000000000000000000000000000000000000
000000000000000000000000000000000000000000000000000000000000000000000000000
000000000000000000000000000000000000000000000000000000000000000000000000000
000000000000000000000000000000000000000000000000000000000000000000000000000

== SDRs ==
01000110000000010010001110000110
01000000000010010010101000000010
00000100010100000000000100010110
01000000010001000010001110001100
00000001000000001001100000000001
00101000100000001000000010000100
11000010100000000000011100100100
10000000110000010010001001000100
00100100000000010010000010000100
01000000001000001100100000100000
00011000001000001000000000100000
00000000000000110010010000010001
01000000000000110100101110000110
01010100000011000000000011100000
00100110100000100001000000000100
01100100000000111000000010000000
00010000000000000000010001000100
00011000000000100000001000000001
10000000000000010100000001100000
00100010011000000001011000001111
00000000100000000000011001100001
00000000000000000001000000000001
00000110000111010000000000001001
00000000001000101000011000001000
00010000000000000000000000000000
00000000101000000010000000110010
01000010001001000001100001000000
00000100001000000110000011000010
00000000100000010000010100010100
01000010010100000100100010000011
00001000001000000110100000100000
01001010001111010100010001000000

00000001000000001000010100010010
00100010010000011001001100000100
00000000001000000000011000000000
11110000010000100001000010000000
10000000000000001000000100000000
10110000100000000000010000000001
00000101000000000100000000001000
00100001000100010101000100000101
00000000000000100010001001101000
00110000110010000000010101000000
10000000111010101100000010000000
01100000001000000010100010000100
01000000010001000000010001010100
01001001010000010001000000111100
00000001001000010000000100010000
00000000010000000000000000001000
00001100010000100000000010000000
00100001100101100010000010001001
10101100010100001000000000111000
00110000000100100000010010000100
01100110100001100000000001011000
01011001001100101010000100000101
10000010001001000100000000000100
01001001000000000100000000000000
10000001000000000000000000000001
01100000010010000100100010011101
00000010001000000100010000011010
00010100100000000001000100000100
10100000110101100000000000001010
00000100000000011100010000000000
00101010000100110011000001000001
01101100010000000110100000001000

01000110000000010010001110000110
01000000000010010010101000000010
00000100010100000000000100010110
01000000010001000010001110001100
00000001000000001001100000000001
00101000100000001000000010000100
11000010100000000000011100100100
10000000110000010010001001000100
00100100000000010010000010000100
01000000001000001100100000100000
00011000001000001000000000100000
00000000000000110010010000010001
01000000000000110100101110000110
01010100000011000000000011100000
00100110100000100001000000000100
01100100000000111000000010000000
00010000000000000000010001000100
00011000000000100000001000000001
10000000000000010100000001100000
00100010011000000001011000001111
00000000100000000000011001100001
00000000000000000001000000000001
00000110000111010000000000001001
00000000001000101000011000001000
00010000000000000000000000000000
00000000101000000010000000110010
01000010001001000001100001000000
00000100001000000110000011000010
00000000100000010000010100010100
01000010010100000100100010000011
00001000001000000110100000100000
01001010001111010100010001000000

00000000000000001000010000000010
00000000010000010000000100100001
10000001000000000000000010000000
10000001000000100001100000000010
10000000001000000000000000000000
10010011100010000001010000000001
00000100000000100000000000011000
00111001000010000001000100011001
00001000000000100000101001010010
00000000100000000000010011010000
00001110000000100000000000001010
01100010001001000000000000000100
01010000100000000000001001010100
00100001010000011000100100001100
00000001011001001000000110011001
00010010000000000000010100011000
00101100010000100000001010000000
10000000100101100010000000000001
00001000010000010000000000110000
00101001000000100000000111000100
10000110100001000000000001011000
01101001000000001010000001110100
10000000000001000100001010000100
00000001000110000001000001000010
00000001000000000000000000100001
01000000000010000001000000011101
00000010000000100100010000001010
01001100100000000001000000000110
10100010110110000000001100101000
00000100000000010100100001000000
10101100100100000000100010010101
00101100010000000110100000011000

01000110000000010010001110000110
01000000000010010010101000000010
00000100010100000000000100010110
01000000010001000010001110001100
00000001000000001001100000000001
00101000100000001000000010000100
11000010100000000000011100100100
10000000110000010010001001000100
00100100000000010010000010000100
01000000001000001100100000100000
00011000001000001000000000100000
00000000000000110010010000010001
01000000000000110100101110000110
01010100000011000000000011100000
00100110100000100001000000000100
01100100000000111000000010000000
00010000000000000000010001000100
00011000000000100000001000000001
10000000000000010100000001100000
00100010011000000001011000001111
00000000100000000000011001100001
00000000000000000001000000000001
00000110000111010000000000001001
00000000001000101000011000001000
00010000000000000000000000000000
00000000101000000010000000110010
01000010001001000001100001000000
00000100001000000110000011000010
00000000100000010000010100010100
01000010010100000100100010000011
00001000001000000110100000100000
01001010001111010100010001000000

01001000100110001010010100000010
00111000000100010010100100100000
10000010010001000000000100000000
01000100000101110101100010001011
10010100000000001000001110101001
10000111010111100000101101111000
10010000000001100100000000001000
00101001000001011000100000010001
00000010000000000011001000011011
00101000011010000000011001101100
00001011001001010000000110000111
01100011010010000010000000010100
01010110111101000001010000010000
00110001010000011100011000101000
00010000110100000100101110011001
01000000010000000000010000001000
01001100010100100000100000100000
11000000001001010010010000000000
10101000000000000001001000011000
01110101001000100100100101000100
00000000100000000000000100001010
01101011010000100000100100001111
11010001010000100100001000000000
00110010010011010100000001000010
01000000000000101000101000001001
00001000011010000000000100000101
00010110100000001000110000100010
00001001101001010001010001010000
10100011010010100001001000001010
10000000101000011100101101000001
01000100100110000000010110010101
00000100000000000000100100111010

01001000110000000000000000010010
00001000110100001110000101000010
00000000000000000000000100011000
00010010100000100001000010000000
00000000000000000000100000001000
10000011100000000001110001000001
10000010000001100000000000001000
00111011000011010001010101000101
00000000001000100001001001011010
00000000110010000010010001000000
00000110100001101100000000000110
00100010101000000000000000010010
00000000010000001001010000000100
00100010000000011100000000101001
10010011011001000100001110011000
00000000000000010000000101000000
01101100010011000000000010100000
00010001100101100010010010000001
00101101010000010001010100011010
01100001000000101000000010001100
00000110100001001000010001001000
01011010001000101011001100001000
10000000001001100100000010010010
00000101000000000000000000000001
10000001000001000100000000110110
01000000010010000000100000010100
00000000001000111100010000001010
00110000000000000101000110000110
10100010001110000001000100000000
00000000000001010000000000000000
00100110100110000011000001001101
01101100000000000110010000001001

00000001000000001000010100010010
00100010010000011001001100000100
00000000001000000000011000000000
11110000010000100001000010000000
10000000000000001000000100000000
10110000100000000000010000000001
00000101000000000100000000001000
00100001000100010101000100000101
00000000000000100010001001101000
00110000110010000000010101000000
10000000111010101100000010000000
01100000001000000010100010000100
01000000010001000000010001010100
01001001010000010001000000111100
00000001001000010000000100010000
00000000010000000000000000001000
00001100010000100000000010000000
00100001100101100010000010001001
10101100010100001000000000111000
00110000000100100000010010000100
01100110100001100000000001011000
01011001001100101010000100000101
10000010001001000100000000000100
01001001000000000100000000000000
10000001000000000000000000000001
01100000010010000100100010011101
00000010001000000100010000011010
00010100100000000001000100000100
10100000110101100000000000001010
00000100000000011100010000000000
00101010000100110011000001000001
01101100010000000110100000001000

01000000000000101001000100000010
00000000000000011001000001000001
00000000001000000000000001000000
01100000110000100011100010000000
10100000000010000001101100100000
10010100101100000000110100011001
10001001000000100000000000000000
10100001000001000101000010000101
10000000100000100000001000101000
00010000010010001010010011010100
00000100001000100100000010000000
01100001011110000010100010100000
01010000000000001000011010010100
00100001010000010001000000101000
00000001001001000000000110110101
00000100000010110000001000011001
00001000000000100000000001001000
11100001110100000001000010000000
00101000000000000000000000010000
00100000100100100000000100000100
00100110100001100001001000011000
01000001000000010010100111000001
01000000011001100100001000000000
00001011001010100000000011010000
00000001000010001000001000000111
01100000010010000100000000011100
00000100100000000001010000110010
11000000001000000001001000000100
10100000110011001000000001000010
00000000101000001100000000000000
00101000000111010000000110110001
00001100010000000000100000010000

