== Attributes ==
title=26_square_v1_v2
type= 2x2
result=6
window_size=(75, 75)

== Input ==
000000000000000000000000000000000000000000000000000000000000000000000000000
000000000000000000000000000000000000000000000000000000000000000000000000000
000000000000000000000000000000000000000000000000000000000000000000000000000
000000000000000000000000000000000000000000000000000000000000000000000000000
000000000000000000000000000000000000000000000000000000000000000000000000000
000000000000000000000000000000000000000000000000000000000000000000000000000
000000000000000000000000000000000000000000000000000000000000000000000000000
000000000000000000000000000000000000000000000000000000000000000000000000000
000000000000000000000000000000000000000000000000000000000000000000000000000
000000000000000000000000000000000000000000000000000000000000000000000000000
000000000000000000000000000000000000000000000000000000000000000000000000000
000000000000000000000000000000000000000000000000000000000000000000000000000
000000000000000000000000000000000000000000000000000000000000000000000000000
000000000000000000000000000000000000000000000000000000000000000000000000000
000000000000000000000000000000000000000000000000000000000000000000000000000
000000000000000000000000000000000000000000000000000000000000000000000000000
000000000000000000000000000000000000000000000000000000000000000000000000000
000000000000000000000000000000000000000000000000000000000000000000000000000
000000000000000000000000000000000000000000000000000000000000000000000000000
000000000000000000000000000000000000000000000000000000000000000000000000000
000000000000000000001111111111111111111111111111111111000000000000000000000
000000000000000000001111111111111111111111111111111111000000000000000000000
000000000000000000001111111111111111000000000000000011000000000000000000000
000000000000000000001111111111111111000000000000000011000000000000000000000
000000000000000000001111111111111111000000000000000011000000000000000000000
000000000000000000001111111111111111000000000000000011000000000000000000000
000000000000000000001111111111111111000000000000000011000000000000000000000
000000000000000000001111111111111111000000000000000011000000000000000000000
000000000000000000001111111111111111000000000000000011000000000000000000000
000000000000000000001111111111111111000000000000000011000000000000000000000
000000000000000000001111111111111111000000000000000011000000000000000000000
000000000000000000001111111111111111000000000000000011000000000000000000000
000000000000000000001111111111111111000000000000000011000000000000000000000
000000000000000000001111111111111111000000000000000011000000000000000000000
000000000000000000001111111111111111000000000000000011000000000000000000000
000000000000000000001111111111111111000000000000000011000000000000000000000
000000000000000000001111111111111111000000000000000011000000000000000000000
000000000000000000001111111111111111000000000000000011000000000000000000000
000000000000000000001111111111111111000000000000000011000000000000000000000
000000000000000000001111111111111111000000000000000011000000000000000000000
000000000000000000001111111111111111000000000000000011000000000000000000000
000000000000000000001111111111111111000000000000000011000000000000000000000
000000000000000000001111111111111111000000000000000011000000000000000000000
000000000000000000001111111111111111000000000000000011000000000000000000000
000000000000000000001111111111111111000000000000000011000000000000000000000
000000000000000000001111111111111111000000000000000011000000000000000000000
000000000000000000001111111111111111000000000000000011000000000000000000000
000000000000000000001111111111111111000000000000000011000000000000000000000
000000000000000000001111111111111111000000000000000011000000000000000000000
000000000000000000001111111111111111000000000000000011000000000000000000000
000000000000000000001111111111111111000000000000000011000000000000000000000
000000000000000000001111111111111111000000000000000011000000000000000000000
000000000000000000001111111111111111111111111111111111000000000000000000000
000000000000000000001111111111111111111111111111111111000000000000000000000
000000000000000000000000000000000000000000000000000000000000000000000000000
000000000000000000000000000000000000000000000000000000000000000000000000000
000000000000000000000000000000000000000000000000000000000000000000000000000
000000000000000000000000000000000000000000000000000000000000000000000000000
000000000000000000000000000000000000000000000000000000000000000000000000000
000000000000000000000000000000000000000000000000000000000000000000000000000
000000000000000000000000000000000000000000000000000000000000000000000000000
000000000000000000000000000000000000000000000000000000000000000000000000000
000000000000000000000000000000000000000000000000000000000000000000000000000
000000000000000000000000000000000000000000000000000000000000000000000000000
000000000000000000000000000000000000000000000000000000000000000000000000000
000000000000000000000000000000000000000000000000000000000000000000000000000
000000000000000000000000000000000000000000000000000000000000000000000000000
000000000000000000000000000000000000000000000000000000000000000000000000000
000000000000000000000000000000000000000000000000000000000000000000000000000
000000000000000000000000000000000000000000000000000000000000000000000000000
000000000000000000000000000000000000000000000000000000000000000000000000000
000000000000000000000000000000000000000000000000000000000000000000000000000
000000000000000000000000000000000000000000000000000000000000000000000000000
000000000000000000000000000000000000000000000000000000000000000000000000000
000000000000000000000000000000000000000000000000000000000000000000000000000

000000000000000000000000000000000000000000000000000000000000000000000000000
000000000000000000000000000000000000000000000000000000000000000000000000000
000000000000000000000000000000000000000000000000000000000000000000000000000
000000000000000000000000000000000000000000000000000000000000000000000000000
000000000000000000000000000000000000000000000000000000000000000000000000000
000000000000000000000000000000000000000000000000000000000000000000000000000
000000000000000000000000000000000000000000000000000000000000000000000000000
000000000000000000000000000000000000000000000000000000000000000000000000000
000000000000000000000000000000000000000000000000000000000000000000000000000
000000000000000000000000000000000000000000000000000000000000000000000000000
000000000000000000000000000000000000000000000000000000000000000000000000000
000000000000000000000000000000000000000000000000000000000000000000000000000
000000000000000000000000000000000000000000000000000000000000000000000000000
000000000000000000000000000000000000000000000000000000000000000000000000000
000000000000000000000000000000000000000000000000000000000000000000000000000
000000000000000000000000000000000000000000000000000000000000000000000000000
000000000000000000000000000000000000000000000000000000000000000000000000000
000000000000000000000000000000000000000000000000000000000000000000000000000
000000000000000000000000000000000000000000000000000000000000000000000000000
000000000000000000000000000000000000000000000000000000000000000000000000000
000000000000000000001111111111111111111111111111111111000000000000000000000
000000000000000000001111111111111111111111111111111111000000000000000000000
000000000000000000001100000000000000111111111111111111000000000000000000000
000000000000000000001100000000000000111111111111111111000000000000000000000
000000000000000000001100000000000000111111111111111111000000000000000000000
000000000000000000001100000000000000111111111111111111000000000000000000000
000000000000000000001100000000000000111111111111111111000000000000000000000
000000000000000000001100000000000000111111111111111111000000000000000000000
000000000000000000001100000000000000111111111111111111000000000000000000000
000000000000000000001100000000000000111111111111111111000000000000000000000
000000000000000000001100000000000000111111111111111111000000000000000000000
000000000000000000001100000000000000111111111111111111000000000000000000000
000000000000000000001100000000000000111111111111111111000000000000000000000
000000000000000000001100000000000000111111111111111111000000000000000000000
000000000000000000001100000000000000111111111111111111000000000000000000000
000000000000000000001100000000000000111111111111111111000000000000000000000
000000000000000000001100000000000000111111111111111111000000000000000000000
000000000000000000001100000000000000111111111111111111000000000000000000000
000000000000000000001100000000000000111111111111111111000000000000000000000
000000000000000000001100000000000000111111111111111111000000000000000000000
000000000000000000001100000000000000111111111111111111000000000000000000000
000000000000000000001100000000000000111111111111111111000000000000000000000
000000000000000000001100000000000000111111111111111111000000000000000000000
000000000000000000001100000000000000111111111111111111000000000000000000000
000000000000000000001100000000000000111111111111111111000000000000000000000
000000000000000000001100000000000000111111111111111111000000000000000000000
000000000000000000001100000000000000111111111111111111000000000000000000000
000000000000000000001100000000000000111111111111111111000000000000000000000
000000000000000000001100000000000000111111111111111111000000000000000000000
000000000000000000001100000000000000111111111111111111000000000000000000000
000000000000000000001100000000000000111111111111111111000000000000000000000
000000000000000000001100000000000000111111111111111111000000000000000000000
000000000000000000001111111111111111111111111111111111000000000000000000000
000000000000000000001111111111111111111111111111111111000000000000000000000
000000000000000000000000000000000000000000000000000000000000000000000000000
000000000000000000000000000000000000000000000000000000000000000000000000000
000000000000000000000000000000000000000000000000000000000000000000000000000
000000000000000000000000000000000000000000000000000000000000000000000000000
000000000000000000000000000000000000000000000000000000000000000000000000000
000000000000000000000000000000000000000000000000000000000000000000000000000
000000000000000000000000000000000000000000000000000000000000000000000000000
000000000000000000000000000000000000000000000000000000000000000000000000000
000000000000000000000000000000000000000000000000000000000000000000000000000
000000000000000000000000000000000000000000000000000000000000000000000000000
000000000000000000000000000000000000000000000000000000000000000000000000000
000000000000000000000000000000000000000000000000000000000000000000000000000
000000000000000000000000000000000000000000000000000000000000000000000000000
000000000000000000000000000000000000000000000000000000000000000000000000000
000000000000000000000000000000000000000000000000000000000000000000000000000
000000000000000000000000000000000000000000000000000000000000000000000000000
000000000000000000000000000000000000000000000000000000000000000000000000000
000000000000000000000000000000000000000000000000000000000000000000000000000
000000000000000000000000000000000000000000000000000000000000000000000000000
000000000000000000000000000000000000000000000000000000000000000000000000000
000000000000000000000000000000000000000000000000000000000000000000000000000

000000000000000000000000000000000000000000000000000000000000000000000000000
000000000000000000000000000000000000000000000000000000000000000000000000000
000000000000000000000000000000000000000000000000000000000000000000000000000
000000000000000000000000000000000000000000000000000000000000000000000000000
000000000000000000000000000000000000000000000000000000000000000000000000000
000000000000000000000000000000000000000000000000000000000000000000000000000
000000000000000000000000000000000000000000000000000000000000000000000000000
000000000000000000000000000000000000000000000000000000000000000000000000000
000000000000000000000000000000000000000000000000000000000000000000000000000
000000000000000000000000000000000000000000000000000000000000000000000000000
000000000000000000000000000000000000000000000000000000000000000000000000000
000000000000000000000000000000000000000000000000000000000000000000000000000
000000000000000000000000000000000000000000000000000000000000000000000000000
000000000000000000000000000000000000000000000000000000000000000000000000000
000000000000000000000000000000000000000000000000000000000000000000000000000
000000000000000000000000000000000000000000000000000000000000000000000000000
000000000000000000000000000000000000000000000000000000000000000000000000000
000000000000000000000000000000000000000000000000000000000000000000000000000
000000000000000000000000000000000000000000000000000000000000000000000000000
000000000000000000000000000000000000000000000000000000000000000000000000000
000000000000000000001111111111111111111111111111111111000000000000000000000
000000000000000000001111111111111111111111111111111111000000000000000000000
000000000000000000001111111111111111000000000000000011000000000000000000000
000000000000000000001111111111111111000000000000000011000000000000000000000
000000000000000000001111111111111111000000000000000011000000000000000000000
000000000000000000001111111111111111000000000000000011000000000000000000000
000000000000000000001111111111111111000000000000000011000000000000000000000
000000000000000000001111111111111111000000000000000011000000000000000000000
000000000000000000001111111111111111000000000000000011000000000000000000000
000000000000000000001111111111111111000000000000000011000000000000000000000
000000000000000000001111111111111111000000000000000011000000000000000000000
000000000000000000001111111111111111000000000000000011000000000000000000000
000000000000000000001111111111111111000000000000000011000000000000000000000
000000000000000000001111111111111111000000000000000011000000000000000000000
000000000000000000001111111111111111000000000000000011000000000000000000000
000000000000000000001111111111111111000000000000000011000000000000000000000
000000000000000000001111111111111111000000000000000011000000000000000000000
000000000000000000001111111111111111000000000000000011000000000000000000000
000000000000000000001111111111111111000000000000000011000000000000000000000
000000000000000000001111111111111111000000000000000011000000000000000000000
000000000000000000001111111111111111000000000000000011000000000000000000000
000000000000000000001111111111111111000000000000000011000000000000000000000
000000000000000000001111111111111111000000000000000011000000000000000000000
000000000000000000001111111111111111000000000000000011000000000000000000000
000000000000000000001111111111111111000000000000000011000000000000000000000
000000000000000000001111111111111111000000000000000011000000000000000000000
000000000000000000001111111111111111000000000000000011000000000000000000000
000000000000000000001111111111111111000000000000000011000000000000000000000
000000000000000000001111111111111111000000000000000011000000000000000000000
000000000000000000001111111111111111000000000000000011000000000000000000000
000000000000000000001111111111111111000000000000000011000000000000000000000
000000000000000000001111111111111111000000000000000011000000000000000000000
000000000000000000001111111111111111111111111111111111000000000000000000000
000000000000000000001111111111111111111111111111111111000000000000000000000
000000000000000000000000000000000000000000000000000000000000000000000000000
000000000000000000000000000000000000000000000000000000000000000000000000000
000000000000000000000000000000000000000000000000000000000000000000000000000
000000000000000000000000000000000000000000000000000000000000000000000000000
000000000000000000000000000000000000000000000000000000000000000000000000000
000000000000000000000000000000000000000000000000000000000000000000000000000
000000000000000000000000000000000000000000000000000000000000000000000000000
000000000000000000000000000000000000000000000000000000000000000000000000000
000000000000000000000000000000000000000000000000000000000000000000000000000
000000000000000000000000000000000000000000000000000000000000000000000000000
000000000000000000000000000000000000000000000000000000000000000000000000000
000000000000000000000000000000000000000000000000000000000000000000000000000
000000000000000000000000000000000000000000000000000000000000000000000000000
000000000000000000000000000000000000000000000000000000000000000000000000000
000000000000000000000000000000000000000000000000000000000000000000000000000
000000000000000000000000000000000000000000000000000000000000000000000000000
000000000000000000000000000000000000000000000000000000000000000000000000000
000000000000000000000000000000000000000000000000000000000000000000000000000
000000000000000000000000000000000000000000000000000000000000000000000000000
000000000000000000000000000000000000000000000000000000000000000000000000000
000000000000000000000000000000000000000000000000000000000000000000000000000

== Output ==
000000000000000000000000000000000000000000000000000000000000000000000000000
000000000000000000000000000000000000000000000000000000000000000000000000000
000000000000000000000000000000000000000000000000000000000000000000000000000
000000000000000000000000000000000000000000000000000000000000000000000000000
000000000000000000000000000000000000000000000000000000000000000000000000000
000000000000000000000000000000000000000000000000000000000000000000000000000
000000000000000000000000000000000000000000000000000000000000000000000000000
000000000000000000000000000000000000000000000000000000000000000000000000000
000000000000000000000000000000000000000000000000000000000000000000000000000
000000000000000000000000000000000000000000000000000000000000000000000000000
000000000000000000000000000000000000000000000000000000000000000000000000000
000000000000000000000000000000000000000000000000000000000000000000000000000
000000000000000000000000000000000000000000000000000000000000000000000000000
000000000000000000000000000000000000000000000000000000000000000000000000000
000000000000000000000000000000000000000000000000000000000000000000000000000
000000000000000000000000000000000000000000000000000000000000000000000000000
000000000000000000000000000000000000000000000000000000000000000000000000000
000000000000000000000000000000000000000000000000000000000000000000000000000
000000000000000000000000000000000000000000000000000000000000000000000000000
000000000000000000000000000000000000000000000000000000000000000000000000000
000000000000000000001111111111111111111111111111111111000000000000000000000
000000000000000000001111111111111111111111111111111111000000000000000000000
000000000000000000001111111111111111000000000000000011000000000000000000000
000000000000000000001111111111111111000000000000000011000000000000000000000
000000000000000000001111111111111111000000000000000011000000000000000000000
000000000000000000001111111111111111000000000000000011000000000000000000000
000000000000000000001111111111111111000000000000000011000000000000000000000
000000000000000000001111111111111111000000000000000011000000000000000000000
000000000000000000001111111111111111000000000000000011000000000000000000000
000000000000000000001111111111111111000000000000000011000000000000000000000
000000000000000000001111111111111111000000000000000011000000000000000000000
000000000000000000001111111111111111000000000000000011000000000000000000000
000000000000000000001111111111111111000000000000000011000000000000000000000
000000000000000000001111111111111111000000000000000011000000000000000000000
000000000000000000001111111111111111000000000000000011000000000000000000000
000000000000000000001111111111111111000000000000000011000000000000000000000
000000000000000000001111111111111111000000000000000011000000000000000000000
000000000000000000001111111111111111000000000000000011000000000000000000000
000000000000000000001111111111111111000000000000000011000000000000000000000
000000000000000000001111111111111111000000000000000011000000000000000000000
000000000000000000001111111111111111000000000000000011000000000000000000000
000000000000000000001111111111111111000000000000000011000000000000000000000
000000000000000000001111111111111111000000000000000011000000000000000000000
000000000000000000001111111111111111000000000000000011000000000000000000000
000000000000000000001111111111111111000000000000000011000000000000000000000
000000000000000000001111111111111111000000000000000011000000000000000000000
000000000000000000001111111111111111000000000000000011000000000000000000000
000000000000000000001111111111111111000000000000000011000000000000000000000
000000000000000000001111111111111111000000000000000011000000000000000000000
000000000000000000001111111111111111000000000000000011000000000000000000000
000000000000000000001111111111111111000000000000000011000000000000000000000
000000000000000000001111111111111111000000000000000011000000000000000000000
000000000000000000001111111111111111111111111111111111000000000000000000000
000000000000000000001111111111111111111111111111111111000000000000000000000
000000000000000000000000000000000000000000000000000000000000000000000000000
000000000000000000000000000000000000000000000000000000000000000000000000000
000000000000000000000000000000000000000000000000000000000000000000000000000
000000000000000000000000000000000000000000000000000000000000000000000000000
000000000000000000000000000000000000000000000000000000000000000000000000000
000000000000000000000000000000000000000000000000000000000000000000000000000
000000000000000000000000000000000000000000000000000000000000000000000000000
000000000000000000000000000000000000000000000000000000000000000000000000000
000000000000000000000000000000000000000000000000000000000000000000000000000
000000000000000000000000000000000000000000000000000000000000000000000000000
000000000000000000000000000000000000000000000000000000000000000000000000000
000000000000000000000000000000000000000000000000000000000000000000000000000
000000000000000000000000000000000000000000000000000000000000000000000000000
000000000000000000000000000000000000000000000000000000000000000000000000000
000000000000000000000000000000000000000000000000000000000000000000000000000
000000000000000000000000000000000000000000000000000000000000000000000000000
000000000000000000000000000000000000000000000000000000000000000000000000000
000000000000000000000000000000000000000000000000000000000000000000000000000
000000000000000000000000000000000000000000000000000000000000000000000000000
000000000000000000000000000000000000000000000000000000000000000000000000000
000000000000000000000000000000000000000000000000000000000000000000000000000

000000000000000000000000000000000000000000000000000000000000000000000000000
000000000000000000000000000000000000000000000000000000000000000000000000000
000000000000000000000000000000000000000000000000000000000000000000000000000
000000000000000000000000000000000000000000000000000000000000000000000000000
000000000000000000000000000000000000000000000000000000000000000000000000000
000000000000000000000000000000000000000000000000000000000000000000000000000
000000000000000000000000000000000000000000000000000000000000000000000000000
000000000000000000000000000000000000000000000000000000000000000000000000000
000000000000000000000000000000000000000000000000000000000000000000000000000
000000000000000000000000000000000000000000000000000000000000000000000000000
000000000000000000000000000000000000000000000000000000000000000000000000000
000000000000000000000000000000000000000000000000000000000000000000000000000
000000000000000000000000000000000000000000000000000000000000000000000000000
000000000000000000000000000000000000000000000000000000000000000000000000000
000000000000000000000000000000000000000000000000000000000000000000000000000
000000000000000000000000000000000000100000000000000000000000000000000000000
000000000000000000000000000000111111111111100000000000000000000000000000000
000000000000000000000000000011111111111111111000000000000000000000000000000
000000000000000000000000001111000000111111111110000000000000000000000000000
000000000000000000000000111100000000111111111111100000000000000000000000000
000000000000000000000001110000000000111111111111110000000000000000000000000
000000000000000000000011100000000000111111111111111000000000000000000000000
000000000000000000000111000000000000111111111111111100000000000000000000000
000000000000000000001110000000000000111111111111111110000000000000000000000
000000000000000000011100000000000000111111111111111111000000000000000000000
000000000000000000011000000000000000111111111111111111000000000000000000000
000000000000000000110000000000000000111111111111111111100000000000000000000
000000000000000000110000000000000000111111111111111111100000000000000000000
000000000000000001100000000000000000111111111111111111110000000000000000000
000000000000000001100000000000000000111111111111111111110000000000000000000
000000000000000011000000000000000000111111111111111111111000000000000000000
000000000000000011000000000000000000111111111111111111111000000000000000000
000000000000000011000000000000000000111111111111111111111000000000000000000
000000000000000011000000000000000000111111111111111111111000000000000000000
000000000000000011000000000000000000111111111111111111111000000000000000000
000000000000000011000000000000000000111111111111111111111000000000000000000
000000000000000111000000000000000000111111111111111111111100000000000000000
000000000000000011000000000000000000111111111111111111111000000000000000000
000000000000000011000000000000000000111111111111111111111000000000000000000
000000000000000011000000000000000000111111111111111111111000000000000000000
000000000000000011000000000000000000111111111111111111111000000000000000000
000000000000000011000000000000000000111111111111111111111000000000000000000
000000000000000011000000000000000000111111111111111111111000000000000000000
000000000000000001100000000000000000111111111111111111110000000000000000000
000000000000000001100000000000000000111111111111111111110000000000000000000
000000000000000000110000000000000000111111111111111111100000000000000000000
000000000000000000110000000000000000111111111111111111100000000000000000000
000000000000000000011000000000000000111111111111111111000000000000000000000
000000000000000000011100000000000000111111111111111111000000000000000000000
000000000000000000001110000000000000111111111111111110000000000000000000000
000000000000000000000111000000000000111111111111111100000000000000000000000
000000000000000000000011100000000000111111111111111000000000000000000000000
000000000000000000000001110000000000111111111111110000000000000000000000000
000000000000000000000000111100000000111111111111100000000000000000000000000
000000000000000000000000001111000000111111111110000000000000000000000000000
000000000000000000000000000011111111111111111000000000000000000000000000000
000000000000000000000000000000111111111111100000000000000000000000000000000
000000000000000000000000000000000000100000000000000000000000000000000000000
000000000000000000000000000000000000000000000000000000000000000000000000000
000000000000000000000000000000000000000000000000000000000000000000000000000
000000000000000000000000000000000000000000000000000000000000000000000000000
000000000000000000000000000000000000000000000000000000000000000000000000000
000000000000000000000000000000000000000000000000000000000000000000000000000
000000000000000000000000000000000000000000000000000000000000000000000000000
000000000000000000000000000000000000000000000000000000000000000000000000000
000000000000000000000000000000000000000000000000000000000000000000000000000
000000000000000000000000000000000000000000000000000000000000000000000000000
000000000000000000000000000000000000000000000000000000000000000000000000000
000000000000000000000000000000000000000000000000000000000000000000000000000
000000000000000000000000000000000000000000000000000000000000000000000000000
000000000000000000000000000000000000000000000000000000000000000000000000000
000000000000000000000000000000000000000000000000000000000000000000000000000
000000000000000000000000000000000000000000000000000000000000000000000000000
000000000000000000000000000000000000000000000000000000000000000000000000000
000000000000000000000000000000000000000000000000000000000000000000000000000

000000000000000000000000000000000000000000000000000000000000000000000000000
000000000000000000000000000000000000000000000000000000000000000000000000000
000000000000000000000000000000000000000000000000000000000000000000000000000
000000000000000000000000000000000000000000000000000000000000000000000000000
000000000000000000000000000000000000000000000000000000000000000000000000000
000000000000000000000000000000000000000000000000000000000000000000000000000
000000000000000000000000000000000000000000000000000000000000000000000000000
000000000000000000000000000000000000000000000000000000000000000000000000000
000000000000000000000000000000000000000000000000000000000000000000000000000
000000000000000000000000000000000000000000000000000000000000000000000000000
000000000000000000000000000000000000000000000000000000000000000000000000000
000000000000000000000000000000000000000000000000000000000000000000000000000
000000000000000000000000000000000000000000000000000000000000000000000000000
000000000000000000000000000000000000000000000000000000000000000000000000000
000000000000000000000000000000000000000000000000000000000000000000000000000
000000000000000000000000000000000000000000000000000000000000000000000000000
000000000000000000000000000000000000000000000000000000000000000000000000000
000000000000000000000000000000000000000000000000000000000000000000000000000
000000000000000000000000000000000000000000000000000000000000000000000000000
000000000000000000000000000000000000000000000000000000000000000000000000000
000000000000000000000000000000000000000000000000000000000000000000000000000
000000000000000000000000000000000000000000000000000000000000000000000000000
000000000000000000000000000000000000000000000000000000000000000000000000000
000000000000000000000000000000000000000000000000000000000000000000000000000
000000000000000000000000000000000000000000000000000000000000000000000000000
000000000000000000000000000000000000000000000000000000000000000000000000000
000000000000000000000000000000000000110000000000000000000000000000000000000
000000000000000000000000000000000001111000000000000000000000000000000000000
000000000000000000000000000000000011111100000000000000000000000000000000000
000000000000000000000000000000000110111110000000000000000000000000000000000
000000000000000000000000000000001100111111000000000000000000000000000000000
000000000000000000000000000000011000111111100000000000000000000000000000000
000000000000000000000000000000110000111111110000000000000000000000000000000
000000000000000000000000000001100000111111111000000000000000000000000000000
000000000000000000000000000011000000111111111100000000000000000000000000000
000000000000000000000000000110000000111111111110000000000000000000000000000
000000000000000000000000001100000000111111111111000000000000000000000000000
000000000000000000000000011000000000111111111111100000000000000000000000000
000000000000000000000000110000000000111111111111110000000000000000000000000
000000000000000000000001100000000000111111111111111000000000000000000000000
000000000000000000000011000000000000111111111111111100000000000000000000000
000000000000000000000110000000000000111111111111111110000000000000000000000
000000000000000000001100000000000000111111111111111111000000000000000000000
000000000000000000011000000000000000111111111111111111100000000000000000000
000000000000000000110000000000000000111111111111111111110000000000000000000
000000000000000001100000000000000000111111111111111111111000000000000000000
000000000000000011111111111111111111111111111111111111111100000000000000000
000000000000000111111111111111111111111111111111111111111110000000000000000
000000000000000000000000000000000000000000000000000000000000000000000000000
000000000000000000000000000000000000000000000000000000000000000000000000000
000000000000000000000000000000000000000000000000000000000000000000000000000
000000000000000000000000000000000000000000000000000000000000000000000000000
000000000000000000000000000000000000000000000000000000000000000000000000000
000000000000000000000000000000000000000000000000000000000000000000000000000
000000000000000000000000000000000000000000000000000000000000000000000000000
000000000000000000000000000000000000000000000000000000000000000000000000000
000000000000000000000000000000000000000000000000000000000000000000000000000
000000000000000000000000000000000000000000000000000000000000000000000000000
000000000000000000000000000000000000000000000000000000000000000000000000000
000000000000000000000000000000000000000000000000000000000000000000000000000
000000000000000000000000000000000000000000000000000000000000000000000000000
000000000000000000000000000000000000000000000000000000000000000000000000000
000000000000000000000000000000000000000000000000000000000000000000000000000
000000000000000000000000000000000000000000000000000000000000000000000000000
000000000000000000000000000000000000000000000000000000000000000000000000000
000000000000000000000000000000000000000000000000000000000000000000000000000
000000000000000000000000000000000000000000000000000000000000000000000000000
000000000000000000000000000000000000000000000000000000000000000000000000000
000000000000000000000000000000000000000000000000000000000000000000000000000
000000000000000000000000000000000000000000000000000000000000000000000000000
000000000000000000000000000000000000000000000000000000000000000000000000000
000000000000000000000000000000000000000000000000000000000000000000000000000
000000000000000000000000000000000000000000000000000000000000000000000000000
000000000000000000000000000000000000000000000000000000000000000000000000000
000000000000000000000000000000000000000000000000000000000000000000000000000

000000000000000000000000000000000000000000000000000000000000000000000000000
000000000000000000000000000000000000000000000000000000000000000000000000000
000000000000000000000000000000000000000000000000000000000000000000000000000
000000000000000000000000000000000000000000000000000000000000000000000000000
000000000000000000000000000000000000000000000000000000000000000000000000000
000000000000000000000000000000000000000000000000000000000000000000000000000
000000000000000000000000000000000000000000000000000000000000000000000000000
000000000000000000000000000000000000000000000000000000000000000000000000000
000000000000000000000000000000000000000000000000000000000000000000000000000
000000000000000000000000000000000000000000000000000000000000000000000000000
000000000000000000000000000000000000000000000000000000000000000000000000000
000000000000000000000000000000000000000000000000000000000000000000000000000
000000000000000000000000000000000000000000000000000000000000000000000000000
000000000000000000000000000000000000000000000000000000000000000000000000000
000000000000000000000000000000000000000000000000000000000000000000000000000
000000000000000000000000000000000000000000000000000000000000000000000000000
000000000000000000000000111111111111111111111111110000000000000000000000000
000000000000000000000000111111111111111111111111110000000000000000000000000
000000000000000000000000110000000000111111111111110000000000000000000000000
000000000000000000000000110000000000111111111111110000000000000000000000000
000000000000000000000000110000000000111111111111110000000000000000000000000
000000000000000000000000110000000000111111111111110000000000000000000000000
000000000000000000000000110000000000111111111111110000000000000000000000000
000000000000000000000000110000000000111111111111110000000000000000000000000
000000000000000000000000110000000000111111111111110000000000000000000000000
000000000000000000000000110000000000111111111111110000000000000000000000000
000000000000000000000000110000000000111111111111110000000000000000000000000
000000000000000000000000110000000000111111111111110000000000000000000000000
000000000000000000000000110000000000111111111111110000000000000000000000000
000000000000000000000000110000000000111111111111110000000000000000000000000
000000000000000000000000110000000000111111111111110000000000000000000000000
000000000000000000000000110000000000111111111111110000000000000000000000000
000000000000000000000000110000000000111111111111110000000000000000000000000
000000000000000000000000110000000000111111111111110000000000000000000000000
000000000000000000000000110000000000111111111111110000000000000000000000000
000000000000000000000000110000000000111111111111110000000000000000000000000
000000000000000000000000110000000000111111111111110000000000000000000000000
000000000000000000000000110000000000111111111111110000000000000000000000000
000000000000000000000000110000000000111111111111110000000000000000000000000
000000000000000000000000110000000000111111111111110000000000000000000000000
000000000000000000000000110000000000111111111111110000000000000000000000000
000000000000000000000000110000000000111111111111110000000000000000000000000
000000000000000000000000110000000000111111111111110000000000000000000000000
000000000000000000000000110000000000111111111111110000000000000000000000000
000000000000000000000000110000000000111111111111110000000000000000000000000
000000000000000000000000110000000000111111111111110000000000000000000000000
000000000000000000000000110000000000111111111111110000000000000000000000000
000000000000000000000000110000000000111111111111110000000000000000000000000
000000000000000000000000110000000000111111111111110000000000000000000000000
000000000000000000000000110000000000111111111111110000000000000000000000000
000000000000000000000000110000000000111111111111110000000000000000000000000
000000000000000000000000110000000000111111111111110000000000000000000000000
000000000000000000000000110000000000111111111111110000000000000000000000000
000000000000000000000000110000000000111111111111110000000000000000000000000
000000000000000000000000110000000000111111111111110000000000000000000000000
000000000000000000000000110000000000111111111111110000000000000000000000000
000000000000000000000000111111111111111111111111110000000000000000000000000
000000000000000000000000111111111111111111111111110000000000000000000000000
000000000000000000000000000000000000000000000000000000000000000000000000000
000000000000000000000000000000000000000000000000000000000000000000000000000
000000000000000000000000000000000000000000000000000000000000000000000000000
000000000000000000000000000000000000000000000000000000000000000000000000000
000000000000000000000000000000000000000000000000000000000000000000000000000
000000000000000000000000000000000000000000000000000000000000000000000000000
000000000000000000000000000000000000000000000000000000000000000000000000000
000000000000000000000000000000000000000000000000000000000000000000000000000
000000000000000000000000000000000000000000000000000000000000000000000000000
000000000000000000000000000000000000000000000000000000000000000000000000000
000000000000000000000000000000000000000000000000000000000000000000000000000
000000000000000000000000000000000000000000000000000000000000000000000000000
000000000000000000000000000000000000000000000000000000000000000000000000000
000000000000000000000000000000000000000000000000000000000000000000000000000
000000000000000000000000000000000000000000000000000000000000000000000000000
000000000000000000000000000000000000000000000000000000000000000000000000000
000000000000000000000000000000000000000000000000000000000000000000000000000

000000000000000000000000000000000000000000000000000000000000000000000000000
000000000000000000000000000000000000000000000000000000000000000000000000000
000000000000000000000000000000000000000000000000000000000000000000000000000
000000000000000000000000000000000000000000000000000000000000000000000000000
000000000000000000000000000000000000000000000000000000000000000000000000000
000000000000000000000000000000000000000000000000000000000000000000000000000
000000000000000000000000000000000000000000000000000000000000000000000000000
000000000000000000000000000000000000000000000000000000000000000000000000000
000000000000000000000000000000000000000000000000000000000000000000000000000
000000000000000000000000000000000000000000000000000000000000000000000000000
000000000000000000000000000000000000000000000000000000000000000000000000000
000000000000000000000000000000000000000000000000000000000000000000000000000
000000000000000000000000000000000000000000000000000000000000000000000000000
000000000000000000000000000000000000000000000000000000000000000000000000000
000000000000000000000000000000000000000000000000000000000000000000000000000
000000000000000000000000000000000000000000000000000000000000000000000000000
000000000000000000000000000000000000000000000000000000000000000000000000000
000000000000000000000000000000000000000000000000000000000000000000000000000
000000000000000000000000000000000000000000000000000000000000000000000000000
000000000000000000000000000000000000000000000000000000000000000000000000000
000000000000000000000000000000000000000000000000000000000000000000000000000
000000000000000000000000000000000000000000000000000000000000000000000000000
000000000000000000000000000000000000000000000000000000000000000000000000000
000000000000000000000000000000000000000000000000000000000000000000000000000
000000000000000000000000000000000000000000000000000000000000000000000000000
000000000000000000000000000000000000000000000000000000000000000000000000000
000000000000000111111111111111111111111111111111111111111110000000000000000
000000000000000011111111111111111111111111111111111111111100000000000000000
000000000000000001100000000000000000111111111111111111111000000000000000000
000000000000000000110000000000000000111111111111111111110000000000000000000
000000000000000000011000000000000000111111111111111111100000000000000000000
000000000000000000001100000000000000111111111111111111000000000000000000000
000000000000000000000110000000000000111111111111111110000000000000000000000
000000000000000000000011000000000000111111111111111100000000000000000000000
000000000000000000000001100000000000111111111111111000000000000000000000000
000000000000000000000000110000000000111111111111110000000000000000000000000
000000000000000000000000011000000000111111111111100000000000000000000000000
000000000000000000000000001100000000111111111111000000000000000000000000000
000000000000000000000000000110000000111111111110000000000000000000000000000
000000000000000000000000000011000000111111111100000000000000000000000000000
000000000000000000000000000001100000111111111000000000000000000000000000000
000000000000000000000000000000110000111111110000000000000000000000000000000
000000000000000000000000000000011000111111100000000000000000000000000000000
000000000000000000000000000000001100111111000000000000000000000000000000000
000000000000000000000000000000000110111110000000000000000000000000000000000
000000000000000000000000000000000011111100000000000000000000000000000000000
000000000000000000000000000000000001111000000000000000000000000000000000000
000000000000000000000000000000000000110000000000000000000000000000000000000
000000000000000000000000000000000000000000000000000000000000000000000000000
000000000000000000000000000000000000000000000000000000000000000000000000000
000000000000000000000000000000000000000000000000000000000000000000000000000
000000000000000000000000000000000000000000000000000000000000000000000000000
000000000000000000000000000000000000000000000000000000000000000000000000000
000000000000000000000000000000000000000000000000000000000000000000000000000
000000000000000000000000000000000000000000000000000000000000000000000000000
000000000000000000000000000000000000000000000000000000000000000000000000000
000000000000000000000000000000000000000000000000000000000000000000000000000
000000000000000000000000000000000000000000000000000000000000000000000000000
000000000000000000000000000000000000000000000000000000000000000000000000000
000000000000000000000000000000000000000000000000000000000000000000000000000
000000000000000000000000000000000000000000000000000000000000000000000000000
000000000000000000000000000000000000000000000000000000000000000000000000000
000000000000000000000000000000000000000000000000000000000000000000000000000
000000000000000000000000000000000000000000000000000000000000000000000000000
000000000000000000000000000000000000000000000000000000000000000000000000000
000000000000000000000000000000000000000000000000000000000000000000000000000
000000000000000000000000000000000000000000000000000000000000000000000000000
000000000000000000000000000000000000000000000000000000000000000000000000000
000000000000000000000000000000000000000000000000000000000000000000000000000
000000000000000000000000000000000000000000000000000000000000000000000000000
000000000000000000000000000000000000000000000000000000000000000000000000000
000000000000000000000000000000000000000000000000000000000000000000000000000
000000000000000000000000000000000000000000000000000000000000000000000000000
000000000000000000000000000000000000000000000000000000000000000000000000000
000000000000000000000000000000000000000000000000000000000000000000000000000

000000000000000000000000000000000000000000000000000000000000000000000000000
000000000000000000000000000000000000000000000000000000000000000000000000000
000000000000000000000000000000000000000000000000000000000000000000000000000
000000000000000000000000000000000000000000000000000000000000000000000000000
000000000000000000000000000000000000000000000000000000000000000000000000000
000000000000000000000000000000000000000000000000000000000000000000000000000
000000000000000000000000000000000000000000000000000000000000000000000000000
000000000000000000000000000000000000000000000000000000000000000000000000000
000000000000000000000000000000000000000000000000000000000000000000000000000
000000000000000000000000000000000000000000000000000000000000000000000000000
000000000000000000000000000000000000000000000000000000000000000000000000000
000000000000000000000000000000000000000000000000000000000000000000000000000
000000000000000000000000000000000000000000000000000000000000000000000000000
000000000000000000000000000000000000000000000000000000000000000000000000000
000000000000000000000000000000000000000000000000000000000000000000000000000
000000000000000000000000000000000000000000000000000000000000000000000000000
000000000000000000000000000000000000000000000000000000000000000000000000000
000000000000000000000000000000000000000000000000000000000000000000000000000
000000000000000000000000000000000000000000000000000000000000000000000000000
000000000000000000000000000000000000000000000000000000000000000000000000000
000000000000000000001111111111111111111111111111111111000000000000000000000
000000000000000000001111111111111111111111111111111111000000000000000000000
000000000000000000001100000000000000111111111111111111000000000000000000000
000000000000000000001100000000000000111111111111111111000000000000000000000
000000000000000000001100000000000000111111111111111111000000000000000000000
000000000000000000001100000000000000111111111111111111000000000000000000000
000000000000000000001100000000000000111111111111111111000000000000000000000
000000000000000000001100000000000000111111111111111111000000000000000000000
000000000000000000001100000000000000111111111111111111000000000000000000000
000000000000000000001100000000000000111111111111111111000000000000000000000
000000000000000000001100000000000000111111111111111111000000000000000000000
000000000000000000001100000000000000111111111111111111000000000000000000000
000000000000000000001100000000000000111111111111111111000000000000000000000
000000000000000000001100000000000000111111111111111111000000000000000000000
000000000000000000001100000000000000111111111111111111000000000000000000000
000000000000000000001100000000000000111111111111111111000000000000000000000
000000000000000000001100000000000000111111111111111111000000000000000000000
000000000000000000001100000000000000111111111111111111000000000000000000000
000000000000000000001100000000000000111111111111111111000000000000000000000
000000000000000000001100000000000000111111111111111111000000000000000000000
000000000000000000001100000000000000111111111111111111000000000000000000000
000000000000000000001100000000000000111111111111111111000000000000000000000
000000000000000000001100000000000000111111111111111111000000000000000000000
000000000000000000001100000000000000111111111111111111000000000000000000000
000000000000000000001100000000000000111111111111111111000000000000000000000
000000000000000000001100000000000000111111111111111111000000000000000000000
000000000000000000001100000000000000111111111111111111000000000000000000000
000000000000000000001100000000000000111111111111111111000000000000000000000
000000000000000000001100000000000000111111111111111111000000000000000000000
000000000000000000001100000000000000111111111111111111000000000000000000000
000000000000000000001100000000000000111111111111111111000000000000000000000
000000000000000000001100000000000000111111111111111111000000000000000000000
000000000000000000001111111111111111111111111111111111000000000000000000000
000000000000000000001111111111111111111111111111111111000000000000000000000
000000000000000000000000000000000000000000000000000000000000000000000000000
000000000000000000000000000000000000000000000000000000000000000000000000000
000000000000000000000000000000000000000000000000000000000000000000000000000
000000000000000000000000000000000000000000000000000000000000000000000000000
000000000000000000000000000000000000000000000000000000000000000000000000000
000000000000000000000000000000000000000000000000000000000000000000000000000
000000000000000000000000000000000000000000000000000000000000000000000000000
000000000000000000000000000000000000000000000000000000000000000000000000000
000000000000000000000000000000000000000000000000000000000000000000000000000
000000000000000000000000000000000000000000000000000000000000000000000000000
000000000000000000000000000000000000000000000000000000000000000000000000000
000000000000000000000000000000000000000000000000000000000000000000000000000
000000000000000000000000000000000000000000000000000000000000000000000000000
000000000000000000000000000000000000000000000000000000000000000000000000000
000000000000000000000000000000000000000000000000000000000000000000000000000
000000000000000000000000000000000000000000000000000000000000000000000000000
000000000000000000000000000000000000000000000000000000000000000000000000000
000000000000000000000000000000000000000000000000000000000000000000000000000
000000000000000000000000000000000000000000000000000000000000000000000000000
000000000000000000000000000000000000000000000000000000000000000000000000000
000000000000000000000000000000000000000000000000000000000000000000000000000

== SDRs ==
00000000000010000001000010000011
00000001000000100000000000000000
01100000100000000000000000100001
00001100000010000000010000001000
00100000000001010110000000100011
10001000000000001010110000000100
00000001000010100000110000100001
00000000000000000100010000001000
00000000001001000001000100000001
01001000000101000110010001000000
00010100010000001000100001000000
00000000001100000000010000000100
00000001010000000000000100001001
00001000000010101000000000100100
00100000000000000100100001110100
00001000001010000001000000000110
00000000000000000000000000000000
00000100000000000000000000000000
10000000010010000000000100000000
00001000100000010000000001000000
10010001000000100110000100100000
00000010001000000001000000010000
00100000001000100011000000000000
00001000000000101101000000010000
00000010010000000000100000110000
00000001000000000101101001000000
00101110011000100001000001000010
01000000110000000000100000011010
00001000000000000000000000001000
01101000000010100011100000000000
10000011000000010100100000010010
00011001000000001000010000000000

00000000001000000000010000010010
00000000000000010000010000000001
11000000010000010000000010000000
00100000100000000000000100000001
00000000000000001000000000000000
01000000000000000100010000000000
00000000000000001000010000001010
00000000000000000001000001000000
10000010000001000100000010000000
00000000000000000000000000000010
10001010100010010000001100000000
00000000000000000000100001100100
01000000000010000000000001000100
01000000000000000000000010001000
01000000000001100100011000001100
00100001000000000000100000100000
10000100001000000000000000000010
01010000000000011001011100010010
01000000000100000000000001000000
00011000000000000001000000001000
00000000010010000000000010100100
01100000000001010000000000001000
11010001000010011100000000000010
00010000000000000000001101000000
00000100000000000000000001000101
00001000000000100000000110000000
00000000000010010000100000010000
00001000001000111000000000000001
10000001100000000000011000000000
11000010000001000000000010000001
00000000010000000000001000100100
00000000000000000001000000000000

00000000000010000001000010000011
00000001000000100000000000000000
01100000100000000000000000100001
00001100000010000000010000001000
00100000000001010110000000100011
10001000000000001010110000000100
00000001000010100000110000100001
00000000000000000100010000001000
00000000001001000001000100000001
01001000000101000110010001000000
00010100010000001000100001000000
00000000001100000000010000000100
00000001010000000000000100001001
00001000000010101000000000100100
00100000000000000100100001110100
00001000001010000001000000000110
00000000000000000000000000000000
00000100000000000000000000000000
10000000010010000000000100000000
00001000100000010000000001000000
10010001000000100110000100100000
00000010001000000001000000010000
00100000001000100011000000000000
00001000000000101101000000010000
00000010010000000000100000110000
00000001000000000101101001000000
00101110011000100001000001000010
01000000110000000000100000011010
00001000000000000000000000001000
01101000000010100011100000000000
10000011000000010100100000010010
00011001000000001000010000000000

00000000000010000001000010000011
00000001000000100000000000000000
01100000100000000000000000100001
00001100000010000000010000001000
00100000000001010110000000100011
10001000000000001010110000000100
00000001000010100000110000100001
00000000000000000100010000001000
00000000001001000001000100000001
01001000000101000110010001000000
00010100010000001000100001000000
00000000001100000000010000000100
00000001010000000000000100001001
00001000000010101000000000100100
00100000000000000100100001110100
00001000001010000001000000000110
00000000000000000000000000000000
00000100000000000000000000000000
10000000010010000000000100000000
00001000100000010000000001000000
10010001000000100110000100100000
00000010001000000001000000010000
00100000001000100011000000000000
00001000000000101101000000010000
00000010010000000000100000110000
00000001000000000101101001000000
00101110011000100001000001000010
01000000110000000000100000011010
00001000000000000000000000001000
01101000000010100011100000000000
10000011000000010100100000010010
00011001000000001000010000000000

00010000010001000000010000010100
01000000000000010000011010010101
00011000010010010000000010000000
00100001000100001000000101010101
10010010001000000000000000010100
01100011001000000100000000000011
00100000001000001000000000000000
00100000000001000000000010000000
11000000010000000000000010000000
00000000000000100000000000000000
00000010000010000111000000000000
01000000000000010000001000100000
00000000000000000000000000000100
01010000000000000000000000000000
01000010010000100100010100000001
00000000010001000010100100100000
00000000001000011001011000000000
10010000010000010000001100100100
01000000000001000000000001000100
00010100000000100100000000000000
00000000000000000001000000000110
00000001000000000000000000001010
01011100000010010000000000000000
00100001000001000010000000000010
01100000000100100001000000000010
00000000000000101000000010000000
00000000000000000000100010000001
10000000000001100010000000000000
01000001101000100001111100000001
00000000000001001100000100000100
00100100101000000010000100000000
00000100110000000000000001000000

00000000000000000100111000000000
00010000100010000000000010001000
00000000000000000000010011000000
00000000100000001000000000100001
10010000000000000000000000000100
00010000000010000000000000100000
11000000000011000000000000001000
00000010000000000010100100100011
10100000010000100100010010000000
00000000000000000001100100101011
10001000000000010101011000000000
01100001010000000000100000000000
00010110000010001000010001100000
00000000010000000000001000001000
00000100010000100011010000000000
00100001000001000100000000001000
10000000000000011100001001000000
01001001000010001000000000001100
00001000000000001000000000010000
00000000000000000100010100100000
00000010100000100000000000000000
00000000000010100000001000000001
01000100000000000000000000000000
10000010000000000000001000001010
01001000110100000000000100100100
00000000001010000100000100000000
10001001000011000000000000001001
00001000000000011000010000100100
00000000000000011000000000010010
00000010010001000000001000000100
01101000000001000000000100000100
00000000000000000000001000000010

01010000011001000000000000101000
01010000000010000000000000001100
00000000000010000101000010000100
00000010000000001100100000000100
00000010001000101000000000000100
01110010010000000100000000100001
01000000001000000000000010000000
10100000000011000010000000010001
01100000010000000000000000000000
00000000000000000000000000010000
00000010000000000001000000000000
00100000000000000000001001101000
00010000000000100000000000001100
00000001110100000111000010001000
00000100000100001000001100000001
00000000100001000110000000100100
00000000001000111001010000000001
00000000000000010000010000010010
00000000000000000000001000100000
01110010000000100000000000000000
00000000000000000000000000001100
00000000000000010010000010101011
11010000000000000000000000010000
10000000000100000000010100000100
01000000000000000000000001000001
00000000000000100000000001000011
00010000000100000000000000100000
00000000000000000010010000000000
00000000100000000000110101000000
00000000000000011110001010000001
00001000011000000000000100000100
10000000010010000001100000000001

01000000000000101000001000000000
00000000000100000000000000111000
00000001000000000001010110000000
00000001000001000100110101001000
00000001000000000000000100000100
00010001000010100100000000000010
11001110000000001000011000011000
00010000010000000000111001010100
00000001010100000100111001110000
00000000000000100011100000101000
01000001100000010100010000100000
00100000000000001000000110110000
00000000000100001000000001110000
10000011100101000010100010000000
00000101000000010001001010001000
00000000010000010000010000000000
00100000001011000100011000000000
01101000000000000001010000000010
00000001000000000001000001100100
11010100000010000100100000100000
00100010010010000001000000000001
01000000100101000000000011000000
00010000100000010000000001000000
10000000000000000000000000100000
01010101100111100001000101000001
01000100100000000000000001000100
00000001000000010010000010110000
00111100001100010000000000001010
00010010001011011000001000000010
01010001000000000000000000000000
00100000010000000000000000000000
00000010101000000100000000000000

00000000001000000000010000010010
00000000000000010000010000000001
11000000010000010000000010000000
00100000100000000000000100000001
00000000000000001000000000000000
01000000000000000100010000000000
00000000000000001000010000001010
00000000000000000001000001000000
10000010000001000100000010000000
00000000000000000000000000000010
10001010100010010000001100000000
00000000000000000000100001100100
01000000000010000000000001000100
01000000000000000000000010001000
01000000000001100100011000001100
00100001000000000000100000100000
10000100001000000000000000000010
01010000000000011001011100010010
01000000000100000000000001000000
00011000000000000001000000001000
00000000010010000000000010100100
01100000000001010000000000001000
11010001000010011100000000000010
00010000000000000000001101000000
00000100000000000000000001000101
00001000000000100000000110000000
00000000000010010000100000010000
00001000001000111000000000000001
10000001100000000000011000000000
11000010000001000000000010000001
00000000010000000000001000100100
00000000000000000001000000000000

