== Attributes ==
title=4_const_triangle
type= 2x2
result=3
window_size=(75, 75)

== Input ==
000000000000000000000000000000000000000000000000000000000000000000000000000
000000000000000000000000000000000000000000000000000000000000000000000000000
000000000000000000000000000000000000000000000000000000000000000000000000000
000000000000000000000000000000000000000000000000000000000000000000000000000
000000000000000000000000000000000000000000000000000000000000000000000000000
000000000000000000000000000000000000000000000000000000000000000000000000000
000000000000000000000000000000000000000000000000000000000000000000000000000
000000000000000000000000000000000000000000000000000000000000000000000000000
000000000000000000000000000000000000000000000000000000000000000000000000000
000000000000000000000000000000000000000000000000000000000000000000000000000
000000000000000000000000000000000000000000000000000000000000000000000000000
000000000000000000000000000000000000000000000000000000000000000000000000000
000000000000000000000000000000000000000000000000000000000000000000000000000
000000000000000000000000000000000000000000000000000000000000000000000000000
000000000000000000000000000000000000000000000000000000000000000000000000000
000000000000000000000000000000000000000000000000000000000000000000000000000
000000000000000000000000000000000000000000000000000000000000000000000000000
000000000000000000000000000000000000000000000000000000000000000000000000000
000000000000000000000000000000000000000000000000000000000000000000000000000
000000000000000000000000000000000000000000000000000000000000000000000000000
000000000000000000000000000000000000000000000000000000000000000000000000000
000000000000000000000000000000000000000000000000000000000000000000000000000
000000000000000000000000000000000000000000000000000000000000000000000000000
000000000000000000000000000000000000000000000000000000000000000000000000000
000000000000000000000000000000000000000000000000000000000000000000000000000
000000000000000000000000000000000000000000000000000000000000000000000000000
000000000000000000000000000000000000110000000000000000000000000000000000000
000000000000000000000000000000000001111000000000000000000000000000000000000
000000000000000000000000000000000011001100000000000000000000000000000000000
000000000000000000000000000000000110000110000000000000000000000000000000000
000000000000000000000000000000001100000011000000000000000000000000000000000
000000000000000000000000000000011000000001100000000000000000000000000000000
000000000000000000000000000000110000000000110000000000000000000000000000000
000000000000000000000000000001100000000000011000000000000000000000000000000
000000000000000000000000000011000000000000001100000000000000000000000000000
000000000000000000000000000110000000000000000110000000000000000000000000000
000000000000000000000000001100000000000000000011000000000000000000000000000
000000000000000000000000011000000000000000000001100000000000000000000000000
000000000000000000000000110000000000000000000000110000000000000000000000000
000000000000000000000001100000000000000000000000011000000000000000000000000
000000000000000000000011000000000000000000000000001100000000000000000000000
000000000000000000000110000000000000000000000000000110000000000000000000000
000000000000000000001100000000000000000000000000000011000000000000000000000
000000000000000000011000000000000000000000000000000001100000000000000000000
000000000000000000110000000000000000000000000000000000110000000000000000000
000000000000000001100000000000000000000000000000000000011000000000000000000
000000000000000011111111111111111111111111111111111111111100000000000000000
000000000000000111111111111111111111111111111111111111111110000000000000000
000000000000000000000000000000000000000000000000000000000000000000000000000
000000000000000000000000000000000000000000000000000000000000000000000000000
000000000000000000000000000000000000000000000000000000000000000000000000000
000000000000000000000000000000000000000000000000000000000000000000000000000
000000000000000000000000000000000000000000000000000000000000000000000000000
000000000000000000000000000000000000000000000000000000000000000000000000000
000000000000000000000000000000000000000000000000000000000000000000000000000
000000000000000000000000000000000000000000000000000000000000000000000000000
000000000000000000000000000000000000000000000000000000000000000000000000000
000000000000000000000000000000000000000000000000000000000000000000000000000
000000000000000000000000000000000000000000000000000000000000000000000000000
000000000000000000000000000000000000000000000000000000000000000000000000000
000000000000000000000000000000000000000000000000000000000000000000000000000
000000000000000000000000000000000000000000000000000000000000000000000000000
000000000000000000000000000000000000000000000000000000000000000000000000000
000000000000000000000000000000000000000000000000000000000000000000000000000
000000000000000000000000000000000000000000000000000000000000000000000000000
000000000000000000000000000000000000000000000000000000000000000000000000000
000000000000000000000000000000000000000000000000000000000000000000000000000
000000000000000000000000000000000000000000000000000000000000000000000000000
000000000000000000000000000000000000000000000000000000000000000000000000000
000000000000000000000000000000000000000000000000000000000000000000000000000
000000000000000000000000000000000000000000000000000000000000000000000000000
000000000000000000000000000000000000000000000000000000000000000000000000000
000000000000000000000000000000000000000000000000000000000000000000000000000
000000000000000000000000000000000000000000000000000000000000000000000000000
000000000000000000000000000000000000000000000000000000000000000000000000000

000000000000000000000000000000000000000000000000000000000000000000000000000
000000000000000000000000000000000000000000000000000000000000000000000000000
000000000000000000000000000000000000000000000000000000000000000000000000000
000000000000000000000000000000000000000000000000000000000000000000000000000
000000000000000000000000000000000000000000000000000000000000000000000000000
000000000000000000000000000000000000000000000000000000000000000000000000000
000000000000000000000000000000000000000000000000000000000000000000000000000
000000000000000000000000000000000000000000000000000000000000000000000000000
000000000000000000000000000000000000000000000000000000000000000000000000000
000000000000000000000000000000000000000000000000000000000000000000000000000
000000000000000000000000000000000000000000000000000000000000000000000000000
000000000000000000000000000000000000000000000000000000000000000000000000000
000000000000000000000000000000000000000000000000000000000000000000000000000
000000000000000000000000000000000000000000000000000000000000000000000000000
000000000000000000000000000000000000000000000000000000000000000000000000000
000000000000000000000000000000000000000000000000000000000000000000000000000
000000000000000000000000000000000000000000000000000000000000000000000000000
000000000000000000000000000000000000000000000000000000000000000000000000000
000000000000000000000000000000000000000000000000000000000000000000000000000
000000000000000000000000000000000000000000000000000000000000000000000000000
000000000000000000000000000000000000000000000000000000000000000000000000000
000000000000000000000000000000000000000000000000000000000000000000000000000
000000000000000000000000000000000000000000000000000000000000000000000000000
000000000000000000000000000000000000000000000000000000000000000000000000000
000000000000000000000000000000000000000000000000000000000000000000000000000
000000000000000000000000000000000000000000000000000000000000000000000000000
000000000000000000000000000000000000110000000000000000000000000000000000000
000000000000000000000000000000000001111000000000000000000000000000000000000
000000000000000000000000000000000011001100000000000000000000000000000000000
000000000000000000000000000000000110000110000000000000000000000000000000000
000000000000000000000000000000001100000011000000000000000000000000000000000
000000000000000000000000000000011000000001100000000000000000000000000000000
000000000000000000000000000000110000000000110000000000000000000000000000000
000000000000000000000000000001100000000000011000000000000000000000000000000
000000000000000000000000000011000000000000001100000000000000000000000000000
000000000000000000000000000110000000000000000110000000000000000000000000000
000000000000000000000000001100000000000000000011000000000000000000000000000
000000000000000000000000011000000000000000000001100000000000000000000000000
000000000000000000000000110000000000000000000000110000000000000000000000000
000000000000000000000001100000000000000000000000011000000000000000000000000
000000000000000000000011000000000000000000000000001100000000000000000000000
000000000000000000000110000000000000000000000000000110000000000000000000000
000000000000000000001100000000000000000000000000000011000000000000000000000
000000000000000000011000000000000000000000000000000001100000000000000000000
000000000000000000110000000000000000000000000000000000110000000000000000000
000000000000000001100000000000000000000000000000000000011000000000000000000
000000000000000011111111111111111111111111111111111111111100000000000000000
000000000000000111111111111111111111111111111111111111111110000000000000000
000000000000000000000000000000000000000000000000000000000000000000000000000
000000000000000000000000000000000000000000000000000000000000000000000000000
000000000000000000000000000000000000000000000000000000000000000000000000000
000000000000000000000000000000000000000000000000000000000000000000000000000
000000000000000000000000000000000000000000000000000000000000000000000000000
000000000000000000000000000000000000000000000000000000000000000000000000000
000000000000000000000000000000000000000000000000000000000000000000000000000
000000000000000000000000000000000000000000000000000000000000000000000000000
000000000000000000000000000000000000000000000000000000000000000000000000000
000000000000000000000000000000000000000000000000000000000000000000000000000
000000000000000000000000000000000000000000000000000000000000000000000000000
000000000000000000000000000000000000000000000000000000000000000000000000000
000000000000000000000000000000000000000000000000000000000000000000000000000
000000000000000000000000000000000000000000000000000000000000000000000000000
000000000000000000000000000000000000000000000000000000000000000000000000000
000000000000000000000000000000000000000000000000000000000000000000000000000
000000000000000000000000000000000000000000000000000000000000000000000000000
000000000000000000000000000000000000000000000000000000000000000000000000000
000000000000000000000000000000000000000000000000000000000000000000000000000
000000000000000000000000000000000000000000000000000000000000000000000000000
000000000000000000000000000000000000000000000000000000000000000000000000000
000000000000000000000000000000000000000000000000000000000000000000000000000
000000000000000000000000000000000000000000000000000000000000000000000000000
000000000000000000000000000000000000000000000000000000000000000000000000000
000000000000000000000000000000000000000000000000000000000000000000000000000
000000000000000000000000000000000000000000000000000000000000000000000000000
000000000000000000000000000000000000000000000000000000000000000000000000000

000000000000000000000000000000000000000000000000000000000000000000000000000
000000000000000000000000000000000000000000000000000000000000000000000000000
000000000000000000000000000000000000000000000000000000000000000000000000000
000000000000000000000000000000000000000000000000000000000000000000000000000
000000000000000000000000000000000000000000000000000000000000000000000000000
000000000000000000000000000000000000000000000000000000000000000000000000000
000000000000000000000000000000000000000000000000000000000000000000000000000
000000000000000000000000000000000000000000000000000000000000000000000000000
000000000000000000000000000000000000000000000000000000000000000000000000000
000000000000000000000000000000000000000000000000000000000000000000000000000
000000000000000000000000000000000000000000000000000000000000000000000000000
000000000000000000000000000000000000000000000000000000000000000000000000000
000000000000000000000000000000000000000000000000000000000000000000000000000
000000000000000000000000000000000000000000000000000000000000000000000000000
000000000000000000000000000000000000000000000000000000000000000000000000000
000000000000000000000000000000000000000000000000000000000000000000000000000
000000000000000000000000000000000000000000000000000000000000000000000000000
000000000000000000000000000000000000000000000000000000000000000000000000000
000000000000000000000000000000000000000000000000000000000000000000000000000
000000000000000000000000000000000000000000000000000000000000000000000000000
000000000000000000000000000000000000000000000000000000000000000000000000000
000000000000000000000000000000000000000000000000000000000000000000000000000
000000000000000000000000000000000000000000000000000000000000000000000000000
000000000000000000000000000000000000000000000000000000000000000000000000000
000000000000000000000000000000000000000000000000000000000000000000000000000
000000000000000000000000000000000000000000000000000000000000000000000000000
000000000000000000000000000000000000110000000000000000000000000000000000000
000000000000000000000000000000000001111000000000000000000000000000000000000
000000000000000000000000000000000011001100000000000000000000000000000000000
000000000000000000000000000000000110000110000000000000000000000000000000000
000000000000000000000000000000001100000011000000000000000000000000000000000
000000000000000000000000000000011000000001100000000000000000000000000000000
000000000000000000000000000000110000000000110000000000000000000000000000000
000000000000000000000000000001100000000000011000000000000000000000000000000
000000000000000000000000000011000000000000001100000000000000000000000000000
000000000000000000000000000110000000000000000110000000000000000000000000000
000000000000000000000000001100000000000000000011000000000000000000000000000
000000000000000000000000011000000000000000000001100000000000000000000000000
000000000000000000000000110000000000000000000000110000000000000000000000000
000000000000000000000001100000000000000000000000011000000000000000000000000
000000000000000000000011000000000000000000000000001100000000000000000000000
000000000000000000000110000000000000000000000000000110000000000000000000000
000000000000000000001100000000000000000000000000000011000000000000000000000
000000000000000000011000000000000000000000000000000001100000000000000000000
000000000000000000110000000000000000000000000000000000110000000000000000000
000000000000000001100000000000000000000000000000000000011000000000000000000
000000000000000011111111111111111111111111111111111111111100000000000000000
000000000000000111111111111111111111111111111111111111111110000000000000000
000000000000000000000000000000000000000000000000000000000000000000000000000
000000000000000000000000000000000000000000000000000000000000000000000000000
000000000000000000000000000000000000000000000000000000000000000000000000000
000000000000000000000000000000000000000000000000000000000000000000000000000
000000000000000000000000000000000000000000000000000000000000000000000000000
000000000000000000000000000000000000000000000000000000000000000000000000000
000000000000000000000000000000000000000000000000000000000000000000000000000
000000000000000000000000000000000000000000000000000000000000000000000000000
000000000000000000000000000000000000000000000000000000000000000000000000000
000000000000000000000000000000000000000000000000000000000000000000000000000
000000000000000000000000000000000000000000000000000000000000000000000000000
000000000000000000000000000000000000000000000000000000000000000000000000000
000000000000000000000000000000000000000000000000000000000000000000000000000
000000000000000000000000000000000000000000000000000000000000000000000000000
000000000000000000000000000000000000000000000000000000000000000000000000000
000000000000000000000000000000000000000000000000000000000000000000000000000
000000000000000000000000000000000000000000000000000000000000000000000000000
000000000000000000000000000000000000000000000000000000000000000000000000000
000000000000000000000000000000000000000000000000000000000000000000000000000
000000000000000000000000000000000000000000000000000000000000000000000000000
000000000000000000000000000000000000000000000000000000000000000000000000000
000000000000000000000000000000000000000000000000000000000000000000000000000
000000000000000000000000000000000000000000000000000000000000000000000000000
000000000000000000000000000000000000000000000000000000000000000000000000000
000000000000000000000000000000000000000000000000000000000000000000000000000
000000000000000000000000000000000000000000000000000000000000000000000000000
000000000000000000000000000000000000000000000000000000000000000000000000000

== Output ==
000000000000000000000000000000000000000000000000000000000000000000000000000
000000000000000000000000000000000000000000000000000000000000000000000000000
000000000000000000000000000000000000000000000000000000000000000000000000000
000000000000000000000000000000000000000000000000000000000000000000000000000
000000000000000000000000000000000000000000000000000000000000000000000000000
000000000000000000000000000000000000000000000000000000000000000000000000000
000000000000000000000000000000000000000000000000000000000000000000000000000
000000000000000000000000000000000000000000000000000000000000000000000000000
000000000000000000000000000000000000000000000000000000000000000000000000000
000000000000000000000000000000000000000000000000000000000000000000000000000
000000000000000000000000000000000000000000000000000000000000000000000000000
000000000000000000000000000000000000000000000000000000000000000000000000000
000000000000000000000000000000000000000000000000000000000000000000000000000
000000000000000000000000000000000000000000000000000000000000000000000000000
000000000000000000000000000000000000000000000000000000000000000000000000000
000000000000000000000000000000000000000000000000000000000000000000000000000
000000000000000000000000000000000000000000000000000000000000000000000000000
000000000000000000000000000000000000000000000000000000000000000000000000000
000000000000000000000000000000000000000000000000000000000000000000000000000
000000000000000000000000000000000000000000000000000000000000000000000000000
000000000000000000001111111111111111111111111111111111000000000000000000000
000000000000000000001111111111111111111111111111111111000000000000000000000
000000000000000000001100000000000000000000000000000011000000000000000000000
000000000000000000001100000000000000000000000000000011000000000000000000000
000000000000000000001100000000000000000000000000000011000000000000000000000
000000000000000000001100000000000000000000000000000011000000000000000000000
000000000000000000001100000000000000000000000000000011000000000000000000000
000000000000000000001100000000000000000000000000000011000000000000000000000
000000000000000000001100000000000000000000000000000011000000000000000000000
000000000000000000001100000000000000000000000000000011000000000000000000000
000000000000000000001100000000000000000000000000000011000000000000000000000
000000000000000000001100000000000000000000000000000011000000000000000000000
000000000000000000001100000000000000000000000000000011000000000000000000000
000000000000000000001100000000000000000000000000000011000000000000000000000
000000000000000000001100000000000000000000000000000011000000000000000000000
000000000000000000001100000000000000000000000000000011000000000000000000000
000000000000000000001100000000000000000000000000000011000000000000000000000
000000000000000000001100000000000000000000000000000011000000000000000000000
000000000000000000001100000000000000000000000000000011000000000000000000000
000000000000000000001100000000000000000000000000000011000000000000000000000
000000000000000000001100000000000000000000000000000011000000000000000000000
000000000000000000001100000000000000000000000000000011000000000000000000000
000000000000000000001100000000000000000000000000000011000000000000000000000
000000000000000000001100000000000000000000000000000011000000000000000000000
000000000000000000001100000000000000000000000000000011000000000000000000000
000000000000000000001100000000000000000000000000000011000000000000000000000
000000000000000000001100000000000000000000000000000011000000000000000000000
000000000000000000001100000000000000000000000000000011000000000000000000000
000000000000000000001100000000000000000000000000000011000000000000000000000
000000000000000000001100000000000000000000000000000011000000000000000000000
000000000000000000001100000000000000000000000000000011000000000000000000000
000000000000000000001100000000000000000000000000000011000000000000000000000
000000000000000000001111111111111111111111111111111111000000000000000000000
000000000000000000001111111111111111111111111111111111000000000000000000000
000000000000000000000000000000000000000000000000000000000000000000000000000
000000000000000000000000000000000000000000000000000000000000000000000000000
000000000000000000000000000000000000000000000000000000000000000000000000000
000000000000000000000000000000000000000000000000000000000000000000000000000
000000000000000000000000000000000000000000000000000000000000000000000000000
000000000000000000000000000000000000000000000000000000000000000000000000000
000000000000000000000000000000000000000000000000000000000000000000000000000
000000000000000000000000000000000000000000000000000000000000000000000000000
000000000000000000000000000000000000000000000000000000000000000000000000000
000000000000000000000000000000000000000000000000000000000000000000000000000
000000000000000000000000000000000000000000000000000000000000000000000000000
000000000000000000000000000000000000000000000000000000000000000000000000000
000000000000000000000000000000000000000000000000000000000000000000000000000
000000000000000000000000000000000000000000000000000000000000000000000000000
000000000000000000000000000000000000000000000000000000000000000000000000000
000000000000000000000000000000000000000000000000000000000000000000000000000
000000000000000000000000000000000000000000000000000000000000000000000000000
000000000000000000000000000000000000000000000000000000000000000000000000000
000000000000000000000000000000000000000000000000000000000000000000000000000
000000000000000000000000000000000000000000000000000000000000000000000000000
000000000000000000000000000000000000000000000000000000000000000000000000000

000000000000000000000000000000000000000000000000000000000000000000000000000
000000000000000000000000000000000000000000000000000000000000000000000000000
000000000000000000000000000000000000000000000000000000000000000000000000000
000000000000000000000000000000000000000000000000000000000000000000000000000
000000000000000000000000000000000000000000000000000000000000000000000000000
000000000000000000000000000000000000000000000000000000000000000000000000000
000000000000000000000000000000000000000000000000000000000000000000000000000
000000000000000000000000000000000000000000000000000000000000000000000000000
000000000000000000000000000000000000000000000000000000000000000000000000000
000000000000000000000000000000000000000000000000000000000000000000000000000
000000000000000000000000000000000000000000000000000000000000000000000000000
000000000000000000000000000000000000000000000000000000000000000000000000000
000000000000000000000000000000000000000000000000000000000000000000000000000
000000000000000000000000000000000000000000000000000000000000000000000000000
000000000000000000000000000000000000000000000000000000000000000000000000000
000000000000000000000000000000000000100000000000000000000000000000000000000
000000000000000000000000000000111111111111100000000000000000000000000000000
000000000000000000000000000011111111111111111000000000000000000000000000000
000000000000000000000000001111000000000000011110000000000000000000000000000
000000000000000000000000111100000000000000000111100000000000000000000000000
000000000000000000000001110000000000000000000001110000000000000000000000000
000000000000000000000011100000000000000000000000111000000000000000000000000
000000000000000000000111000000000000000000000000011100000000000000000000000
000000000000000000001110000000000000000000000000001110000000000000000000000
000000000000000000011100000000000000000000000000000111000000000000000000000
000000000000000000011000000000000000000000000000000011000000000000000000000
000000000000000000110000000000000000000000000000000001100000000000000000000
000000000000000000110000000000000000000000000000000001100000000000000000000
000000000000000001100000000000000000000000000000000000110000000000000000000
000000000000000001100000000000000000000000000000000000110000000000000000000
000000000000000011000000000000000000000000000000000000011000000000000000000
000000000000000011000000000000000000000000000000000000011000000000000000000
000000000000000011000000000000000000000000000000000000011000000000000000000
000000000000000011000000000000000000000000000000000000011000000000000000000
000000000000000011000000000000000000000000000000000000011000000000000000000
000000000000000011000000000000000000000000000000000000011000000000000000000
000000000000000111000000000000000000000000000000000000011100000000000000000
000000000000000011000000000000000000000000000000000000011000000000000000000
000000000000000011000000000000000000000000000000000000011000000000000000000
000000000000000011000000000000000000000000000000000000011000000000000000000
000000000000000011000000000000000000000000000000000000011000000000000000000
000000000000000011000000000000000000000000000000000000011000000000000000000
000000000000000011000000000000000000000000000000000000011000000000000000000
000000000000000001100000000000000000000000000000000000110000000000000000000
000000000000000001100000000000000000000000000000000000110000000000000000000
000000000000000000110000000000000000000000000000000001100000000000000000000
000000000000000000110000000000000000000000000000000001100000000000000000000
000000000000000000011000000000000000000000000000000011000000000000000000000
000000000000000000011100000000000000000000000000000111000000000000000000000
000000000000000000001110000000000000000000000000001110000000000000000000000
000000000000000000000111000000000000000000000000011100000000000000000000000
000000000000000000000011100000000000000000000000111000000000000000000000000
000000000000000000000001110000000000000000000001110000000000000000000000000
000000000000000000000000111100000000000000000111100000000000000000000000000
000000000000000000000000001111000000000000011110000000000000000000000000000
000000000000000000000000000011111111111111111000000000000000000000000000000
000000000000000000000000000000111111111111100000000000000000000000000000000
000000000000000000000000000000000000100000000000000000000000000000000000000
000000000000000000000000000000000000000000000000000000000000000000000000000
000000000000000000000000000000000000000000000000000000000000000000000000000
000000000000000000000000000000000000000000000000000000000000000000000000000
000000000000000000000000000000000000000000000000000000000000000000000000000
000000000000000000000000000000000000000000000000000000000000000000000000000
000000000000000000000000000000000000000000000000000000000000000000000000000
000000000000000000000000000000000000000000000000000000000000000000000000000
000000000000000000000000000000000000000000000000000000000000000000000000000
000000000000000000000000000000000000000000000000000000000000000000000000000
000000000000000000000000000000000000000000000000000000000000000000000000000
000000000000000000000000000000000000000000000000000000000000000000000000000
000000000000000000000000000000000000000000000000000000000000000000000000000
000000000000000000000000000000000000000000000000000000000000000000000000000
000000000000000000000000000000000000000000000000000000000000000000000000000
000000000000000000000000000000000000000000000000000000000000000000000000000
000000000000000000000000000000000000000000000000000000000000000000000000000
000000000000000000000000000000000000000000000000000000000000000000000000000

000000000000000000000000000000000000000000000000000000000000000000000000000
000000000000000000000000000000000000000000000000000000000000000000000000000
000000000000000000000000000000000000000000000000000000000000000000000000000
000000000000000000000000000000000000000000000000000000000000000000000000000
000000000000000000000000000000000000000000000000000000000000000000000000000
000000000000000000000000000000000000000000000000000000000000000000000000000
000000000000000000000000000000000000000000000000000000000000000000000000000
000000000000000000000000000000000000000000000000000000000000000000000000000
000000000000000000000000000000000000000000000000000000000000000000000000000
000000000000000000000000000000000000000000000000000000000000000000000000000
000000000000000000000000000000000000000000000000000000000000000000000000000
000000000000000000000000000000000000000000000000000000000000000000000000000
000000000000000000000000000000000000000000000000000000000000000000000000000
000000000000000000000000000000000000000000000000000000000000000000000000000
000000000000000000000000000000000000000000000000000000000000000000000000000
000000000000000000000000000000000000000000000000000000000000000000000000000
000000000000000000000000000000000000000000000000000000000000000000000000000
000000000000000000000000000000000000000000000000000000000000000000000000000
000000000000000000000000000000000000000000000000000000000000000000000000000
000000000000000000000000000000000000000000000000000000000000000000000000000
000000000000000000000000000000000000000000000000000000000000000000000000000
000000000000000000000000000000000000000000000000000000000000000000000000000
000000000000000000000000000000000000000000000000000000000000000000000000000
000000000000000000000000000000000000000000000000000000000000000000000000000
000000000000000000000000000000000000000000000000000000000000000000000000000
000000000000000000000000000000000000000000000000000000000000000000000000000
000000000000000000000000000000000000110000000000000000000000000000000000000
000000000000000000000000000000000001111000000000000000000000000000000000000
000000000000000000000000000000000011001100000000000000000000000000000000000
000000000000000000000000000000000110000110000000000000000000000000000000000
000000000000000000000000000000001100000011000000000000000000000000000000000
000000000000000000000000000000011000000001100000000000000000000000000000000
000000000000000000000000000000110000000000110000000000000000000000000000000
000000000000000000000000000001100000000000011000000000000000000000000000000
000000000000000000000000000011000000000000001100000000000000000000000000000
000000000000000000000000000110000000000000000110000000000000000000000000000
000000000000000000000000001100000000000000000011000000000000000000000000000
000000000000000000000000011000000000000000000001100000000000000000000000000
000000000000000000000000110000000000000000000000110000000000000000000000000
000000000000000000000001100000000000000000000000011000000000000000000000000
000000000000000000000011000000000000000000000000001100000000000000000000000
000000000000000000000110000000000000000000000000000110000000000000000000000
000000000000000000001100000000000000000000000000000011000000000000000000000
000000000000000000011000000000000000000000000000000001100000000000000000000
000000000000000000110000000000000000000000000000000000110000000000000000000
000000000000000001100000000000000000000000000000000000011000000000000000000
000000000000000011111111111111111111111111111111111111111100000000000000000
000000000000000111111111111111111111111111111111111111111110000000000000000
000000000000000000000000000000000000000000000000000000000000000000000000000
000000000000000000000000000000000000000000000000000000000000000000000000000
000000000000000000000000000000000000000000000000000000000000000000000000000
000000000000000000000000000000000000000000000000000000000000000000000000000
000000000000000000000000000000000000000000000000000000000000000000000000000
000000000000000000000000000000000000000000000000000000000000000000000000000
000000000000000000000000000000000000000000000000000000000000000000000000000
000000000000000000000000000000000000000000000000000000000000000000000000000
000000000000000000000000000000000000000000000000000000000000000000000000000
000000000000000000000000000000000000000000000000000000000000000000000000000
000000000000000000000000000000000000000000000000000000000000000000000000000
000000000000000000000000000000000000000000000000000000000000000000000000000
000000000000000000000000000000000000000000000000000000000000000000000000000
000000000000000000000000000000000000000000000000000000000000000000000000000
000000000000000000000000000000000000000000000000000000000000000000000000000
000000000000000000000000000000000000000000000000000000000000000000000000000
000000000000000000000000000000000000000000000000000000000000000000000000000
000000000000000000000000000000000000000000000000000000000000000000000000000
000000000000000000000000000000000000000000000000000000000000000000000000000
000000000000000000000000000000000000000000000000000000000000000000000000000
000000000000000000000000000000000000000000000000000000000000000000000000000
000000000000000000000000000000000000000000000000000000000000000000000000000
000000000000000000000000000000000000000000000000000000000000000000000000000
000000000000000000000000000000000000000000000000000000000000000000000000000
000000000000000000000000000000000000000000000000000000000000000000000000000
000000000000000000000000000000000000000000000000000000000000000000000000000
000000000000000000000000000000000000000000000000000000000000000000000000000

000000000000000000000000000000000000000000000000000000000000000000000000000
000000000000000000000000000000000000000000000000000000000000000000000000000
000000000000000000000000000000000000000000000000000000000000000000000000000
000000000000000000000000000000000000000000000000000000000000000000000000000
000000000000000000000000000000000000000000000000000000000000000000000000000
000000000000000000000000000000000000000000000000000000000000000000000000000
000000000000000000000000000000000000000000000000000000000000000000000000000
000000000000000000000000000000000000000000000000000000000000000000000000000
000000000000000000000000000000000000000000000000000000000000000000000000000
000000000000000000000000000000000000000000000000000000000000000000000000000
000000000000000000000000000000000000000000000000000000000000000000000000000
000000000000000000000000000000000000000000000000000000000000000000000000000
000000000000000000000000000000000000000000000000000000000000000000000000000
000000000000000000000000000000000000000000000000000000000000000000000000000
000000000000000000000000000000000000000000000000000000000000000000000000000
000000000000000000000000000000000000000000000000000000000000000000000000000
000000000000000000000000111111111111111111111111110000000000000000000000000
000000000000000000000000111111111111111111111111110000000000000000000000000
000000000000000000000000110000000000000000000000110000000000000000000000000
000000000000000000000000110000000000000000000000110000000000000000000000000
000000000000000000000000110000000000000000000000110000000000000000000000000
000000000000000000000000110000000000000000000000110000000000000000000000000
000000000000000000000000110000000000000000000000110000000000000000000000000
000000000000000000000000110000000000000000000000110000000000000000000000000
000000000000000000000000110000000000000000000000110000000000000000000000000
000000000000000000000000110000000000000000000000110000000000000000000000000
000000000000000000000000110000000000000000000000110000000000000000000000000
000000000000000000000000110000000000000000000000110000000000000000000000000
000000000000000000000000110000000000000000000000110000000000000000000000000
000000000000000000000000110000000000000000000000110000000000000000000000000
000000000000000000000000110000000000000000000000110000000000000000000000000
000000000000000000000000110000000000000000000000110000000000000000000000000
000000000000000000000000110000000000000000000000110000000000000000000000000
000000000000000000000000110000000000000000000000110000000000000000000000000
000000000000000000000000110000000000000000000000110000000000000000000000000
000000000000000000000000110000000000000000000000110000000000000000000000000
000000000000000000000000110000000000000000000000110000000000000000000000000
000000000000000000000000110000000000000000000000110000000000000000000000000
000000000000000000000000110000000000000000000000110000000000000000000000000
000000000000000000000000110000000000000000000000110000000000000000000000000
000000000000000000000000110000000000000000000000110000000000000000000000000
000000000000000000000000110000000000000000000000110000000000000000000000000
000000000000000000000000110000000000000000000000110000000000000000000000000
000000000000000000000000110000000000000000000000110000000000000000000000000
000000000000000000000000110000000000000000000000110000000000000000000000000
000000000000000000000000110000000000000000000000110000000000000000000000000
000000000000000000000000110000000000000000000000110000000000000000000000000
000000000000000000000000110000000000000000000000110000000000000000000000000
000000000000000000000000110000000000000000000000110000000000000000000000000
000000000000000000000000110000000000000000000000110000000000000000000000000
000000000000000000000000110000000000000000000000110000000000000000000000000
000000000000000000000000110000000000000000000000110000000000000000000000000
000000000000000000000000110000000000000000000000110000000000000000000000000
000000000000000000000000110000000000000000000000110000000000000000000000000
000000000000000000000000110000000000000000000000110000000000000000000000000
000000000000000000000000110000000000000000000000110000000000000000000000000
000000000000000000000000111111111111111111111111110000000000000000000000000
000000000000000000000000111111111111111111111111110000000000000000000000000
000000000000000000000000000000000000000000000000000000000000000000000000000
000000000000000000000000000000000000000000000000000000000000000000000000000
000000000000000000000000000000000000000000000000000000000000000000000000000
000000000000000000000000000000000000000000000000000000000000000000000000000
000000000000000000000000000000000000000000000000000000000000000000000000000
000000000000000000000000000000000000000000000000000000000000000000000000000
000000000000000000000000000000000000000000000000000000000000000000000000000
000000000000000000000000000000000000000000000000000000000000000000000000000
000000000000000000000000000000000000000000000000000000000000000000000000000
000000000000000000000000000000000000000000000000000000000000000000000000000
000000000000000000000000000000000000000000000000000000000000000000000000000
000000000000000000000000000000000000000000000000000000000000000000000000000
000000000000000000000000000000000000000000000000000000000000000000000000000
000000000000000000000000000000000000000000000000000000000000000000000000000
000000000000000000000000000000000000000000000000000000000000000000000000000
000000000000000000000000000000000000000000000000000000000000000000000000000
000000000000000000000000000000000000000000000000000000000000000000000000000

000000000000000000000000000000000000000000000000000000000000000000000000000
000000000000000000000000000000000000000000000000000000000000000000000000000
000000000000000000000000000000000000000000000000000000000000000000000000000
000000000000000000000000000000000000000000000000000000000000000000000000000
000000000000000000000000000000000000000000000000000000000000000000000000000
000000000000000000000000000000000000000000000000000000000000000000000000000
000000000000000000000000000000000000000000000000000000000000000000000000000
000000000000000000000000000000000000000000000000000000000000000000000000000
000000000000000000000000000000000000000000000000000000000000000000000000000
000000000000000000000000000000000000000000000000000000000000000000000000000
000000000000000000000000000000000000000000000000000000000000000000000000000
000000000000000000000000000000000000000000000000000000000000000000000000000
000000000000000000000000000000000000000000000000000000000000000000000000000
000000000000000000000000000000000000000000000000000000000000000000000000000
000000000000000000000000000000000000000000000000000000000000000000000000000
000000000000000000000000000000000000000000000000000000000000000000000000000
000000000000000000000000000000000000000000000000000000000000000000000000000
000000000000000000000000000000000000000000000000000000000000000000000000000
000000000000000000000000000000000000000000000000000000000000000000000000000
000000000000000000000000000000000000000000000000000000000000000000000000000
000000000000000000000000000000000000000000000000000000000000000000000000000
000000000000000000000000000000000000000000000000000000000000000000000000000
000000000000000000000000000000000000000000000000000000000000000000000000000
000000000000000000000000000000000000000000000000000000000000000000000000000
000000000000000000000000000000000000000000000000000000000000000000000000000
000000000000000000000000000000000000000000000000000000000000000000000000000
000000000000000111111111111111111111111111111111111111111110000000000000000
000000000000000011111111111111111111111111111111111111111100000000000000000
000000000000000001100000000000000000000000000000000000011000000000000000000
000000000000000000110000000000000000000000000000000000110000000000000000000
000000000000000000011000000000000000000000000000000001100000000000000000000
000000000000000000001100000000000000000000000000000011000000000000000000000
000000000000000000000110000000000000000000000000000110000000000000000000000
000000000000000000000011000000000000000000000000001100000000000000000000000
000000000000000000000001100000000000000000000000011000000000000000000000000
000000000000000000000000110000000000000000000000110000000000000000000000000
000000000000000000000000011000000000000000000001100000000000000000000000000
000000000000000000000000001100000000000000000011000000000000000000000000000
000000000000000000000000000110000000000000000110000000000000000000000000000
000000000000000000000000000011000000000000001100000000000000000000000000000
000000000000000000000000000001100000000000011000000000000000000000000000000
000000000000000000000000000000110000000000110000000000000000000000000000000
000000000000000000000000000000011000000001100000000000000000000000000000000
000000000000000000000000000000001100000011000000000000000000000000000000000
000000000000000000000000000000000110000110000000000000000000000000000000000
000000000000000000000000000000000011001100000000000000000000000000000000000
000000000000000000000000000000000001111000000000000000000000000000000000000
000000000000000000000000000000000000110000000000000000000000000000000000000
000000000000000000000000000000000000000000000000000000000000000000000000000
000000000000000000000000000000000000000000000000000000000000000000000000000
000000000000000000000000000000000000000000000000000000000000000000000000000
000000000000000000000000000000000000000000000000000000000000000000000000000
000000000000000000000000000000000000000000000000000000000000000000000000000
000000000000000000000000000000000000000000000000000000000000000000000000000
000000000000000000000000000000000000000000000000000000000000000000000000000
000000000000000000000000000000000000000000000000000000000000000000000000000
000000000000000000000000000000000000000000000000000000000000000000000000000
000000000000000000000000000000000000000000000000000000000000000000000000000
000000000000000000000000000000000000000000000000000000000000000000000000000
000000000000000000000000000000000000000000000000000000000000000000000000000
000000000000000000000000000000000000000000000000000000000000000000000000000
000000000000000000000000000000000000000000000000000000000000000000000000000
000000000000000000000000000000000000000000000000000000000000000000000000000
000000000000000000000000000000000000000000000000000000000000000000000000000
000000000000000000000000000000000000000000000000000000000000000000000000000
000000000000000000000000000000000000000000000000000000000000000000000000000
000000000000000000000000000000000000000000000000000000000000000000000000000
000000000000000000000000000000000000000000000000000000000000000000000000000
000000000000000000000000000000000000000000000000000000000000000000000000000
000000000000000000000000000000000000000000000000000000000000000000000000000
000000000000000000000000000000000000000000000000000000000000000000000000000
000000000000000000000000000000000000000000000000000000000000000000000000000
000000000000000000000000000000000000000000000000000000000000000000000000000
000000000000000000000000000000000000000000000000000000000000000000000000000
000000000000000000000000000000000000000000000000000000000000000000000000000

000000000000000000000000000000000000000000000000000000000000000000000000000
000000000000000000000000000000000000000000000000000000000000000000000000000
000000000000000000000000000000000000000000000000000000000000000000000000000
000000000000000000000000000000000000000000000000000000000000000000000000000
000000000000000000000000000000000000000000000000000000000000000000000000000
000000000000000000000000000000000000000000000000000000000000000000000000000
000000000000000000000000000000000000000000000000000000000000000000000000000
000000000000000000000000000000000000000000000000000000000000000000000000000
000000000000000000000000000000000000000000000000000000000000000000000000000
000000000000000000000000000000000000000000000000000000000000000000000000000
000000000000000000000000000000000000000000000000000000000000000000000000000
000000000000000000000000000000000000000000000000000000000000000000000000000
000000000000000000000000000000000000000000000000000000000000000000000000000
000000000000000000000000000000000000000000000000000000000000000000000000000
000000000000000000000000000000000000000000000000000000000000000000000000000
000000000000000000000000000000000000000000000000000000000000000000000000000
000000000000000000000000000000000000000000000000000000000000000000000000000
000000000000000000000000000000000000000000000000000000000000000000000000000
000000000000000000000000000000000000000000000000000000000000000000000000000
000000000000000000000000000000000000000000000000000000000000000000000000000
000000000000000000000000000000000000000000000000000000000000000000000000000
000000000000000000000000000000000000000000000000000000000000000000000000000
000000000000000000000000000000000000000000000000000000000000000000000000000
000000000000000000000000000000000000000000000000000000000000000000000000000
000000000000000011111111111111111111111111111111111111111100000000000000000
000000000000000011111111111111111111111111111111111111111100000000000000000
000000000000000011000000000000000000000000000000000000001100000000000000000
000000000000000011000000000000000000000000000000000000001100000000000000000
000000000000000011000000000000000000000000000000000000001100000000000000000
000000000000000011000000000000000000000000000000000000001100000000000000000
000000000000000011000000000000000000000000000000000000001100000000000000000
000000000000000011000000000000000000000000000000000000001100000000000000000
000000000000000011000000000000000000000000000000000000001100000000000000000
000000000000000011000000000000000000000000000000000000001100000000000000000
000000000000000011000000000000000000000000000000000000001100000000000000000
000000000000000011000000000000000000000000000000000000001100000000000000000
000000000000000011000000000000000000000000000000000000001100000000000000000
000000000000000011000000000000000000000000000000000000001100000000000000000
000000000000000011000000000000000000000000000000000000001100000000000000000
000000000000000011000000000000000000000000000000000000001100000000000000000
000000000000000011000000000000000000000000000000000000001100000000000000000
000000000000000011000000000000000000000000000000000000001100000000000000000
000000000000000011000000000000000000000000000000000000001100000000000000000
000000000000000011000000000000000000000000000000000000001100000000000000000
000000000000000011000000000000000000000000000000000000001100000000000000000
000000000000000011000000000000000000000000000000000000001100000000000000000
000000000000000011000000000000000000000000000000000000001100000000000000000
000000000000000011000000000000000000000000000000000000001100000000000000000
000000000000000011111111111111111111111111111111111111111100000000000000000
000000000000000011111111111111111111111111111111111111111100000000000000000
000000000000000000000000000000000000000000000000000000000000000000000000000
000000000000000000000000000000000000000000000000000000000000000000000000000
000000000000000000000000000000000000000000000000000000000000000000000000000
000000000000000000000000000000000000000000000000000000000000000000000000000
000000000000000000000000000000000000000000000000000000000000000000000000000
000000000000000000000000000000000000000000000000000000000000000000000000000
000000000000000000000000000000000000000000000000000000000000000000000000000
000000000000000000000000000000000000000000000000000000000000000000000000000
000000000000000000000000000000000000000000000000000000000000000000000000000
000000000000000000000000000000000000000000000000000000000000000000000000000
000000000000000000000000000000000000000000000000000000000000000000000000000
000000000000000000000000000000000000000000000000000000000000000000000000000
000000000000000000000000000000000000000000000000000000000000000000000000000
000000000000000000000000000000000000000000000000000000000000000000000000000
000000000000000000000000000000000000000000000000000000000000000000000000000
000000000000000000000000000000000000000000000000000000000000000000000000000
000000000000000000000000000000000000000000000000000000000000000000000000000
000000000000000000000000000000000000000000000000000000000000000000000000000
000000000000000000000000000000000000000000000000000000000000000000000000000
000000000000000000000000000000000000000000000000000000000000000000000000000
000000000000000000000000000000000000000000000000000000000000000000000000000
000000000000000000000000000000000000000000000000000000000000000000000000000
000000000000000000000000000000000000000000000000000000000000000000000000000
000000000000000000000000000000000000000000000000000000000000000000000000000
000000000000000000000000000000000000000000000000000000000000000000000000000

== SDRs ==
00001000000100100000000111001010
10101100010100000110000100000001
10011000010001000000000100100000
11100100010101100011000010001001
11011101000000011000001011000000
00000001010001101010101100101000
11011000000000110000000000011000
00000001001101100010100001010100
10001000000000000011101010111001
10101001010011000000011001110101
00001010001011010100000011000111
10011001100111000011001100010100
01000101111100000001010001010000
00110001110001011100000000101000
00000110110100000100001110000000
00100100000010100000010000000000
00000101101100100100100001010000
11001000101000011010010000000000
10001000100000100001001000010000
01101100001001000110100000101100
01110000010001010001000000000011
00001000010000000000100100001010
11010001010000110000101000100001
00110000110010111001000000000011
01001000000010001000110110001000
01001000001000001010001001000100
01011000100001010000100000100110
00000101111101011000011001000000
10000001000011100101010000001000
10000101100000110100101110011001
01100000100100010010010110010100
10000000000000000101000100101010

00001000000100100000000111001010
10101100010100000110000100000001
10011000010001000000000100100000
11100100010101100011000010001001
11011101000000011000001011000000
00000001010001101010101100101000
11011000000000110000000000011000
00000001001101100010100001010100
10001000000000000011101010111001
10101001010011000000011001110101
00001010001011010100000011000111
10011001100111000011001100010100
01000101111100000001010001010000
00110001110001011100000000101000
00000110110100000100001110000000
00100100000010100000010000000000
00000101101100100100100001010000
11001000101000011010010000000000
10001000100000100001001000010000
01101100001001000110100000101100
01110000010001010001000000000011
00001000010000000000100100001010
11010001010000110000101000100001
00110000110010111001000000000011
01001000000010001000110110001000
01001000001000001010001001000100
01011000100001010000100000100110
00000101111101011000011001000000
10000001000011100101010000001000
10000101100000110100101110011001
01100000100100010010010110010100
10000000000000000101000100101010

00001000000100100000000111001010
10101100010100000110000100000001
10011000010001000000000100100000
11100100010101100011000010001001
11011101000000011000001011000000
00000001010001101010101100101000
11011000000000110000000000011000
00000001001101100010100001010100
10001000000000000011101010111001
10101001010011000000011001110101
00001010001011010100000011000111
10011001100111000011001100010100
01000101111100000001010001010000
00110001110001011100000000101000
00000110110100000100001110000000
00100100000010100000010000000000
00000101101100100100100001010000
11001000101000011010010000000000
10001000100000100001001000010000
01101100001001000110100000101100
01110000010001010001000000000011
00001000010000000000100100001010
11010001010000110000101000100001
00110000110010111001000000000011
01001000000010001000110110001000
01001000001000001010001001000100
01011000100001010000100000100110
00000101111101011000011001000000
10000001000011100101010000001000
10000101100000110100101110011001
01100000100100010010010110010100
10000000000000000101000100101010

00000000100000000000001000000100
00000001010000110100001100001100
01100001000010110100100010000011
10000001000110000001100001000010
10101101001000110001000000000000
00010010100010001001000011100000
01000101010110110000010000001000
11000000000111000010001100011000
10001100110100000000100011010000
00000000000010010010000010010000
10001001000001101110000001101000
00010010001101000100011000010000
11001001101000100100101001010001
00000100000000010000110011001100
00000010110101001001001100010011
11010010100000110110010100000000
10000011010000000010110000000100
10010110100000100000001000010000
00000010100001001010010010100000
00101110001001010000011011100100
01010101100000000000100001000101
01101001000000001111001001101110
00000101000100000000001011001100
00000000001110101011000011000010
00100000010000000000000000110000
01011100100000000001010111010111
01001010100000100010000000001010
01001001111100001100000000010100
00000000110000011000000110000001
00000110010000010010100010010001
10101000110001101010000000000000
10100010010000000110100001011100

00000110100000100000010111010010
10100010000000011100101101000110
00000000011010000100000000010110
11100000010001100001001110000101
10100110000010000000000100010010
01101000100000001000010011110000
11000001100110000000000001000010
00000000100100010010001001010010
00001100100000011110100010001000
01000000010010000100100100010100
10000001001010101100000011100000
11000001100000010010010010010101
01001001001000100110101011010110
11001000110001000000000000111000
00100110110000011100000001010100
00101000100110110010000010000010
00100001110000000000010001000000
00111110100000100010001110001001
00011000000001001100000001100110
00110010001001101010010001101100
01100100100000010000001001101000
01011010101010001000001000001111
11000011011111100010000101001100
01000000010000001000010000001000
01100000001000100010001000000000
01001100100000000100101111110000
11000010000000010010111000011001
00000000100100001101010001000110
00000001011101110000000000010000
00010100000110000010010000000001
00000000010000110010000100000000
11000000010011001110010001010000

00001000000100100000000111001010
10101100010100000110000100000001
10011000010001000000000100100000
11100100010101100011000010001001
11011101000000011000001011000000
00000001010001101010101100101000
11011000000000110000000000011000
00000001001101100010100001010100
10001000000000000011101010111001
10101001010011000000011001110101
00001010001011010100000011000111
10011001100111000011001100010100
01000101111100000001010001010000
00110001110001011100000000101000
00000110110100000100001110000000
00100100000010100000010000000000
00000101101100100100100001010000
11001000101000011010010000000000
10001000100000100001001000010000
01101100001001000110100000101100
01110000010001010001000000000011
00001000010000000000100100001010
11010001010000110000101000100001
00110000110010111001000000000011
01001000000010001000110110001000
01001000001000001010001001000100
01011000100001010000100000100110
00000101111101011000011001000000
10000001000011100101010000001000
10000101100000110100101110011001
01100000100100010010010110010100
10000000000000000101000100101010

00001000010000100000000000010101
00001101000100011110000001000010
00100001001001000000000000011000
00000000011000110000000010011100
10000100000000010010100101000000
01001001100000000000100011110100
01101010000000000001101000100000
11001011100011000000101101000100
11010000101100000001100001101001
10000000010010010010100000011110
00000010000000001100000001000001
00010000100100110010011100010010
00000100011000100100000001000100
11000000001001011000101000111001
00000010011101000111001010111000
00100000001100110010010100000010
01001010110011000001000001000101
10011000000000011010010101000000
00111000000100001011001101110101
00101000001011011100001000101100
01000111100001001001011100101001
01011010100000000101001100001000
10001101001001100010111001000000
10010100000010001001010010000001
01001010000000000000000100010100
10010000100000000000100101010100
11000000001000110000000000001010
00000011000100000101110110011110
00000000001001000001000100000000
00000010010001010010000000001010
01000010100000100010000000001110
01100100010000000100010000100000

00001011101000011010100100001110
10000110100000000110000000000010
01011001010001000010101011000010
00000010000100000010000000000001
01100100000011010010000100100101
01010010000000101000010010010001
11001010100110111000010000010100
00101001100001100011000011000100
00000001100000001101100100101000
11000001000000100001010110010001
01000000001111000100000010000000
10010100111101000010110000010101
01000000111110001101101000000011
00001000101111000110001001100001
00010110011010010000000010010000
00101110001110000001010100001000
00000010110110001000001010010000
00110000100000000010000110001000
00010110010000100011110000000100
01001000101101000100101101001001
01000010010010000111111001000011
10010000000010000111001101101110
00000000010001110001000100001000
00101001110101010001001000000001
01100000000010001001000000001100
01111110000000000111001000110001
10001000100101000000010000001010
00010011100100001000001000000100
10000001000000001100000000000110
00000110000000001111101000010000
10100000100000010010010010000110
01000100011001100111000010001000

01000100001000100001000110000010
00000100100000010101001001001001
00000000001000100010000000011000
11100000010100100001011110000100
11100001010010001001000011000000
01001010100000000100010010110101
10000001100010101000001000000000
10000000001001000111100001000100
10001000100000001000110000001000
00010001010011000010100010000001
00000001101000001000000010100000
00000000010110000110111000110000
00000000000000001101011011000010
01100010000010010001000011100000
10100110100010101110000100100101
00101100000010110011011100000000
00001011100000000000000001001000
00010000010000100010001000000000
00100000100010000000000010000000
00101100111001001000000101001000
00100110100100101001001011000001
01000001000000010001100111001001
01010000001011000001001000000001
10000010001000101000100001001100
01000001000010110000011010001100
00001110110010000101100010010100
11101000100000000011100000010000
00000010000100000101000000011110
00010000000011011100000000010000
00000011100010001000000000010010
11101001000101110100000110000000
00000000010010101000000100000000

