== Attributes ==
title=5_const_circle_full
type= 2x2
result=2
window_size=(75, 75)

== Input ==
000000000000000000000000000000000000000000000000000000000000000000000000000
000000000000000000000000000000000000000000000000000000000000000000000000000
000000000000000000000000000000000000000000000000000000000000000000000000000
000000000000000000000000000000000000000000000000000000000000000000000000000
000000000000000000000000000000000000000000000000000000000000000000000000000
000000000000000000000000000000000000000000000000000000000000000000000000000
000000000000000000000000000000000000000000000000000000000000000000000000000
000000000000000000000000000000000000000000000000000000000000000000000000000
000000000000000000000000000000000000000000000000000000000000000000000000000
000000000000000000000000000000000000000000000000000000000000000000000000000
000000000000000000000000000000000000000000000000000000000000000000000000000
000000000000000000000000000000000000000000000000000000000000000000000000000
000000000000000000000000000000000000000000000000000000000000000000000000000
000000000000000000000000000000000000000000000000000000000000000000000000000
000000000000000000000000000000000000000000000000000000000000000000000000000
000000000000000000000000000000000000100000000000000000000000000000000000000
000000000000000000000000000000111111111111100000000000000000000000000000000
000000000000000000000000000011111111111111111000000000000000000000000000000
000000000000000000000000001111111111111111111110000000000000000000000000000
000000000000000000000000111111111111111111111111100000000000000000000000000
000000000000000000000001111111111111111111111111110000000000000000000000000
000000000000000000000011111111111111111111111111111000000000000000000000000
000000000000000000000111111111111111111111111111111100000000000000000000000
000000000000000000001111111111111111111111111111111110000000000000000000000
000000000000000000011111111111111111111111111111111111000000000000000000000
000000000000000000011111111111111111111111111111111111000000000000000000000
000000000000000000111111111111111111111111111111111111100000000000000000000
000000000000000000111111111111111111111111111111111111100000000000000000000
000000000000000001111111111111111111111111111111111111110000000000000000000
000000000000000001111111111111111111111111111111111111110000000000000000000
000000000000000011111111111111111111111111111111111111111000000000000000000
000000000000000011111111111111111111111111111111111111111000000000000000000
000000000000000011111111111111111111111111111111111111111000000000000000000
000000000000000011111111111111111111111111111111111111111000000000000000000
000000000000000011111111111111111111111111111111111111111000000000000000000
000000000000000011111111111111111111111111111111111111111000000000000000000
000000000000000111111111111111111111111111111111111111111100000000000000000
000000000000000011111111111111111111111111111111111111111000000000000000000
000000000000000011111111111111111111111111111111111111111000000000000000000
000000000000000011111111111111111111111111111111111111111000000000000000000
000000000000000011111111111111111111111111111111111111111000000000000000000
000000000000000011111111111111111111111111111111111111111000000000000000000
000000000000000011111111111111111111111111111111111111111000000000000000000
000000000000000001111111111111111111111111111111111111110000000000000000000
000000000000000001111111111111111111111111111111111111110000000000000000000
000000000000000000111111111111111111111111111111111111100000000000000000000
000000000000000000111111111111111111111111111111111111100000000000000000000
000000000000000000011111111111111111111111111111111111000000000000000000000
000000000000000000011111111111111111111111111111111111000000000000000000000
000000000000000000001111111111111111111111111111111110000000000000000000000
000000000000000000000111111111111111111111111111111100000000000000000000000
000000000000000000000011111111111111111111111111111000000000000000000000000
000000000000000000000001111111111111111111111111110000000000000000000000000
000000000000000000000000111111111111111111111111100000000000000000000000000
000000000000000000000000001111111111111111111110000000000000000000000000000
000000000000000000000000000011111111111111111000000000000000000000000000000
000000000000000000000000000000111111111111100000000000000000000000000000000
000000000000000000000000000000000000100000000000000000000000000000000000000
000000000000000000000000000000000000000000000000000000000000000000000000000
000000000000000000000000000000000000000000000000000000000000000000000000000
000000000000000000000000000000000000000000000000000000000000000000000000000
000000000000000000000000000000000000000000000000000000000000000000000000000
000000000000000000000000000000000000000000000000000000000000000000000000000
000000000000000000000000000000000000000000000000000000000000000000000000000
000000000000000000000000000000000000000000000000000000000000000000000000000
000000000000000000000000000000000000000000000000000000000000000000000000000
000000000000000000000000000000000000000000000000000000000000000000000000000
000000000000000000000000000000000000000000000000000000000000000000000000000
000000000000000000000000000000000000000000000000000000000000000000000000000
000000000000000000000000000000000000000000000000000000000000000000000000000
000000000000000000000000000000000000000000000000000000000000000000000000000
000000000000000000000000000000000000000000000000000000000000000000000000000
000000000000000000000000000000000000000000000000000000000000000000000000000
000000000000000000000000000000000000000000000000000000000000000000000000000
000000000000000000000000000000000000000000000000000000000000000000000000000

000000000000000000000000000000000000000000000000000000000000000000000000000
000000000000000000000000000000000000000000000000000000000000000000000000000
000000000000000000000000000000000000000000000000000000000000000000000000000
000000000000000000000000000000000000000000000000000000000000000000000000000
000000000000000000000000000000000000000000000000000000000000000000000000000
000000000000000000000000000000000000000000000000000000000000000000000000000
000000000000000000000000000000000000000000000000000000000000000000000000000
000000000000000000000000000000000000000000000000000000000000000000000000000
000000000000000000000000000000000000000000000000000000000000000000000000000
000000000000000000000000000000000000000000000000000000000000000000000000000
000000000000000000000000000000000000000000000000000000000000000000000000000
000000000000000000000000000000000000000000000000000000000000000000000000000
000000000000000000000000000000000000000000000000000000000000000000000000000
000000000000000000000000000000000000000000000000000000000000000000000000000
000000000000000000000000000000000000000000000000000000000000000000000000000
000000000000000000000000000000000000100000000000000000000000000000000000000
000000000000000000000000000000111111111111100000000000000000000000000000000
000000000000000000000000000011111111111111111000000000000000000000000000000
000000000000000000000000001111111111111111111110000000000000000000000000000
000000000000000000000000111111111111111111111111100000000000000000000000000
000000000000000000000001111111111111111111111111110000000000000000000000000
000000000000000000000011111111111111111111111111111000000000000000000000000
000000000000000000000111111111111111111111111111111100000000000000000000000
000000000000000000001111111111111111111111111111111110000000000000000000000
000000000000000000011111111111111111111111111111111111000000000000000000000
000000000000000000011111111111111111111111111111111111000000000000000000000
000000000000000000111111111111111111111111111111111111100000000000000000000
000000000000000000111111111111111111111111111111111111100000000000000000000
000000000000000001111111111111111111111111111111111111110000000000000000000
000000000000000001111111111111111111111111111111111111110000000000000000000
000000000000000011111111111111111111111111111111111111111000000000000000000
000000000000000011111111111111111111111111111111111111111000000000000000000
000000000000000011111111111111111111111111111111111111111000000000000000000
000000000000000011111111111111111111111111111111111111111000000000000000000
000000000000000011111111111111111111111111111111111111111000000000000000000
000000000000000011111111111111111111111111111111111111111000000000000000000
000000000000000111111111111111111111111111111111111111111100000000000000000
000000000000000011111111111111111111111111111111111111111000000000000000000
000000000000000011111111111111111111111111111111111111111000000000000000000
000000000000000011111111111111111111111111111111111111111000000000000000000
000000000000000011111111111111111111111111111111111111111000000000000000000
000000000000000011111111111111111111111111111111111111111000000000000000000
000000000000000011111111111111111111111111111111111111111000000000000000000
000000000000000001111111111111111111111111111111111111110000000000000000000
000000000000000001111111111111111111111111111111111111110000000000000000000
000000000000000000111111111111111111111111111111111111100000000000000000000
000000000000000000111111111111111111111111111111111111100000000000000000000
000000000000000000011111111111111111111111111111111111000000000000000000000
000000000000000000011111111111111111111111111111111111000000000000000000000
000000000000000000001111111111111111111111111111111110000000000000000000000
000000000000000000000111111111111111111111111111111100000000000000000000000
000000000000000000000011111111111111111111111111111000000000000000000000000
000000000000000000000001111111111111111111111111110000000000000000000000000
000000000000000000000000111111111111111111111111100000000000000000000000000
000000000000000000000000001111111111111111111110000000000000000000000000000
000000000000000000000000000011111111111111111000000000000000000000000000000
000000000000000000000000000000111111111111100000000000000000000000000000000
000000000000000000000000000000000000100000000000000000000000000000000000000
000000000000000000000000000000000000000000000000000000000000000000000000000
000000000000000000000000000000000000000000000000000000000000000000000000000
000000000000000000000000000000000000000000000000000000000000000000000000000
000000000000000000000000000000000000000000000000000000000000000000000000000
000000000000000000000000000000000000000000000000000000000000000000000000000
000000000000000000000000000000000000000000000000000000000000000000000000000
000000000000000000000000000000000000000000000000000000000000000000000000000
000000000000000000000000000000000000000000000000000000000000000000000000000
000000000000000000000000000000000000000000000000000000000000000000000000000
000000000000000000000000000000000000000000000000000000000000000000000000000
000000000000000000000000000000000000000000000000000000000000000000000000000
000000000000000000000000000000000000000000000000000000000000000000000000000
000000000000000000000000000000000000000000000000000000000000000000000000000
000000000000000000000000000000000000000000000000000000000000000000000000000
000000000000000000000000000000000000000000000000000000000000000000000000000
000000000000000000000000000000000000000000000000000000000000000000000000000
000000000000000000000000000000000000000000000000000000000000000000000000000

000000000000000000000000000000000000000000000000000000000000000000000000000
000000000000000000000000000000000000000000000000000000000000000000000000000
000000000000000000000000000000000000000000000000000000000000000000000000000
000000000000000000000000000000000000000000000000000000000000000000000000000
000000000000000000000000000000000000000000000000000000000000000000000000000
000000000000000000000000000000000000000000000000000000000000000000000000000
000000000000000000000000000000000000000000000000000000000000000000000000000
000000000000000000000000000000000000000000000000000000000000000000000000000
000000000000000000000000000000000000000000000000000000000000000000000000000
000000000000000000000000000000000000000000000000000000000000000000000000000
000000000000000000000000000000000000000000000000000000000000000000000000000
000000000000000000000000000000000000000000000000000000000000000000000000000
000000000000000000000000000000000000000000000000000000000000000000000000000
000000000000000000000000000000000000000000000000000000000000000000000000000
000000000000000000000000000000000000000000000000000000000000000000000000000
000000000000000000000000000000000000100000000000000000000000000000000000000
000000000000000000000000000000111111111111100000000000000000000000000000000
000000000000000000000000000011111111111111111000000000000000000000000000000
000000000000000000000000001111111111111111111110000000000000000000000000000
000000000000000000000000111111111111111111111111100000000000000000000000000
000000000000000000000001111111111111111111111111110000000000000000000000000
000000000000000000000011111111111111111111111111111000000000000000000000000
000000000000000000000111111111111111111111111111111100000000000000000000000
000000000000000000001111111111111111111111111111111110000000000000000000000
000000000000000000011111111111111111111111111111111111000000000000000000000
000000000000000000011111111111111111111111111111111111000000000000000000000
000000000000000000111111111111111111111111111111111111100000000000000000000
000000000000000000111111111111111111111111111111111111100000000000000000000
000000000000000001111111111111111111111111111111111111110000000000000000000
000000000000000001111111111111111111111111111111111111110000000000000000000
000000000000000011111111111111111111111111111111111111111000000000000000000
000000000000000011111111111111111111111111111111111111111000000000000000000
000000000000000011111111111111111111111111111111111111111000000000000000000
000000000000000011111111111111111111111111111111111111111000000000000000000
000000000000000011111111111111111111111111111111111111111000000000000000000
000000000000000011111111111111111111111111111111111111111000000000000000000
000000000000000111111111111111111111111111111111111111111100000000000000000
000000000000000011111111111111111111111111111111111111111000000000000000000
000000000000000011111111111111111111111111111111111111111000000000000000000
000000000000000011111111111111111111111111111111111111111000000000000000000
000000000000000011111111111111111111111111111111111111111000000000000000000
000000000000000011111111111111111111111111111111111111111000000000000000000
000000000000000011111111111111111111111111111111111111111000000000000000000
000000000000000001111111111111111111111111111111111111110000000000000000000
000000000000000001111111111111111111111111111111111111110000000000000000000
000000000000000000111111111111111111111111111111111111100000000000000000000
000000000000000000111111111111111111111111111111111111100000000000000000000
000000000000000000011111111111111111111111111111111111000000000000000000000
000000000000000000011111111111111111111111111111111111000000000000000000000
000000000000000000001111111111111111111111111111111110000000000000000000000
000000000000000000000111111111111111111111111111111100000000000000000000000
000000000000000000000011111111111111111111111111111000000000000000000000000
000000000000000000000001111111111111111111111111110000000000000000000000000
000000000000000000000000111111111111111111111111100000000000000000000000000
000000000000000000000000001111111111111111111110000000000000000000000000000
000000000000000000000000000011111111111111111000000000000000000000000000000
000000000000000000000000000000111111111111100000000000000000000000000000000
000000000000000000000000000000000000100000000000000000000000000000000000000
000000000000000000000000000000000000000000000000000000000000000000000000000
000000000000000000000000000000000000000000000000000000000000000000000000000
000000000000000000000000000000000000000000000000000000000000000000000000000
000000000000000000000000000000000000000000000000000000000000000000000000000
000000000000000000000000000000000000000000000000000000000000000000000000000
000000000000000000000000000000000000000000000000000000000000000000000000000
000000000000000000000000000000000000000000000000000000000000000000000000000
000000000000000000000000000000000000000000000000000000000000000000000000000
000000000000000000000000000000000000000000000000000000000000000000000000000
000000000000000000000000000000000000000000000000000000000000000000000000000
000000000000000000000000000000000000000000000000000000000000000000000000000
000000000000000000000000000000000000000000000000000000000000000000000000000
000000000000000000000000000000000000000000000000000000000000000000000000000
000000000000000000000000000000000000000000000000000000000000000000000000000
000000000000000000000000000000000000000000000000000000000000000000000000000
000000000000000000000000000000000000000000000000000000000000000000000000000
000000000000000000000000000000000000000000000000000000000000000000000000000

== Output ==
000000000000000000000000000000000000000000000000000000000000000000000000000
000000000000000000000000000000000000000000000000000000000000000000000000000
000000000000000000000000000000000000000000000000000000000000000000000000000
000000000000000000000000000000000000000000000000000000000000000000000000000
000000000000000000000000000000000000000000000000000000000000000000000000000
000000000000000000000000000000000000000000000000000000000000000000000000000
000000000000000000000000000000000000000000000000000000000000000000000000000
000000000000000000000000000000000000000000000000000000000000000000000000000
000000000000000000000000000000000000000000000000000000000000000000000000000
000000000000000000000000000000000000000000000000000000000000000000000000000
000000000000000000000000000000000000000000000000000000000000000000000000000
000000000000000000000000000000000000000000000000000000000000000000000000000
000000000000000000000000000000000000000000000000000000000000000000000000000
000000000000000000000000000000000000000000000000000000000000000000000000000
000000000000000000000000000000000000000000000000000000000000000000000000000
000000000000000000000000000000000000000000000000000000000000000000000000000
000000000000000000000000000000000000000000000000000000000000000000000000000
000000000000000000000000000000000000000000000000000000000000000000000000000
000000000000000000000000000000000000000000000000000000000000000000000000000
000000000000000000000000000000000000000000000000000000000000000000000000000
000000000000000000001111111111111111111111111111111111000000000000000000000
000000000000000000001111111111111111111111111111111111000000000000000000000
000000000000000000001111111111111111111111111111111111000000000000000000000
000000000000000000001111111111111111111111111111111111000000000000000000000
000000000000000000001111111111111111111111111111111111000000000000000000000
000000000000000000001111111111111111111111111111111111000000000000000000000
000000000000000000001111111111111111111111111111111111000000000000000000000
000000000000000000001111111111111111111111111111111111000000000000000000000
000000000000000000001111111111111111111111111111111111000000000000000000000
000000000000000000001111111111111111111111111111111111000000000000000000000
000000000000000000001111111111111111111111111111111111000000000000000000000
000000000000000000001111111111111111111111111111111111000000000000000000000
000000000000000000001111111111111111111111111111111111000000000000000000000
000000000000000000001111111111111111111111111111111111000000000000000000000
000000000000000000001111111111111111111111111111111111000000000000000000000
000000000000000000001111111111111111111111111111111111000000000000000000000
000000000000000000001111111111111111111111111111111111000000000000000000000
000000000000000000001111111111111111111111111111111111000000000000000000000
000000000000000000001111111111111111111111111111111111000000000000000000000
000000000000000000001111111111111111111111111111111111000000000000000000000
000000000000000000001111111111111111111111111111111111000000000000000000000
000000000000000000001111111111111111111111111111111111000000000000000000000
000000000000000000001111111111111111111111111111111111000000000000000000000
000000000000000000001111111111111111111111111111111111000000000000000000000
000000000000000000001111111111111111111111111111111111000000000000000000000
000000000000000000001111111111111111111111111111111111000000000000000000000
000000000000000000001111111111111111111111111111111111000000000000000000000
000000000000000000001111111111111111111111111111111111000000000000000000000
000000000000000000001111111111111111111111111111111111000000000000000000000
000000000000000000001111111111111111111111111111111111000000000000000000000
000000000000000000001111111111111111111111111111111111000000000000000000000
000000000000000000001111111111111111111111111111111111000000000000000000000
000000000000000000001111111111111111111111111111111111000000000000000000000
000000000000000000001111111111111111111111111111111111000000000000000000000
000000000000000000000000000000000000000000000000000000000000000000000000000
000000000000000000000000000000000000000000000000000000000000000000000000000
000000000000000000000000000000000000000000000000000000000000000000000000000
000000000000000000000000000000000000000000000000000000000000000000000000000
000000000000000000000000000000000000000000000000000000000000000000000000000
000000000000000000000000000000000000000000000000000000000000000000000000000
000000000000000000000000000000000000000000000000000000000000000000000000000
000000000000000000000000000000000000000000000000000000000000000000000000000
000000000000000000000000000000000000000000000000000000000000000000000000000
000000000000000000000000000000000000000000000000000000000000000000000000000
000000000000000000000000000000000000000000000000000000000000000000000000000
000000000000000000000000000000000000000000000000000000000000000000000000000
000000000000000000000000000000000000000000000000000000000000000000000000000
000000000000000000000000000000000000000000000000000000000000000000000000000
000000000000000000000000000000000000000000000000000000000000000000000000000
000000000000000000000000000000000000000000000000000000000000000000000000000
000000000000000000000000000000000000000000000000000000000000000000000000000
000000000000000000000000000000000000000000000000000000000000000000000000000
000000000000000000000000000000000000000000000000000000000000000000000000000
000000000000000000000000000000000000000000000000000000000000000000000000000
000000000000000000000000000000000000000000000000000000000000000000000000000

000000000000000000000000000000000000000000000000000000000000000000000000000
000000000000000000000000000000000000000000000000000000000000000000000000000
000000000000000000000000000000000000000000000000000000000000000000000000000
000000000000000000000000000000000000000000000000000000000000000000000000000
000000000000000000000000000000000000000000000000000000000000000000000000000
000000000000000000000000000000000000000000000000000000000000000000000000000
000000000000000000000000000000000000000000000000000000000000000000000000000
000000000000000000000000000000000000000000000000000000000000000000000000000
000000000000000000000000000000000000000000000000000000000000000000000000000
000000000000000000000000000000000000000000000000000000000000000000000000000
000000000000000000000000000000000000000000000000000000000000000000000000000
000000000000000000000000000000000000000000000000000000000000000000000000000
000000000000000000000000000000000000000000000000000000000000000000000000000
000000000000000000000000000000000000000000000000000000000000000000000000000
000000000000000000000000000000000000000000000000000000000000000000000000000
000000000000000000000000000000000000100000000000000000000000000000000000000
000000000000000000000000000000111111111111100000000000000000000000000000000
000000000000000000000000000011111111111111111000000000000000000000000000000
000000000000000000000000001111111111111111111110000000000000000000000000000
000000000000000000000000111111111111111111111111100000000000000000000000000
000000000000000000000001111111111111111111111111110000000000000000000000000
000000000000000000000011111111111111111111111111111000000000000000000000000
000000000000000000000111111111111111111111111111111100000000000000000000000
000000000000000000001111111111111111111111111111111110000000000000000000000
000000000000000000011111111111111111111111111111111111000000000000000000000
000000000000000000011111111111111111111111111111111111000000000000000000000
000000000000000000111111111111111111111111111111111111100000000000000000000
000000000000000000111111111111111111111111111111111111100000000000000000000
000000000000000001111111111111111111111111111111111111110000000000000000000
000000000000000001111111111111111111111111111111111111110000000000000000000
000000000000000011111111111111111111111111111111111111111000000000000000000
000000000000000011111111111111111111111111111111111111111000000000000000000
000000000000000011111111111111111111111111111111111111111000000000000000000
000000000000000011111111111111111111111111111111111111111000000000000000000
000000000000000011111111111111111111111111111111111111111000000000000000000
000000000000000011111111111111111111111111111111111111111000000000000000000
000000000000000111111111111111111111111111111111111111111100000000000000000
000000000000000011111111111111111111111111111111111111111000000000000000000
000000000000000011111111111111111111111111111111111111111000000000000000000
000000000000000011111111111111111111111111111111111111111000000000000000000
000000000000000011111111111111111111111111111111111111111000000000000000000
000000000000000011111111111111111111111111111111111111111000000000000000000
000000000000000011111111111111111111111111111111111111111000000000000000000
000000000000000001111111111111111111111111111111111111110000000000000000000
000000000000000001111111111111111111111111111111111111110000000000000000000
000000000000000000111111111111111111111111111111111111100000000000000000000
000000000000000000111111111111111111111111111111111111100000000000000000000
000000000000000000011111111111111111111111111111111111000000000000000000000
000000000000000000011111111111111111111111111111111111000000000000000000000
000000000000000000001111111111111111111111111111111110000000000000000000000
000000000000000000000111111111111111111111111111111100000000000000000000000
000000000000000000000011111111111111111111111111111000000000000000000000000
000000000000000000000001111111111111111111111111110000000000000000000000000
000000000000000000000000111111111111111111111111100000000000000000000000000
000000000000000000000000001111111111111111111110000000000000000000000000000
000000000000000000000000000011111111111111111000000000000000000000000000000
000000000000000000000000000000111111111111100000000000000000000000000000000
000000000000000000000000000000000000100000000000000000000000000000000000000
000000000000000000000000000000000000000000000000000000000000000000000000000
000000000000000000000000000000000000000000000000000000000000000000000000000
000000000000000000000000000000000000000000000000000000000000000000000000000
000000000000000000000000000000000000000000000000000000000000000000000000000
000000000000000000000000000000000000000000000000000000000000000000000000000
000000000000000000000000000000000000000000000000000000000000000000000000000
000000000000000000000000000000000000000000000000000000000000000000000000000
000000000000000000000000000000000000000000000000000000000000000000000000000
000000000000000000000000000000000000000000000000000000000000000000000000000
000000000000000000000000000000000000000000000000000000000000000000000000000
000000000000000000000000000000000000000000000000000000000000000000000000000
000000000000000000000000000000000000000000000000000000000000000000000000000
000000000000000000000000000000000000000000000000000000000000000000000000000
000000000000000000000000000000000000000000000000000000000000000000000000000
000000000000000000000000000000000000000000000000000000000000000000000000000
000000000000000000000000000000000000000000000000000000000000000000000000000
000000000000000000000000000000000000000000000000000000000000000000000000000

000000000000000000000000000000000000000000000000000000000000000000000000000
000000000000000000000000000000000000000000000000000000000000000000000000000
000000000000000000000000000000000000000000000000000000000000000000000000000
000000000000000000000000000000000000000000000000000000000000000000000000000
000000000000000000000000000000000000000000000000000000000000000000000000000
000000000000000000000000000000000000000000000000000000000000000000000000000
000000000000000000000000000000000000000000000000000000000000000000000000000
000000000000000000000000000000000000000000000000000000000000000000000000000
000000000000000000000000000000000000000000000000000000000000000000000000000
000000000000000000000000000000000000000000000000000000000000000000000000000
000000000000000000000000000000000000000000000000000000000000000000000000000
000000000000000000000000000000000000000000000000000000000000000000000000000
000000000000000000000000000000000000000000000000000000000000000000000000000
000000000000000000000000000000000000000000000000000000000000000000000000000
000000000000000000000000000000000000000000000000000000000000000000000000000
000000000000000000000000000000000000000000000000000000000000000000000000000
000000000000000000000000000000000000000000000000000000000000000000000000000
000000000000000000000000000000000000000000000000000000000000000000000000000
000000000000000000000000000000000000000000000000000000000000000000000000000
000000000000000000000000000000000000000000000000000000000000000000000000000
000000000000000000000000000000000000000000000000000000000000000000000000000
000000000000000000000000000000000000000000000000000000000000000000000000000
000000000000000000000000000000000000000000000000000000000000000000000000000
000000000000000000000000000000000000000000000000000000000000000000000000000
000000000000000000000000000000000000000000000000000000000000000000000000000
000000000000000000000000000000000000000000000000000000000000000000000000000
000000000000000000000000000000000000110000000000000000000000000000000000000
000000000000000000000000000000000001111000000000000000000000000000000000000
000000000000000000000000000000000011111100000000000000000000000000000000000
000000000000000000000000000000000111111110000000000000000000000000000000000
000000000000000000000000000000001111111111000000000000000000000000000000000
000000000000000000000000000000011111111111100000000000000000000000000000000
000000000000000000000000000000111111111111110000000000000000000000000000000
000000000000000000000000000001111111111111111000000000000000000000000000000
000000000000000000000000000011111111111111111100000000000000000000000000000
000000000000000000000000000111111111111111111110000000000000000000000000000
000000000000000000000000001111111111111111111111000000000000000000000000000
000000000000000000000000011111111111111111111111100000000000000000000000000
000000000000000000000000111111111111111111111111110000000000000000000000000
000000000000000000000001111111111111111111111111111000000000000000000000000
000000000000000000000011111111111111111111111111111100000000000000000000000
000000000000000000000111111111111111111111111111111110000000000000000000000
000000000000000000001111111111111111111111111111111111000000000000000000000
000000000000000000011111111111111111111111111111111111100000000000000000000
000000000000000000111111111111111111111111111111111111110000000000000000000
000000000000000001111111111111111111111111111111111111111000000000000000000
000000000000000011111111111111111111111111111111111111111100000000000000000
000000000000000111111111111111111111111111111111111111111110000000000000000
000000000000000000000000000000000000000000000000000000000000000000000000000
000000000000000000000000000000000000000000000000000000000000000000000000000
000000000000000000000000000000000000000000000000000000000000000000000000000
000000000000000000000000000000000000000000000000000000000000000000000000000
000000000000000000000000000000000000000000000000000000000000000000000000000
000000000000000000000000000000000000000000000000000000000000000000000000000
000000000000000000000000000000000000000000000000000000000000000000000000000
000000000000000000000000000000000000000000000000000000000000000000000000000
000000000000000000000000000000000000000000000000000000000000000000000000000
000000000000000000000000000000000000000000000000000000000000000000000000000
000000000000000000000000000000000000000000000000000000000000000000000000000
000000000000000000000000000000000000000000000000000000000000000000000000000
000000000000000000000000000000000000000000000000000000000000000000000000000
000000000000000000000000000000000000000000000000000000000000000000000000000
000000000000000000000000000000000000000000000000000000000000000000000000000
000000000000000000000000000000000000000000000000000000000000000000000000000
000000000000000000000000000000000000000000000000000000000000000000000000000
000000000000000000000000000000000000000000000000000000000000000000000000000
000000000000000000000000000000000000000000000000000000000000000000000000000
000000000000000000000000000000000000000000000000000000000000000000000000000
000000000000000000000000000000000000000000000000000000000000000000000000000
000000000000000000000000000000000000000000000000000000000000000000000000000
000000000000000000000000000000000000000000000000000000000000000000000000000
000000000000000000000000000000000000000000000000000000000000000000000000000
000000000000000000000000000000000000000000000000000000000000000000000000000
000000000000000000000000000000000000000000000000000000000000000000000000000
000000000000000000000000000000000000000000000000000000000000000000000000000

000000000000000000000000000000000000000000000000000000000000000000000000000
000000000000000000000000000000000000000000000000000000000000000000000000000
000000000000000000000000000000000000000000000000000000000000000000000000000
000000000000000000000000000000000000000000000000000000000000000000000000000
000000000000000000000000000000000000000000000000000000000000000000000000000
000000000000000000000000000000000000000000000000000000000000000000000000000
000000000000000000000000000000000000000000000000000000000000000000000000000
000000000000000000000000000000000000000000000000000000000000000000000000000
000000000000000000000000000000000000000000000000000000000000000000000000000
000000000000000000000000000000000000000000000000000000000000000000000000000
000000000000000000000000000000000000000000000000000000000000000000000000000
000000000000000000000000000000000000000000000000000000000000000000000000000
000000000000000000000000000000000000000000000000000000000000000000000000000
000000000000000000000000000000000000000000000000000000000000000000000000000
000000000000000000000000000000000000000000000000000000000000000000000000000
000000000000000000000000000000000000000000000000000000000000000000000000000
000000000000000000000000111111111111111111111111110000000000000000000000000
000000000000000000000000111111111111111111111111110000000000000000000000000
000000000000000000000000111111111111111111111111110000000000000000000000000
000000000000000000000000111111111111111111111111110000000000000000000000000
000000000000000000000000111111111111111111111111110000000000000000000000000
000000000000000000000000111111111111111111111111110000000000000000000000000
000000000000000000000000111111111111111111111111110000000000000000000000000
000000000000000000000000111111111111111111111111110000000000000000000000000
000000000000000000000000111111111111111111111111110000000000000000000000000
000000000000000000000000111111111111111111111111110000000000000000000000000
000000000000000000000000111111111111111111111111110000000000000000000000000
000000000000000000000000111111111111111111111111110000000000000000000000000
000000000000000000000000111111111111111111111111110000000000000000000000000
000000000000000000000000111111111111111111111111110000000000000000000000000
000000000000000000000000111111111111111111111111110000000000000000000000000
000000000000000000000000111111111111111111111111110000000000000000000000000
000000000000000000000000111111111111111111111111110000000000000000000000000
000000000000000000000000111111111111111111111111110000000000000000000000000
000000000000000000000000111111111111111111111111110000000000000000000000000
000000000000000000000000111111111111111111111111110000000000000000000000000
000000000000000000000000111111111111111111111111110000000000000000000000000
000000000000000000000000111111111111111111111111110000000000000000000000000
000000000000000000000000111111111111111111111111110000000000000000000000000
000000000000000000000000111111111111111111111111110000000000000000000000000
000000000000000000000000111111111111111111111111110000000000000000000000000
000000000000000000000000111111111111111111111111110000000000000000000000000
000000000000000000000000111111111111111111111111110000000000000000000000000
000000000000000000000000111111111111111111111111110000000000000000000000000
000000000000000000000000111111111111111111111111110000000000000000000000000
000000000000000000000000111111111111111111111111110000000000000000000000000
000000000000000000000000111111111111111111111111110000000000000000000000000
000000000000000000000000111111111111111111111111110000000000000000000000000
000000000000000000000000111111111111111111111111110000000000000000000000000
000000000000000000000000111111111111111111111111110000000000000000000000000
000000000000000000000000111111111111111111111111110000000000000000000000000
000000000000000000000000111111111111111111111111110000000000000000000000000
000000000000000000000000111111111111111111111111110000000000000000000000000
000000000000000000000000111111111111111111111111110000000000000000000000000
000000000000000000000000111111111111111111111111110000000000000000000000000
000000000000000000000000111111111111111111111111110000000000000000000000000
000000000000000000000000111111111111111111111111110000000000000000000000000
000000000000000000000000111111111111111111111111110000000000000000000000000
000000000000000000000000000000000000000000000000000000000000000000000000000
000000000000000000000000000000000000000000000000000000000000000000000000000
000000000000000000000000000000000000000000000000000000000000000000000000000
000000000000000000000000000000000000000000000000000000000000000000000000000
000000000000000000000000000000000000000000000000000000000000000000000000000
000000000000000000000000000000000000000000000000000000000000000000000000000
000000000000000000000000000000000000000000000000000000000000000000000000000
000000000000000000000000000000000000000000000000000000000000000000000000000
000000000000000000000000000000000000000000000000000000000000000000000000000
000000000000000000000000000000000000000000000000000000000000000000000000000
000000000000000000000000000000000000000000000000000000000000000000000000000
000000000000000000000000000000000000000000000000000000000000000000000000000
000000000000000000000000000000000000000000000000000000000000000000000000000
000000000000000000000000000000000000000000000000000000000000000000000000000
000000000000000000000000000000000000000000000000000000000000000000000000000
000000000000000000000000000000000000000000000000000000000000000000000000000
000000000000000000000000000000000000000000000000000000000000000000000000000

000000000000000000000000000000000000000000000000000000000000000000000000000
000000000000000000000000000000000000000000000000000000000000000000000000000
000000000000000000000000000000000000000000000000000000000000000000000000000
000000000000000000000000000000000000000000000000000000000000000000000000000
000000000000000000000000000000000000000000000000000000000000000000000000000
000000000000000000000000000000000000000000000000000000000000000000000000000
000000000000000000000000000000000000000000000000000000000000000000000000000
000000000000000000000000000000000000000000000000000000000000000000000000000
000000000000000000000000000000000000000000000000000000000000000000000000000
000000000000000000000000000000000000000000000000000000000000000000000000000
000000000000000000000000000000000000000000000000000000000000000000000000000
000000000000000000000000000000000000000000000000000000000000000000000000000
000000000000000000000000000000000000000000000000000000000000000000000000000
000000000000000000000000000000000000000000000000000000000000000000000000000
000000000000000000000000000000000000000000000000000000000000000000000000000
000000000000000000000000000000000000000000000000000000000000000000000000000
000000000000000000000000000000000000000000000000000000000000000000000000000
000000000000000000000000000000000000000000000000000000000000000000000000000
000000000000000000000000000000000000000000000000000000000000000000000000000
000000000000000000000000000000000000000000000000000000000000000000000000000
000000000000000000000000000000000000000000000000000000000000000000000000000
000000000000000000000000000000000000000000000000000000000000000000000000000
000000000000000000000000000000000000000000000000000000000000000000000000000
000000000000000000000000000000000000000000000000000000000000000000000000000
000000000000000000000000000000000000000000000000000000000000000000000000000
000000000000000000000000000000000000000000000000000000000000000000000000000
000000000000000111111111111111111111111111111111111111111110000000000000000
000000000000000011111111111111111111111111111111111111111100000000000000000
000000000000000001111111111111111111111111111111111111111000000000000000000
000000000000000000111111111111111111111111111111111111110000000000000000000
000000000000000000011111111111111111111111111111111111100000000000000000000
000000000000000000001111111111111111111111111111111111000000000000000000000
000000000000000000000111111111111111111111111111111110000000000000000000000
000000000000000000000011111111111111111111111111111100000000000000000000000
000000000000000000000001111111111111111111111111111000000000000000000000000
000000000000000000000000111111111111111111111111110000000000000000000000000
000000000000000000000000011111111111111111111111100000000000000000000000000
000000000000000000000000001111111111111111111111000000000000000000000000000
000000000000000000000000000111111111111111111110000000000000000000000000000
000000000000000000000000000011111111111111111100000000000000000000000000000
000000000000000000000000000001111111111111111000000000000000000000000000000
000000000000000000000000000000111111111111110000000000000000000000000000000
000000000000000000000000000000011111111111100000000000000000000000000000000
000000000000000000000000000000001111111111000000000000000000000000000000000
000000000000000000000000000000000111111110000000000000000000000000000000000
000000000000000000000000000000000011111100000000000000000000000000000000000
000000000000000000000000000000000001111000000000000000000000000000000000000
000000000000000000000000000000000000110000000000000000000000000000000000000
000000000000000000000000000000000000000000000000000000000000000000000000000
000000000000000000000000000000000000000000000000000000000000000000000000000
000000000000000000000000000000000000000000000000000000000000000000000000000
000000000000000000000000000000000000000000000000000000000000000000000000000
000000000000000000000000000000000000000000000000000000000000000000000000000
000000000000000000000000000000000000000000000000000000000000000000000000000
000000000000000000000000000000000000000000000000000000000000000000000000000
000000000000000000000000000000000000000000000000000000000000000000000000000
000000000000000000000000000000000000000000000000000000000000000000000000000
000000000000000000000000000000000000000000000000000000000000000000000000000
000000000000000000000000000000000000000000000000000000000000000000000000000
000000000000000000000000000000000000000000000000000000000000000000000000000
000000000000000000000000000000000000000000000000000000000000000000000000000
000000000000000000000000000000000000000000000000000000000000000000000000000
000000000000000000000000000000000000000000000000000000000000000000000000000
000000000000000000000000000000000000000000000000000000000000000000000000000
000000000000000000000000000000000000000000000000000000000000000000000000000
000000000000000000000000000000000000000000000000000000000000000000000000000
000000000000000000000000000000000000000000000000000000000000000000000000000
000000000000000000000000000000000000000000000000000000000000000000000000000
000000000000000000000000000000000000000000000000000000000000000000000000000
000000000000000000000000000000000000000000000000000000000000000000000000000
000000000000000000000000000000000000000000000000000000000000000000000000000
000000000000000000000000000000000000000000000000000000000000000000000000000
000000000000000000000000000000000000000000000000000000000000000000000000000
000000000000000000000000000000000000000000000000000000000000000000000000000
000000000000000000000000000000000000000000000000000000000000000000000000000

000000000000000000000000000000000000000000000000000000000000000000000000000
000000000000000000000000000000000000000000000000000000000000000000000000000
000000000000000000000000000000000000000000000000000000000000000000000000000
000000000000000000000000000000000000000000000000000000000000000000000000000
000000000000000000000000000000000000000000000000000000000000000000000000000
000000000000000000000000000000000000000000000000000000000000000000000000000
000000000000000000000000000000000000000000000000000000000000000000000000000
000000000000000000000000000000000000000000000000000000000000000000000000000
000000000000000000000000000000000000000000000000000000000000000000000000000
000000000000000000000000000000000000000000000000000000000000000000000000000
000000000000000000000000000000000000000000000000000000000000000000000000000
000000000000000000000000000000000000000000000000000000000000000000000000000
000000000000000000000000000000000000000000000000000000000000000000000000000
000000000000000000000000000000000000000000000000000000000000000000000000000
000000000000000000000000000000000000000000000000000000000000000000000000000
000000000000000000000000000000000000000000000000000000000000000000000000000
000000000000000000000000000000000000000000000000000000000000000000000000000
000000000000000000000000000000000000000000000000000000000000000000000000000
000000000000000000000000000000000000000000000000000000000000000000000000000
000000000000000000000000000000000000000000000000000000000000000000000000000
000000000000000000000000000000000000000000000000000000000000000000000000000
000000000000000000000000000000000000000000000000000000000000000000000000000
000000000000000000000000000000000000000000000000000000000000000000000000000
000000000000000000000000000000000000000000000000000000000000000000000000000
000000000000000011111111111111111111111111111111111111111100000000000000000
000000000000000011111111111111111111111111111111111111111100000000000000000
000000000000000011111111111111111111111111111111111111111100000000000000000
000000000000000011111111111111111111111111111111111111111100000000000000000
000000000000000011111111111111111111111111111111111111111100000000000000000
000000000000000011111111111111111111111111111111111111111100000000000000000
000000000000000011111111111111111111111111111111111111111100000000000000000
000000000000000011111111111111111111111111111111111111111100000000000000000
000000000000000011111111111111111111111111111111111111111100000000000000000
000000000000000011111111111111111111111111111111111111111100000000000000000
000000000000000011111111111111111111111111111111111111111100000000000000000
000000000000000011111111111111111111111111111111111111111100000000000000000
000000000000000011111111111111111111111111111111111111111100000000000000000
000000000000000011111111111111111111111111111111111111111100000000000000000
000000000000000011111111111111111111111111111111111111111100000000000000000
000000000000000011111111111111111111111111111111111111111100000000000000000
000000000000000011111111111111111111111111111111111111111100000000000000000
000000000000000011111111111111111111111111111111111111111100000000000000000
000000000000000011111111111111111111111111111111111111111100000000000000000
000000000000000011111111111111111111111111111111111111111100000000000000000
000000000000000011111111111111111111111111111111111111111100000000000000000
000000000000000011111111111111111111111111111111111111111100000000000000000
000000000000000011111111111111111111111111111111111111111100000000000000000
000000000000000011111111111111111111111111111111111111111100000000000000000
000000000000000011111111111111111111111111111111111111111100000000000000000
000000000000000011111111111111111111111111111111111111111100000000000000000
000000000000000000000000000000000000000000000000000000000000000000000000000
000000000000000000000000000000000000000000000000000000000000000000000000000
000000000000000000000000000000000000000000000000000000000000000000000000000
000000000000000000000000000000000000000000000000000000000000000000000000000
000000000000000000000000000000000000000000000000000000000000000000000000000
000000000000000000000000000000000000000000000000000000000000000000000000000
000000000000000000000000000000000000000000000000000000000000000000000000000
000000000000000000000000000000000000000000000000000000000000000000000000000
000000000000000000000000000000000000000000000000000000000000000000000000000
000000000000000000000000000000000000000000000000000000000000000000000000000
000000000000000000000000000000000000000000000000000000000000000000000000000
000000000000000000000000000000000000000000000000000000000000000000000000000
000000000000000000000000000000000000000000000000000000000000000000000000000
000000000000000000000000000000000000000000000000000000000000000000000000000
000000000000000000000000000000000000000000000000000000000000000000000000000
000000000000000000000000000000000000000000000000000000000000000000000000000
000000000000000000000000000000000000000000000000000000000000000000000000000
000000000000000000000000000000000000000000000000000000000000000000000000000
000000000000000000000000000000000000000000000000000000000000000000000000000
000000000000000000000000000000000000000000000000000000000000000000000000000
000000000000000000000000000000000000000000000000000000000000000000000000000
000000000000000000000000000000000000000000000000000000000000000000000000000
000000000000000000000000000000000000000000000000000000000000000000000000000
000000000000000000000000000000000000000000000000000000000000000000000000000
000000000000000000000000000000000000000000000000000000000000000000000000000

== SDRs ==
00000010010010000000000000010001
00001000001000100000101000000001
00011000010010000000000000000000
01101101000000000000000010011000
10100001000000011000100000000000
11100010001100010010000100010000
00010000000001101000000100000010
00000000000000000100000000001100
11000000000100000000000000000001
01001010000000000110000000100001
00110010000010000010000100000000
00000100001000000000000000100100
10000000000000000100000000000101
01010000000000001100000000000000
00000000010000000100000100000011
00000000001000000011000000100000
00000000000000000001000100000000
00000010010000010000001000000000
01000000000001000000000000000100
00000000000010100000000000000000
00000000000000000100000100001000
10000000000000000000010000001000
00010110010010011001100000000000
00000000100000000100100000000000
00100011000000000000100000000000
00000000000001001011000000000000
00000000100000001100000100000000
00000000000001000000000000000000
00000000100000100000010000000000
10100000000001001101100100000010
00010110000000000000100000001000
00000000010000000001000000000000

00000010010010000000000000010001
00001000001000100000101000000001
00011000010010000000000000000000
01101101000000000000000010011000
10100001000000011000100000000000
11100010001100010010000100010000
00010000000001101000000100000010
00000000000000000100000000001100
11000000000100000000000000000001
01001010000000000110000000100001
00110010000010000010000100000000
00000100001000000000000000100100
10000000000000000100000000000101
01010000000000001100000000000000
00000000010000000100000100000011
00000000001000000011000000100000
00000000000000000001000100000000
00000010010000010000001000000000
01000000000001000000000000000100
00000000000010100000000000000000
00000000000000000100000100001000
10000000000000000000010000001000
00010110010010011001100000000000
00000000100000000100100000000000
00100011000000000000100000000000
00000000000001001011000000000000
00000000100000001100000100000000
00000000000001000000000000000000
00000000100000100000010000000000
10100000000001001101100100000010
00010110000000000000100000001000
00000000010000000001000000000000

00000010010010000000000000010001
00001000001000100000101000000001
00011000010010000000000000000000
01101101000000000000000010011000
10100001000000011000100000000000
11100010001100010010000100010000
00010000000001101000000100000010
00000000000000000100000000001100
11000000000100000000000000000001
01001010000000000110000000100001
00110010000010000010000100000000
00000100001000000000000000100100
10000000000000000100000000000101
01010000000000001100000000000000
00000000010000000100000100000011
00000000001000000011000000100000
00000000000000000001000100000000
00000010010000010000001000000000
01000000000001000000000000000100
00000000000010100000000000000000
00000000000000000100000100001000
10000000000000000000010000001000
00010110010010011001100000000000
00000000100000000100100000000000
00100011000000000000100000000000
00000000000001001011000000000000
00000000100000001100000100000000
00000000000001000000000000000000
00000000100000100000010000000000
10100000000001001101100100000010
00010110000000000000100000001000
00000000010000000001000000000000

00000010001010000000010000010011
00000010000000100000011000000001
01000000010000000000000001000000
00001000000000000000000000001000
00100001000000011010000000000000
01100000000000000000010000010000
00010000000001100000011000100010
00000000000100000100000000001100
10000000100001000001000100000000
01001010000100000111010000100000
10011010000010000000100100000000
00000100001000000000000000100100
00100010000010010100000001001101
11000000000000001000000010101100
00010000000001000100000000011110
00001000001000010001000000100000
00000000000000100001000100000000
00000000010000010000001000000000
01000000010001000000000000000000
00000000000000110000000000000001
10000101000000000100000100100000
00100000001000010001010000000000
10010010011010111011000000000000
00001000000000000100001100000000
00000011010000000000000000000000
00001000000001000000000001000000
00000000101000110000000001000100
00000000011000000000110000001011
10000000100000000000010000000100
11100010000001100101100100000010
00000010000000000000100000101000
00000000000000100001000000000000

00000010010010000000000000010001
00001000001000100000101000000001
00011000010010000000000000000000
01101101000000000000000010011000
10100001000000011000100000000000
11100010001100010010000100010000
00010000000001101000000100000010
00000000000000000100000000001100
11000000000100000000000000000001
01001010000000000110000000100001
00110010000010000010000100000000
00000100001000000000000000100100
10000000000000000100000000000101
01010000000000001100000000000000
00000000010000000100000100000011
00000000001000000011000000100000
00000000000000000001000100000000
00000010010000010000001000000000
01000000000001000000000000000100
00000000000010100000000000000000
00000000000000000100000100001000
10000000000000000000010000001000
00010110010010011001100000000000
00000000100000000100100000000000
00100011000000000000100000000000
00000000000001001011000000000000
00000000100000001100000100000000
00000000000001000000000000000000
00000000100000100000010000000000
10100000000001001101100100000010
00010110000000000000100000001000
00000000010000000001000000000000

00000000010000000100010100100010
00000010101010100000100000000000
00000000000000000000010001000001
00001000100000000010000000101001
10000000010000000000100000000000
00011000000010000001000000100010
11001000100011000000000000000000
00000010000000000100000000010011
10000000000000100101000000000000
00000000000000001001100000101001
10001000000000001100100101000000
01000000010010000101000000000000
00010110000010001001010001100000
10000000010000000000001000001000
00000000010000000011100000001000
00000010000000000001000000001000
00000000000000000100100001000000
00001001000010000000000000000000
00001100001000001000000000000000
00000000000010000000000100010000
00000011100001100000000000000000
00000000011000000000011001000000
10010110000000000000000000000000
00000000001000000000001000010000
00001000110100000010000000100000
00000000110011000000100100001000
10011000100110100000000000001001
00000000000000000000010000100100
00000000000000011000000000010100
01100010010000000000001000011010
11000100000001100000100000001000
00000000000000100000000000010000

00000010010010000010000000001000
00001000001000000000100001000100
10000000000010000100000010000100
00000000000000000000100000001000
10100011000000101010100000000100
01110010000000010000001000000000
10000000001000000000000100100010
10100010000101100100000000001100
01000000100100000000000100001001
01001010000000000010011000000001
00001000000100000000100010000000
00000000000000001000000000101100
00000000000010110000100000001111
00000000011000000100000010000000
00000000000000000000000100000001
00001000000000001010010000100000
00000000000000101001000000000001
00000010010000010000000000000000
00000000000001000000000010000001
00100000000010100000000000000000
00000000000001000100000000001101
00110000000000010011000000001000
10100010000100000001000000010000
00000000100100000001011100000100
00000001000000000000000010000000
00100000000001001001000001001001
10010000100100000000000100100000
00000000000000000100010000000100
00000000000000000000010000000000
10000000000000011111000100000010
00010110000000100000100000001000
00000000010010000001000010000001

00000000000010101001000000000000
00000010011100000000100000100000
00000011000000000001010100000001
00000001000001000100010001001010
00100001010000000000010000000110
10010010000110000000000001000010
10101110000011101000011000010000
00010000010100000000110001010111
01001000000110000100100000111001
00001000000000000011000000101000
00010001100000011100100000100000
00000000000000001001000100100000
00000010000000000000000000111000
10000000110001000000000010011101
00000101000000010001000000000000
00001000001000010000010000000000
00100000001001000100111000000000
00101001000000000010100000000000
00000100000000000000000001000000
00110000000010010000100000000000
00100000000010000101000000000001
00010000110000000100000001000000
00110000000001010000100001100000
00000000000000100000001100100000
00010101100111000000000101000000
01100000100010000000100001000000
00000001001100010110000001110100
00100100001000000000000000000010
00011010100101011000010000000000
01100000000001000010000001010010
00000000010000000000100000001000
00100000001000010100000000000000

00000010100010000000010100100000
00000010001100101100101000000000
00001011000000000000000000000000
00001101000000000000000010010010
00100001010100010000100000000010
10000010000000010010000000000010
00011000000101101000001100010000
00010000000000000100001011000100
10001000000001100000000000000100
00001010000000001101000000100001
10110000000000001000000100000000
00000011001000000000010010110000
10100000000000000100001000010000
11011000000000000000000010000101
10010000010000000100000000000010
00000000001000010001000010000000
00010001000000000001000100000100
00000001010000000000101000000000
01000000010000010000000000000110
00000000000100100000001010000000
00000101000000010100000100000000
00000000000100000000010100000000
00010010010010011100100000000010
00100000000000000000000000000000
00100100000100000000001010000010
01000000000001000010000000010000
01000010100000010110001001000000
01010000011000000000000000001010
00000000100000110100010011010010
00100001010001101001000000010010
10000100001000000001000000001000
00000000000000000000000100000000

