== Attributes ==
title=15_size_triangle
type= 2x2
result=3
window_size=(75, 75)

== Input ==
000000000000000000000000000000000000000000000000000000000000000000000000000
000000000000000000000000000000000000000000000000000000000000000000000000000
000000000000000000000000000000000000000000000000000000000000000000000000000
000000000000000000000000000000000000000000000000000000000000000000000000000
000000000000000000000000000000000000000000000000000000000000000000000000000
000000000000000000000000000000000000000000000000000000000000000000000000000
000000000000000000000000000000000000000000000000000000000000000000000000000
000000000000000000000000000000000000000000000000000000000000000000000000000
000000000000000000000000000000000000000000000000000000000000000000000000000
000000000000000000000000000000000000000000000000000000000000000000000000000
000000000000000000000000000000000000000000000000000000000000000000000000000
000000000000000000000000000000000000000000000000000000000000000000000000000
000000000000000000000000000000000000000000000000000000000000000000000000000
000000000000000000000000000000000000000000000000000000000000000000000000000
000000000000000000000000000000000000000000000000000000000000000000000000000
000000000000000000000000000000000000000000000000000000000000000000000000000
000000000000000000000000000000000000000000000000000000000000000000000000000
000000000000000000000000000000000000000000000000000000000000000000000000000
000000000000000000000000000000000000000000000000000000000000000000000000000
000000000000000000000000000000000000000000000000000000000000000000000000000
000000000000000000000000000000000000010000000000000000000000000000000000000
000000000000000000000000000000000000111000000000000000000000000000000000000
000000000000000000000000000000000001111100000000000000000000000000000000000
000000000000000000000000000000000011111110000000000000000000000000000000000
000000000000000000000000000000000111111111000000000000000000000000000000000
000000000000000000000000000000001111111111100000000000000000000000000000000
000000000000000000000000000000011111111111110000000000000000000000000000000
000000000000000000000000000000111111111111111000000000000000000000000000000
000000000000000000000000000001111111111111111100000000000000000000000000000
000000000000000000000000000011111111111111111110000000000000000000000000000
000000000000000000000000000111111111111111111111000000000000000000000000000
000000000000000000000000001111111111111111111111100000000000000000000000000
000000000000000000000000011111111111111111111111110000000000000000000000000
000000000000000000000000111111111111111111111111111000000000000000000000000
000000000000000000000001111111111111111111111111111100000000000000000000000
000000000000000000000011111111111111111111111111111110000000000000000000000
000000000000000000000111111111111111111111111111111111000000000000000000000
000000000000000000001111111111111111111111111111111111100000000000000000000
000000000000000000011111111111111111111111111111111111110000000000000000000
000000000000000000111111111111111111111111111111111111111000000000000000000
000000000000000001111111111111111111111111111111111111111100000000000000000
000000000000000011111111111111111111111111111111111111111110000000000000000
000000000000000111111111111111111111111111111111111111111111000000000000000
000000000000001111111111111111111111111111111111111111111111100000000000000
000000000000011111111111111111111111111111111111111111111111110000000000000
000000000000111111111111111111111111111111111111111111111111111000000000000
000000000001111111111111111111111111111111111111111111111111111100000000000
000000000011111111111111111111111111111111111111111111111111111110000000000
000000000111111111111111111111111111111111111111111111111111111111000000000
000000001111111111111111111111111111111111111111111111111111111111100000000
000000011111111111111111111111111111111111111111111111111111111111110000000
000000111111111111111111111111111111111111111111111111111111111111111000000
000001111111111111111111111111111111111111111111111111111111111111111100000
000011111111111111111111111111111111111111111111111111111111111111111110000
000000000000000000000000000000000000000000000000000000000000000000000000000
000000000000000000000000000000000000000000000000000000000000000000000000000
000000000000000000000000000000000000000000000000000000000000000000000000000
000000000000000000000000000000000000000000000000000000000000000000000000000
000000000000000000000000000000000000000000000000000000000000000000000000000
000000000000000000000000000000000000000000000000000000000000000000000000000
000000000000000000000000000000000000000000000000000000000000000000000000000
000000000000000000000000000000000000000000000000000000000000000000000000000
000000000000000000000000000000000000000000000000000000000000000000000000000
000000000000000000000000000000000000000000000000000000000000000000000000000
000000000000000000000000000000000000000000000000000000000000000000000000000
000000000000000000000000000000000000000000000000000000000000000000000000000
000000000000000000000000000000000000000000000000000000000000000000000000000
000000000000000000000000000000000000000000000000000000000000000000000000000
000000000000000000000000000000000000000000000000000000000000000000000000000
000000000000000000000000000000000000000000000000000000000000000000000000000
000000000000000000000000000000000000000000000000000000000000000000000000000
000000000000000000000000000000000000000000000000000000000000000000000000000
000000000000000000000000000000000000000000000000000000000000000000000000000
000000000000000000000000000000000000000000000000000000000000000000000000000
000000000000000000000000000000000000000000000000000000000000000000000000000

000000000000000000000000000000000000000000000000000000000000000000000000000
000000000000000000000000000000000000000000000000000000000000000000000000000
000000000000000000000000000000000000000000000000000000000000000000000000000
000000000000000000000000000000000000000000000000000000000000000000000000000
000000000000000000000000000000000000000000000000000000000000000000000000000
000000000000000000000000000000000000000000000000000000000000000000000000000
000000000000000000000000000000000000000000000000000000000000000000000000000
000000000000000000000000000000000000000000000000000000000000000000000000000
000000000000000000000000000000000000000000000000000000000000000000000000000
000000000000000000000000000000000000000000000000000000000000000000000000000
000000000000000000000000000000000000000000000000000000000000000000000000000
000000000000000000000000000000000000000000000000000000000000000000000000000
000000000000000000000000000000000000000000000000000000000000000000000000000
000000000000000000000000000000000000000000000000000000000000000000000000000
000000000000000000000000000000000000000000000000000000000000000000000000000
000000000000000000000000000000000000000000000000000000000000000000000000000
000000000000000000000000000000000000000000000000000000000000000000000000000
000000000000000000000000000000000000000000000000000000000000000000000000000
000000000000000000000000000000000000000000000000000000000000000000000000000
000000000000000000000000000000000000000000000000000000000000000000000000000
000000000000000000000000000000000000000000000000000000000000000000000000000
000000000000000000000000000000000000000000000000000000000000000000000000000
000000000000000000000000000000000000000000000000000000000000000000000000000
000000000000000000000000000000000000000000000000000000000000000000000000000
000000000000000000000000000000000000000000000000000000000000000000000000000
000000000000000000000000000000000000000000000000000000000000000000000000000
000000000000000000000000000000000000110000000000000000000000000000000000000
000000000000000000000000000000000001111000000000000000000000000000000000000
000000000000000000000000000000000011111100000000000000000000000000000000000
000000000000000000000000000000000111111110000000000000000000000000000000000
000000000000000000000000000000001111111111000000000000000000000000000000000
000000000000000000000000000000011111111111100000000000000000000000000000000
000000000000000000000000000000111111111111110000000000000000000000000000000
000000000000000000000000000001111111111111111000000000000000000000000000000
000000000000000000000000000011111111111111111100000000000000000000000000000
000000000000000000000000000111111111111111111110000000000000000000000000000
000000000000000000000000001111111111111111111111000000000000000000000000000
000000000000000000000000011111111111111111111111100000000000000000000000000
000000000000000000000000111111111111111111111111110000000000000000000000000
000000000000000000000001111111111111111111111111111000000000000000000000000
000000000000000000000011111111111111111111111111111100000000000000000000000
000000000000000000000111111111111111111111111111111110000000000000000000000
000000000000000000001111111111111111111111111111111111000000000000000000000
000000000000000000011111111111111111111111111111111111100000000000000000000
000000000000000000111111111111111111111111111111111111110000000000000000000
000000000000000001111111111111111111111111111111111111111000000000000000000
000000000000000011111111111111111111111111111111111111111100000000000000000
000000000000000111111111111111111111111111111111111111111110000000000000000
000000000000000000000000000000000000000000000000000000000000000000000000000
000000000000000000000000000000000000000000000000000000000000000000000000000
000000000000000000000000000000000000000000000000000000000000000000000000000
000000000000000000000000000000000000000000000000000000000000000000000000000
000000000000000000000000000000000000000000000000000000000000000000000000000
000000000000000000000000000000000000000000000000000000000000000000000000000
000000000000000000000000000000000000000000000000000000000000000000000000000
000000000000000000000000000000000000000000000000000000000000000000000000000
000000000000000000000000000000000000000000000000000000000000000000000000000
000000000000000000000000000000000000000000000000000000000000000000000000000
000000000000000000000000000000000000000000000000000000000000000000000000000
000000000000000000000000000000000000000000000000000000000000000000000000000
000000000000000000000000000000000000000000000000000000000000000000000000000
000000000000000000000000000000000000000000000000000000000000000000000000000
000000000000000000000000000000000000000000000000000000000000000000000000000
000000000000000000000000000000000000000000000000000000000000000000000000000
000000000000000000000000000000000000000000000000000000000000000000000000000
000000000000000000000000000000000000000000000000000000000000000000000000000
000000000000000000000000000000000000000000000000000000000000000000000000000
000000000000000000000000000000000000000000000000000000000000000000000000000
000000000000000000000000000000000000000000000000000000000000000000000000000
000000000000000000000000000000000000000000000000000000000000000000000000000
000000000000000000000000000000000000000000000000000000000000000000000000000
000000000000000000000000000000000000000000000000000000000000000000000000000
000000000000000000000000000000000000000000000000000000000000000000000000000
000000000000000000000000000000000000000000000000000000000000000000000000000
000000000000000000000000000000000000000000000000000000000000000000000000000

000000000000000000000000000000000000000000000000000000000000000000000000000
000000000000000000000000000000000000000000000000000000000000000000000000000
000000000000000000000000000000000000000000000000000000000000000000000000000
000000000000000000000000000000000000000000000000000000000000000000000000000
000000000000000000000000000000000000000000000000000000000000000000000000000
000000000000000000000000000000000000000000000000000000000000000000000000000
000000000000000000000000000000000000000000000000000000000000000000000000000
000000000000000000000000000000000000000000000000000000000000000000000000000
000000000000000000000000000000000000000000000000000000000000000000000000000
000000000000000000000000000000000000000000000000000000000000000000000000000
000000000000000000000000000000000000000000000000000000000000000000000000000
000000000000000000000000000000000000000000000000000000000000000000000000000
000000000000000000000000000000000000000000000000000000000000000000000000000
000000000000000000000000000000000000000000000000000000000000000000000000000
000000000000000000000000000000000000000000000000000000000000000000000000000
000000000000000000000000000000000000000000000000000000000000000000000000000
000000000000000000000000000000000000000000000000000000000000000000000000000
000000000000000000000000000000000000000000000000000000000000000000000000000
000000000000000000000000000000000000000000000000000000000000000000000000000
000000000000000000000000000000000000000000000000000000000000000000000000000
000000000000000000000000000000000000010000000000000000000000000000000000000
000000000000000000000000000000000000111000000000000000000000000000000000000
000000000000000000000000000000000001111100000000000000000000000000000000000
000000000000000000000000000000000011111110000000000000000000000000000000000
000000000000000000000000000000000111111111000000000000000000000000000000000
000000000000000000000000000000001111111111100000000000000000000000000000000
000000000000000000000000000000011111111111110000000000000000000000000000000
000000000000000000000000000000111111111111111000000000000000000000000000000
000000000000000000000000000001111111111111111100000000000000000000000000000
000000000000000000000000000011111111111111111110000000000000000000000000000
000000000000000000000000000111111111111111111111000000000000000000000000000
000000000000000000000000001111111111111111111111100000000000000000000000000
000000000000000000000000011111111111111111111111110000000000000000000000000
000000000000000000000000111111111111111111111111111000000000000000000000000
000000000000000000000001111111111111111111111111111100000000000000000000000
000000000000000000000011111111111111111111111111111110000000000000000000000
000000000000000000000111111111111111111111111111111111000000000000000000000
000000000000000000001111111111111111111111111111111111100000000000000000000
000000000000000000011111111111111111111111111111111111110000000000000000000
000000000000000000111111111111111111111111111111111111111000000000000000000
000000000000000001111111111111111111111111111111111111111100000000000000000
000000000000000011111111111111111111111111111111111111111110000000000000000
000000000000000111111111111111111111111111111111111111111111000000000000000
000000000000001111111111111111111111111111111111111111111111100000000000000
000000000000011111111111111111111111111111111111111111111111110000000000000
000000000000111111111111111111111111111111111111111111111111111000000000000
000000000001111111111111111111111111111111111111111111111111111100000000000
000000000011111111111111111111111111111111111111111111111111111110000000000
000000000111111111111111111111111111111111111111111111111111111111000000000
000000001111111111111111111111111111111111111111111111111111111111100000000
000000011111111111111111111111111111111111111111111111111111111111110000000
000000111111111111111111111111111111111111111111111111111111111111111000000
000001111111111111111111111111111111111111111111111111111111111111111100000
000011111111111111111111111111111111111111111111111111111111111111111110000
000000000000000000000000000000000000000000000000000000000000000000000000000
000000000000000000000000000000000000000000000000000000000000000000000000000
000000000000000000000000000000000000000000000000000000000000000000000000000
000000000000000000000000000000000000000000000000000000000000000000000000000
000000000000000000000000000000000000000000000000000000000000000000000000000
000000000000000000000000000000000000000000000000000000000000000000000000000
000000000000000000000000000000000000000000000000000000000000000000000000000
000000000000000000000000000000000000000000000000000000000000000000000000000
000000000000000000000000000000000000000000000000000000000000000000000000000
000000000000000000000000000000000000000000000000000000000000000000000000000
000000000000000000000000000000000000000000000000000000000000000000000000000
000000000000000000000000000000000000000000000000000000000000000000000000000
000000000000000000000000000000000000000000000000000000000000000000000000000
000000000000000000000000000000000000000000000000000000000000000000000000000
000000000000000000000000000000000000000000000000000000000000000000000000000
000000000000000000000000000000000000000000000000000000000000000000000000000
000000000000000000000000000000000000000000000000000000000000000000000000000
000000000000000000000000000000000000000000000000000000000000000000000000000
000000000000000000000000000000000000000000000000000000000000000000000000000
000000000000000000000000000000000000000000000000000000000000000000000000000
000000000000000000000000000000000000000000000000000000000000000000000000000

== Output ==
000000000000000000000000000000000000000000000000000000000000000000000000000
000000000000000000000000000000000000000000000000000000000000000000000000000
000000000000000000000000000000000000000000000000000000000000000000000000000
000000000000000000000000000000000000000000000000000000000000000000000000000
000000000000000000000000000000000000000000000000000000000000000000000000000
000000000000000000000000000000000000000000000000000000000000000000000000000
000000000000000000000000000000000000000000000000000000000000000000000000000
000000000000000000000000000000000000000000000000000000000000000000000000000
000000000000000000000000000000000000000000000000000000000000000000000000000
000000000000000000000000000000000000000000000000000000000000000000000000000
000000000000000000000000000000000000000000000000000000000000000000000000000
000000000000000000000000000000000000000000000000000000000000000000000000000
000000000000000000000000000000000000000000000000000000000000000000000000000
000000000000000000000000000000000000000000000000000000000000000000000000000
000000000000000000000000000000000000000000000000000000000000000000000000000
000000000000000000000000000000000000000000000000000000000000000000000000000
000000000000000000000000000000000000000000000000000000000000000000000000000
000000000000000000000000000000000000000000000000000000000000000000000000000
000000000000000000000000000000000000000000000000000000000000000000000000000
000000000000000000000000000000000000000000000000000000000000000000000000000
000000000000000000001111111111111111111111111111111111000000000000000000000
000000000000000000001111111111111111111111111111111111000000000000000000000
000000000000000000001111111111111111111111111111111111000000000000000000000
000000000000000000001111111111111111111111111111111111000000000000000000000
000000000000000000001111111111111111111111111111111111000000000000000000000
000000000000000000001111111111111111111111111111111111000000000000000000000
000000000000000000001111111111111111111111111111111111000000000000000000000
000000000000000000001111111111111111111111111111111111000000000000000000000
000000000000000000001111111111111111111111111111111111000000000000000000000
000000000000000000001111111111111111111111111111111111000000000000000000000
000000000000000000001111111111111111111111111111111111000000000000000000000
000000000000000000001111111111111111111111111111111111000000000000000000000
000000000000000000001111111111111111111111111111111111000000000000000000000
000000000000000000001111111111111111111111111111111111000000000000000000000
000000000000000000001111111111111111111111111111111111000000000000000000000
000000000000000000001111111111111111111111111111111111000000000000000000000
000000000000000000001111111111111111111111111111111111000000000000000000000
000000000000000000001111111111111111111111111111111111000000000000000000000
000000000000000000001111111111111111111111111111111111000000000000000000000
000000000000000000001111111111111111111111111111111111000000000000000000000
000000000000000000001111111111111111111111111111111111000000000000000000000
000000000000000000001111111111111111111111111111111111000000000000000000000
000000000000000000001111111111111111111111111111111111000000000000000000000
000000000000000000001111111111111111111111111111111111000000000000000000000
000000000000000000001111111111111111111111111111111111000000000000000000000
000000000000000000001111111111111111111111111111111111000000000000000000000
000000000000000000001111111111111111111111111111111111000000000000000000000
000000000000000000001111111111111111111111111111111111000000000000000000000
000000000000000000001111111111111111111111111111111111000000000000000000000
000000000000000000001111111111111111111111111111111111000000000000000000000
000000000000000000001111111111111111111111111111111111000000000000000000000
000000000000000000001111111111111111111111111111111111000000000000000000000
000000000000000000001111111111111111111111111111111111000000000000000000000
000000000000000000001111111111111111111111111111111111000000000000000000000
000000000000000000000000000000000000000000000000000000000000000000000000000
000000000000000000000000000000000000000000000000000000000000000000000000000
000000000000000000000000000000000000000000000000000000000000000000000000000
000000000000000000000000000000000000000000000000000000000000000000000000000
000000000000000000000000000000000000000000000000000000000000000000000000000
000000000000000000000000000000000000000000000000000000000000000000000000000
000000000000000000000000000000000000000000000000000000000000000000000000000
000000000000000000000000000000000000000000000000000000000000000000000000000
000000000000000000000000000000000000000000000000000000000000000000000000000
000000000000000000000000000000000000000000000000000000000000000000000000000
000000000000000000000000000000000000000000000000000000000000000000000000000
000000000000000000000000000000000000000000000000000000000000000000000000000
000000000000000000000000000000000000000000000000000000000000000000000000000
000000000000000000000000000000000000000000000000000000000000000000000000000
000000000000000000000000000000000000000000000000000000000000000000000000000
000000000000000000000000000000000000000000000000000000000000000000000000000
000000000000000000000000000000000000000000000000000000000000000000000000000
000000000000000000000000000000000000000000000000000000000000000000000000000
000000000000000000000000000000000000000000000000000000000000000000000000000
000000000000000000000000000000000000000000000000000000000000000000000000000
000000000000000000000000000000000000000000000000000000000000000000000000000

000000000000000000000000000000000000000000000000000000000000000000000000000
000000000000000000000000000000000000000000000000000000000000000000000000000
000000000000000000000000000000000000000000000000000000000000000000000000000
000000000000000000000000000000000000000000000000000000000000000000000000000
000000000000000000000000000000000000000000000000000000000000000000000000000
000000000000000000000000000000000000000000000000000000000000000000000000000
000000000000000000000000000000000000000000000000000000000000000000000000000
000000000000000000000000000000000000000000000000000000000000000000000000000
000000000000000000000000000000000000000000000000000000000000000000000000000
000000000000000000000000000000000000000000000000000000000000000000000000000
000000000000000000000000000000000000000000000000000000000000000000000000000
000000000000000000000000000000000000000000000000000000000000000000000000000
000000000000000000000000000000000000000000000000000000000000000000000000000
000000000000000000000000000000000000000000000000000000000000000000000000000
000000000000000000000000000000000000000000000000000000000000000000000000000
000000000000000000000000000000000000100000000000000000000000000000000000000
000000000000000000000000000000111111111111100000000000000000000000000000000
000000000000000000000000000011111111111111111000000000000000000000000000000
000000000000000000000000001111111111111111111110000000000000000000000000000
000000000000000000000000111111111111111111111111100000000000000000000000000
000000000000000000000001111111111111111111111111110000000000000000000000000
000000000000000000000011111111111111111111111111111000000000000000000000000
000000000000000000000111111111111111111111111111111100000000000000000000000
000000000000000000001111111111111111111111111111111110000000000000000000000
000000000000000000011111111111111111111111111111111111000000000000000000000
000000000000000000011111111111111111111111111111111111000000000000000000000
000000000000000000111111111111111111111111111111111111100000000000000000000
000000000000000000111111111111111111111111111111111111100000000000000000000
000000000000000001111111111111111111111111111111111111110000000000000000000
000000000000000001111111111111111111111111111111111111110000000000000000000
000000000000000011111111111111111111111111111111111111111000000000000000000
000000000000000011111111111111111111111111111111111111111000000000000000000
000000000000000011111111111111111111111111111111111111111000000000000000000
000000000000000011111111111111111111111111111111111111111000000000000000000
000000000000000011111111111111111111111111111111111111111000000000000000000
000000000000000011111111111111111111111111111111111111111000000000000000000
000000000000000111111111111111111111111111111111111111111100000000000000000
000000000000000011111111111111111111111111111111111111111000000000000000000
000000000000000011111111111111111111111111111111111111111000000000000000000
000000000000000011111111111111111111111111111111111111111000000000000000000
000000000000000011111111111111111111111111111111111111111000000000000000000
000000000000000011111111111111111111111111111111111111111000000000000000000
000000000000000011111111111111111111111111111111111111111000000000000000000
000000000000000001111111111111111111111111111111111111110000000000000000000
000000000000000001111111111111111111111111111111111111110000000000000000000
000000000000000000111111111111111111111111111111111111100000000000000000000
000000000000000000111111111111111111111111111111111111100000000000000000000
000000000000000000011111111111111111111111111111111111000000000000000000000
000000000000000000011111111111111111111111111111111111000000000000000000000
000000000000000000001111111111111111111111111111111110000000000000000000000
000000000000000000000111111111111111111111111111111100000000000000000000000
000000000000000000000011111111111111111111111111111000000000000000000000000
000000000000000000000001111111111111111111111111110000000000000000000000000
000000000000000000000000111111111111111111111111100000000000000000000000000
000000000000000000000000001111111111111111111110000000000000000000000000000
000000000000000000000000000011111111111111111000000000000000000000000000000
000000000000000000000000000000111111111111100000000000000000000000000000000
000000000000000000000000000000000000100000000000000000000000000000000000000
000000000000000000000000000000000000000000000000000000000000000000000000000
000000000000000000000000000000000000000000000000000000000000000000000000000
000000000000000000000000000000000000000000000000000000000000000000000000000
000000000000000000000000000000000000000000000000000000000000000000000000000
000000000000000000000000000000000000000000000000000000000000000000000000000
000000000000000000000000000000000000000000000000000000000000000000000000000
000000000000000000000000000000000000000000000000000000000000000000000000000
000000000000000000000000000000000000000000000000000000000000000000000000000
000000000000000000000000000000000000000000000000000000000000000000000000000
000000000000000000000000000000000000000000000000000000000000000000000000000
000000000000000000000000000000000000000000000000000000000000000000000000000
000000000000000000000000000000000000000000000000000000000000000000000000000
000000000000000000000000000000000000000000000000000000000000000000000000000
000000000000000000000000000000000000000000000000000000000000000000000000000
000000000000000000000000000000000000000000000000000000000000000000000000000
000000000000000000000000000000000000000000000000000000000000000000000000000
000000000000000000000000000000000000000000000000000000000000000000000000000

000000000000000000000000000000000000000000000000000000000000000000000000000
000000000000000000000000000000000000000000000000000000000000000000000000000
000000000000000000000000000000000000000000000000000000000000000000000000000
000000000000000000000000000000000000000000000000000000000000000000000000000
000000000000000000000000000000000000000000000000000000000000000000000000000
000000000000000000000000000000000000000000000000000000000000000000000000000
000000000000000000000000000000000000000000000000000000000000000000000000000
000000000000000000000000000000000000000000000000000000000000000000000000000
000000000000000000000000000000000000000000000000000000000000000000000000000
000000000000000000000000000000000000000000000000000000000000000000000000000
000000000000000000000000000000000000000000000000000000000000000000000000000
000000000000000000000000000000000000000000000000000000000000000000000000000
000000000000000000000000000000000000000000000000000000000000000000000000000
000000000000000000000000000000000000000000000000000000000000000000000000000
000000000000000000000000000000000000000000000000000000000000000000000000000
000000000000000000000000000000000000000000000000000000000000000000000000000
000000000000000000000000000000000000000000000000000000000000000000000000000
000000000000000000000000000000000000000000000000000000000000000000000000000
000000000000000000000000000000000000000000000000000000000000000000000000000
000000000000000000000000000000000000000000000000000000000000000000000000000
000000000000000000000000000000000000000000000000000000000000000000000000000
000000000000000000000000000000000000000000000000000000000000000000000000000
000000000000000000000000000000000000000000000000000000000000000000000000000
000000000000000000000000000000000000000000000000000000000000000000000000000
000000000000000000000000000000000000000000000000000000000000000000000000000
000000000000000000000000000000000000000000000000000000000000000000000000000
000000000000000000000000000000000000110000000000000000000000000000000000000
000000000000000000000000000000000001111000000000000000000000000000000000000
000000000000000000000000000000000011111100000000000000000000000000000000000
000000000000000000000000000000000111111110000000000000000000000000000000000
000000000000000000000000000000001111111111000000000000000000000000000000000
000000000000000000000000000000011111111111100000000000000000000000000000000
000000000000000000000000000000111111111111110000000000000000000000000000000
000000000000000000000000000001111111111111111000000000000000000000000000000
000000000000000000000000000011111111111111111100000000000000000000000000000
000000000000000000000000000111111111111111111110000000000000000000000000000
000000000000000000000000001111111111111111111111000000000000000000000000000
000000000000000000000000011111111111111111111111100000000000000000000000000
000000000000000000000000111111111111111111111111110000000000000000000000000
000000000000000000000001111111111111111111111111111000000000000000000000000
000000000000000000000011111111111111111111111111111100000000000000000000000
000000000000000000000111111111111111111111111111111110000000000000000000000
000000000000000000001111111111111111111111111111111111000000000000000000000
000000000000000000011111111111111111111111111111111111100000000000000000000
000000000000000000111111111111111111111111111111111111110000000000000000000
000000000000000001111111111111111111111111111111111111111000000000000000000
000000000000000011111111111111111111111111111111111111111100000000000000000
000000000000000111111111111111111111111111111111111111111110000000000000000
000000000000000000000000000000000000000000000000000000000000000000000000000
000000000000000000000000000000000000000000000000000000000000000000000000000
000000000000000000000000000000000000000000000000000000000000000000000000000
000000000000000000000000000000000000000000000000000000000000000000000000000
000000000000000000000000000000000000000000000000000000000000000000000000000
000000000000000000000000000000000000000000000000000000000000000000000000000
000000000000000000000000000000000000000000000000000000000000000000000000000
000000000000000000000000000000000000000000000000000000000000000000000000000
000000000000000000000000000000000000000000000000000000000000000000000000000
000000000000000000000000000000000000000000000000000000000000000000000000000
000000000000000000000000000000000000000000000000000000000000000000000000000
000000000000000000000000000000000000000000000000000000000000000000000000000
000000000000000000000000000000000000000000000000000000000000000000000000000
000000000000000000000000000000000000000000000000000000000000000000000000000
000000000000000000000000000000000000000000000000000000000000000000000000000
000000000000000000000000000000000000000000000000000000000000000000000000000
000000000000000000000000000000000000000000000000000000000000000000000000000
000000000000000000000000000000000000000000000000000000000000000000000000000
000000000000000000000000000000000000000000000000000000000000000000000000000
000000000000000000000000000000000000000000000000000000000000000000000000000
000000000000000000000000000000000000000000000000000000000000000000000000000
000000000000000000000000000000000000000000000000000000000000000000000000000
000000000000000000000000000000000000000000000000000000000000000000000000000
000000000000000000000000000000000000000000000000000000000000000000000000000
000000000000000000000000000000000000000000000000000000000000000000000000000
000000000000000000000000000000000000000000000000000000000000000000000000000
000000000000000000000000000000000000000000000000000000000000000000000000000

000000000000000000000000000000000000000000000000000000000000000000000000000
000000000000000000000000000000000000000000000000000000000000000000000000000
000000000000000000000000000000000000000000000000000000000000000000000000000
000000000000000000000000000000000000000000000000000000000000000000000000000
000000000000000000000000000000000000000000000000000000000000000000000000000
000000000000000000000000000000000000000000000000000000000000000000000000000
000000000000000000000000000000000000000000000000000000000000000000000000000
000000000000000000000000000000000000000000000000000000000000000000000000000
000000000000000000000000000000000000000000000000000000000000000000000000000
000000000000000000000000000000000000000000000000000000000000000000000000000
000000000000000000000000000000000000000000000000000000000000000000000000000
000000000000000000000000000000000000000000000000000000000000000000000000000
000000000000000000000000000000000000000000000000000000000000000000000000000
000000000000000000000000000000000000000000000000000000000000000000000000000
000000000000000000000000000000000000000000000000000000000000000000000000000
000000000000000000000000000000000000000000000000000000000000000000000000000
000000000000000000000000111111111111111111111111110000000000000000000000000
000000000000000000000000111111111111111111111111110000000000000000000000000
000000000000000000000000111111111111111111111111110000000000000000000000000
000000000000000000000000111111111111111111111111110000000000000000000000000
000000000000000000000000111111111111111111111111110000000000000000000000000
000000000000000000000000111111111111111111111111110000000000000000000000000
000000000000000000000000111111111111111111111111110000000000000000000000000
000000000000000000000000111111111111111111111111110000000000000000000000000
000000000000000000000000111111111111111111111111110000000000000000000000000
000000000000000000000000111111111111111111111111110000000000000000000000000
000000000000000000000000111111111111111111111111110000000000000000000000000
000000000000000000000000111111111111111111111111110000000000000000000000000
000000000000000000000000111111111111111111111111110000000000000000000000000
000000000000000000000000111111111111111111111111110000000000000000000000000
000000000000000000000000111111111111111111111111110000000000000000000000000
000000000000000000000000111111111111111111111111110000000000000000000000000
000000000000000000000000111111111111111111111111110000000000000000000000000
000000000000000000000000111111111111111111111111110000000000000000000000000
000000000000000000000000111111111111111111111111110000000000000000000000000
000000000000000000000000111111111111111111111111110000000000000000000000000
000000000000000000000000111111111111111111111111110000000000000000000000000
000000000000000000000000111111111111111111111111110000000000000000000000000
000000000000000000000000111111111111111111111111110000000000000000000000000
000000000000000000000000111111111111111111111111110000000000000000000000000
000000000000000000000000111111111111111111111111110000000000000000000000000
000000000000000000000000111111111111111111111111110000000000000000000000000
000000000000000000000000111111111111111111111111110000000000000000000000000
000000000000000000000000111111111111111111111111110000000000000000000000000
000000000000000000000000111111111111111111111111110000000000000000000000000
000000000000000000000000111111111111111111111111110000000000000000000000000
000000000000000000000000111111111111111111111111110000000000000000000000000
000000000000000000000000111111111111111111111111110000000000000000000000000
000000000000000000000000111111111111111111111111110000000000000000000000000
000000000000000000000000111111111111111111111111110000000000000000000000000
000000000000000000000000111111111111111111111111110000000000000000000000000
000000000000000000000000111111111111111111111111110000000000000000000000000
000000000000000000000000111111111111111111111111110000000000000000000000000
000000000000000000000000111111111111111111111111110000000000000000000000000
000000000000000000000000111111111111111111111111110000000000000000000000000
000000000000000000000000111111111111111111111111110000000000000000000000000
000000000000000000000000111111111111111111111111110000000000000000000000000
000000000000000000000000111111111111111111111111110000000000000000000000000
000000000000000000000000000000000000000000000000000000000000000000000000000
000000000000000000000000000000000000000000000000000000000000000000000000000
000000000000000000000000000000000000000000000000000000000000000000000000000
000000000000000000000000000000000000000000000000000000000000000000000000000
000000000000000000000000000000000000000000000000000000000000000000000000000
000000000000000000000000000000000000000000000000000000000000000000000000000
000000000000000000000000000000000000000000000000000000000000000000000000000
000000000000000000000000000000000000000000000000000000000000000000000000000
000000000000000000000000000000000000000000000000000000000000000000000000000
000000000000000000000000000000000000000000000000000000000000000000000000000
000000000000000000000000000000000000000000000000000000000000000000000000000
000000000000000000000000000000000000000000000000000000000000000000000000000
000000000000000000000000000000000000000000000000000000000000000000000000000
000000000000000000000000000000000000000000000000000000000000000000000000000
000000000000000000000000000000000000000000000000000000000000000000000000000
000000000000000000000000000000000000000000000000000000000000000000000000000
000000000000000000000000000000000000000000000000000000000000000000000000000

000000000000000000000000000000000000000000000000000000000000000000000000000
000000000000000000000000000000000000000000000000000000000000000000000000000
000000000000000000000000000000000000000000000000000000000000000000000000000
000000000000000000000000000000000000000000000000000000000000000000000000000
000000000000000000000000000000000000000000000000000000000000000000000000000
000000000000000000000000000000000000000000000000000000000000000000000000000
000000000000000000000000000000000000000000000000000000000000000000000000000
000000000000000000000000000000000000000000000000000000000000000000000000000
000000000000000000000000000000000000000000000000000000000000000000000000000
000000000000000000000000000000000000000000000000000000000000000000000000000
000000000000000000000000000000000000000000000000000000000000000000000000000
000000000000000000000000000000000000000000000000000000000000000000000000000
000000000000000000000000000000000000000000000000000000000000000000000000000
000000000000000000000000000000000000000000000000000000000000000000000000000
000000000000000000000000000000000000000000000000000000000000000000000000000
000000000000000000000000000000000000000000000000000000000000000000000000000
000000000000000000000000000000000000000000000000000000000000000000000000000
000000000000000000000000000000000000000000000000000000000000000000000000000
000000000000000000000000000000000000000000000000000000000000000000000000000
000000000000000000000000000000000000000000000000000000000000000000000000000
000000000000000000000000000000000000000000000000000000000000000000000000000
000000000000000000000000000000000000000000000000000000000000000000000000000
000000000000000000000000000000000000000000000000000000000000000000000000000
000000000000000000000000000000000000000000000000000000000000000000000000000
000000000000000000000000000000000000000000000000000000000000000000000000000
000000000000000000000000000000000000000000000000000000000000000000000000000
000000000000000111111111111111111111111111111111111111111110000000000000000
000000000000000011111111111111111111111111111111111111111100000000000000000
000000000000000001111111111111111111111111111111111111111000000000000000000
000000000000000000111111111111111111111111111111111111110000000000000000000
000000000000000000011111111111111111111111111111111111100000000000000000000
000000000000000000001111111111111111111111111111111111000000000000000000000
000000000000000000000111111111111111111111111111111110000000000000000000000
000000000000000000000011111111111111111111111111111100000000000000000000000
000000000000000000000001111111111111111111111111111000000000000000000000000
000000000000000000000000111111111111111111111111110000000000000000000000000
000000000000000000000000011111111111111111111111100000000000000000000000000
000000000000000000000000001111111111111111111111000000000000000000000000000
000000000000000000000000000111111111111111111110000000000000000000000000000
000000000000000000000000000011111111111111111100000000000000000000000000000
000000000000000000000000000001111111111111111000000000000000000000000000000
000000000000000000000000000000111111111111110000000000000000000000000000000
000000000000000000000000000000011111111111100000000000000000000000000000000
000000000000000000000000000000001111111111000000000000000000000000000000000
000000000000000000000000000000000111111110000000000000000000000000000000000
000000000000000000000000000000000011111100000000000000000000000000000000000
000000000000000000000000000000000001111000000000000000000000000000000000000
000000000000000000000000000000000000110000000000000000000000000000000000000
000000000000000000000000000000000000000000000000000000000000000000000000000
000000000000000000000000000000000000000000000000000000000000000000000000000
000000000000000000000000000000000000000000000000000000000000000000000000000
000000000000000000000000000000000000000000000000000000000000000000000000000
000000000000000000000000000000000000000000000000000000000000000000000000000
000000000000000000000000000000000000000000000000000000000000000000000000000
000000000000000000000000000000000000000000000000000000000000000000000000000
000000000000000000000000000000000000000000000000000000000000000000000000000
000000000000000000000000000000000000000000000000000000000000000000000000000
000000000000000000000000000000000000000000000000000000000000000000000000000
000000000000000000000000000000000000000000000000000000000000000000000000000
000000000000000000000000000000000000000000000000000000000000000000000000000
000000000000000000000000000000000000000000000000000000000000000000000000000
000000000000000000000000000000000000000000000000000000000000000000000000000
000000000000000000000000000000000000000000000000000000000000000000000000000
000000000000000000000000000000000000000000000000000000000000000000000000000
000000000000000000000000000000000000000000000000000000000000000000000000000
000000000000000000000000000000000000000000000000000000000000000000000000000
000000000000000000000000000000000000000000000000000000000000000000000000000
000000000000000000000000000000000000000000000000000000000000000000000000000
000000000000000000000000000000000000000000000000000000000000000000000000000
000000000000000000000000000000000000000000000000000000000000000000000000000
000000000000000000000000000000000000000000000000000000000000000000000000000
000000000000000000000000000000000000000000000000000000000000000000000000000
000000000000000000000000000000000000000000000000000000000000000000000000000
000000000000000000000000000000000000000000000000000000000000000000000000000
000000000000000000000000000000000000000000000000000000000000000000000000000

000000000000000000000000000000000000000000000000000000000000000000000000000
000000000000000000000000000000000000000000000000000000000000000000000000000
000000000000000000000000000000000000000000000000000000000000000000000000000
000000000000000000000000000000000000000000000000000000000000000000000000000
000000000000000000000000000000000000000000000000000000000000000000000000000
000000000000000000000000000000000000000000000000000000000000000000000000000
000000000000000000000000000000000000000000000000000000000000000000000000000
000000000000000000000000000000000000000000000000000000000000000000000000000
000000000000000000000000000000000000000000000000000000000000000000000000000
000000000000000000000000000000000000000000000000000000000000000000000000000
000000000000000000000000000000000000000000000000000000000000000000000000000
000000000000000000000000000000000000000000000000000000000000000000000000000
000000000000000000000000000000000000000000000000000000000000000000000000000
000000000000000000000000000000000000000000000000000000000000000000000000000
000000000000000000000000000000000000000000000000000000000000000000000000000
000000000000000000000000000000000000000000000000000000000000000000000000000
000000000000000000000000000000000000000000000000000000000000000000000000000
000000000000000000000000000000000000000000000000000000000000000000000000000
000000000000000000000000000000000000000000000000000000000000000000000000000
000000000000000000000000000000000000000000000000000000000000000000000000000
000000000000000000000000000000000000000000000000000000000000000000000000000
000000000000000000000000000000000000000000000000000000000000000000000000000
000000000000000000000000000000000000000000000000000000000000000000000000000
000000000000000000000000000000000000000000000000000000000000000000000000000
000000000000000011111111111111111111111111111111111111111100000000000000000
000000000000000011111111111111111111111111111111111111111100000000000000000
000000000000000011111111111111111111111111111111111111111100000000000000000
000000000000000011111111111111111111111111111111111111111100000000000000000
000000000000000011111111111111111111111111111111111111111100000000000000000
000000000000000011111111111111111111111111111111111111111100000000000000000
000000000000000011111111111111111111111111111111111111111100000000000000000
000000000000000011111111111111111111111111111111111111111100000000000000000
000000000000000011111111111111111111111111111111111111111100000000000000000
000000000000000011111111111111111111111111111111111111111100000000000000000
000000000000000011111111111111111111111111111111111111111100000000000000000
000000000000000011111111111111111111111111111111111111111100000000000000000
000000000000000011111111111111111111111111111111111111111100000000000000000
000000000000000011111111111111111111111111111111111111111100000000000000000
000000000000000011111111111111111111111111111111111111111100000000000000000
000000000000000011111111111111111111111111111111111111111100000000000000000
000000000000000011111111111111111111111111111111111111111100000000000000000
000000000000000011111111111111111111111111111111111111111100000000000000000
000000000000000011111111111111111111111111111111111111111100000000000000000
000000000000000011111111111111111111111111111111111111111100000000000000000
000000000000000011111111111111111111111111111111111111111100000000000000000
000000000000000011111111111111111111111111111111111111111100000000000000000
000000000000000011111111111111111111111111111111111111111100000000000000000
000000000000000011111111111111111111111111111111111111111100000000000000000
000000000000000011111111111111111111111111111111111111111100000000000000000
000000000000000011111111111111111111111111111111111111111100000000000000000
000000000000000000000000000000000000000000000000000000000000000000000000000
000000000000000000000000000000000000000000000000000000000000000000000000000
000000000000000000000000000000000000000000000000000000000000000000000000000
000000000000000000000000000000000000000000000000000000000000000000000000000
000000000000000000000000000000000000000000000000000000000000000000000000000
000000000000000000000000000000000000000000000000000000000000000000000000000
000000000000000000000000000000000000000000000000000000000000000000000000000
000000000000000000000000000000000000000000000000000000000000000000000000000
000000000000000000000000000000000000000000000000000000000000000000000000000
000000000000000000000000000000000000000000000000000000000000000000000000000
000000000000000000000000000000000000000000000000000000000000000000000000000
000000000000000000000000000000000000000000000000000000000000000000000000000
000000000000000000000000000000000000000000000000000000000000000000000000000
000000000000000000000000000000000000000000000000000000000000000000000000000
000000000000000000000000000000000000000000000000000000000000000000000000000
000000000000000000000000000000000000000000000000000000000000000000000000000
000000000000000000000000000000000000000000000000000000000000000000000000000
000000000000000000000000000000000000000000000000000000000000000000000000000
000000000000000000000000000000000000000000000000000000000000000000000000000
000000000000000000000000000000000000000000000000000000000000000000000000000
000000000000000000000000000000000000000000000000000000000000000000000000000
000000000000000000000000000000000000000000000000000000000000000000000000000
000000000000000000000000000000000000000000000000000000000000000000000000000
000000000000000000000000000000000000000000000000000000000000000000000000000
000000000000000000000000000000000000000000000000000000000000000000000000000

== SDRs ==
00100001000000010010110000000100
00000010001000010100000000100000
00000000000000000000000000000100
01000100000000000000100000000000
00000000100001001001000000000000
00110000000010000001001001000000
00000010000000100000000000001000
10110000000000001101010000001100
00000000010000000000000000010000
00111000000010001000000100000000
00011000100000001000000000000000
00000000000000100010000000000010
01000100000001001000001000100100
00100000010000100010000011100000
00000001000000000001000110010000
00000000010001000000010000001000
00001000000000100000000001000100
00000001100000100000001000000011
10000000010000010100000000000000
00000000010000100001000000010110
00000000010001100000011000001000
00000000010000000000000010000000
00010000000000000100000010000001
01000000001000000000010001100010
00010000000000000000000000000000
00000000001011000000000000000000
00000010010000001001000001100010
10100000101000010000000000000000
00000000110000000000000000100010
00000010100001010000001001001001
00011001100100010001010000010001
00000010000000100000110000101000

00001000000000000010011000100010
00001010000100000010100100110000
10000010010001000000001100000100
00001100000000110101000010001100
10000000100010000001000000100001
10000000010101100001101101110000
01010010001000100000011000001000
10111000001000011000100001000100
00010110000000000001001000010011
00101000111000101001001000101000
00011110100000010100000110000101
00000001000010000010000000001000
01000110001101000101010000110100
00000001010010001101011000101000
00010001010100010101100000001000
00000000010001000000110000001000
00001100001000100100000000000000
01000000001000010010000000000000
10100001000000011101000000001100
01100000000000100100000001000101
00101000110001000000010100001010
11101001010000100000100010001000
11000000010000000100000010000000
00100010010001000100000000000011
00010000001000000000101000101001
00000000001000000000010000000000
00010010100001001001100101100101
00001000101001010000010101000000
10000010010001100001011100101010
00000000101100000110001101000011
01000100100000000001110100010001
10000000000000000000010000101010

00100001000000010010110000000100
00000010001000010100000000100000
00000000000000000000000000000100
01000100000000000000100000000000
00000000100001001001000000000000
00110000000010000001001001000000
00000010000000100000000000001000
10110000000000001101010000001100
00000000010000000000000000010000
00111000000010001000000100000000
00011000100000001000000000000000
00000000000000100010000000000010
01000100000001001000001000100100
00100000010000100010000011100000
00000001000000000001000110010000
00000000010001000000010000001000
00001000000000100000000001000100
00000001100000100000001000000011
10000000010000010100000000000000
00000000010000100001000000010110
00000000010001100000011000001000
00000000010000000000000010000000
00010000000000000100000010000001
01000000001000000000010001100010
00010000000000000000000000000000
00000000001011000000000000000000
00000010010000001001000001100010
10100000101000010000000000000000
00000000110000000000000000100010
00000010100001010000001001001001
00011001100100010001010000010001
00000010000000100000110000101000

01000000000000000010010100000110
00000000000010010000001000110001
00000000000000000000001110000000
00000000000000000011100000001000
10000000001000000001100000000001
10110010100010100001000001000001
01000111000001100000000000001000
10111001000000000011001000001101
00000000010000000000001001110010
00000000100000001000000010010000
00011110000000000000000100000000
00000000000000100000000000000000
01010000100001001001001011110000
00000001010000000001010000100000
00010001001000000001110100000001
00000010000000000000010100001000
00001100000000100000001000000100
10000001100000100000000000000001
10000000010000010100000000100000
00101001000000100000000001000101
00000110100001000000010001010000
00001001010001101010000000000000
00000000000001000100000010000000
00000000001010000001001001000000
00010000000010000000000000100000
00000000001010000000000000011100
01010010111000100101000001100010
10011100101000000000001000000000
10100010110000000001001000101010
00000000000000010100100111000000
00101100100100001010100000011101
00001110000000000000110000101000

01000101000000001011010100000110
00000010000010011011101000100001
00000000010100000000001100000010
01000000010000100011000010001100
10000000000000001000100000000001
10110011110010000001110000000001
11000010000000000100000000001000
10110001000000010101001100001101
00000000010000000010001000111000
00010000100000001100000110000000
00011100111000100100000100000000
01000000000000100010000000000000
01000000000001101000001010100100
00000001010010000001000000100000
00000001001000100001011000010000
00000000000001001000000000001000
00001100000000000000000011000000
00001001100101100010000000000001
10001101010100011100000000110000
00100000000100100000000000000111
00000100100001000000010001000000
00001001000101100000000100000001
00000010000001000100000000000001
00000011001000100100010000000000
00010000000000000000000000100000
01000000001010000100000000111101
00000010011000000101000101000010
10010100001000000000001001000010
10000010110000000000001100111010
00000000000000001100101010000000
00101000100100000011100000110001
00001100000000000100110000001000

00001000000000000010011000100010
00001010000100000010100100110000
10000010010001000000001100000100
00001100000000110101000010001100
10000000100010000001000000100001
10000000010101100001101101110000
01010010001000100000011000001000
10111000001000011000100001000100
00010110000000000001001000010011
00101000111000101001001000101000
00011110100000010100000110000101
00000001000010000010000000001000
01000110001101000101010000110100
00000001010010001101011000101000
00010001010100010101100000001000
00000000010001000000110000001000
00001100001000100100000000000000
01000000001000010010000000000000
10100001000000011101000000001100
01100000000000100100000001000101
00101000110001000000010100001010
11101001010000100000100010001000
11000000010000000100000010000000
00100010010001000100000000000011
00010000001000000000101000101001
00000000001000000000010000000000
00010010100001001001100101100101
00001000101001010000010101000000
10000010010001100001011100101010
00000000101100000110001101000011
01000100100000000001110100010001
10000000000000000000010000101010

01000100000000000010000000000110
00000000000110000010000000100000
00000000000100000000000000000000
00000000000000000000000000001000
00000000000001000100100000000000
10010011100000000001101001000001
11000010000001000000000000001000
00111011010010010101000101101101
00100000000010000000001001010000
00000000100000000000000010000000
00001100100000101100000000100000
00000000000000100000000000000000
00000000000001001000010000100100
00000000000000000100010000100001
00010001000001000001111010011000
00000000000001000000000100000000
00001100000000100100000000000100
00000001000100110000010010000001
00000101010000010000000101110010
00100001000000100001001010001111
00000100100001000000010000001000
10000001000000100001000100000000
10000000000001000100000000010000
00000110000000100000000001000001
00001000000001000000000000100110
01000000001010000000000000000110
00000010001010000001000001000010
00110010001000010100000010000010
10000010100000000000000100100010
00000000000001011100000000000010
00000100100000000011100000101101
00001100000001000010110000101001

10000001100010001010000100001100
10000000100010000000010000000011
10000001001000000010000011000000
00010000100100010000100010001001
00000000000001001000100000100001
00010000100010100000110000001001
00000010100100000000010000010101
00100011000000000001011000000000
00001000000010100100001100110110
00000100000000101001010100010000
01101100111100000000000000000100
00101000000000001010100000000000
01010110110111001001001000000100
00000001010010000110011001100001
00010000101011010000100010010000
01000100000000000000010000001000
00000100010101101000000010000110
00000000010100010000010010000000
00000111010010011011001010000100
01001000000100100100100110000100
00000010100000000000010000000001
11010010001001100001000101000000
00000100010101010001000000001001
00101000010001100100001000000001
00010000001010000000000000001101
00100010000010000110000100110100
00001100100101100001010001000010
00010110101001010000001001000000
10101010000000000001001000101110
00000000000001001100101101101000
00000000100000010001100000100101
01000101000001000000110000101000

01100001000000001011000100000110
00000000000010011001000000000001
00000000001000000000001100000000
01000000010000100011100010000000
00100000000000001001100000000001
10110000110110000000110000000001
00010001000000100000001000000100
10100101000000000101000000000001
00000001000010000000001000100010
00010000101000001100010000000000
01001100111000000000000100000000
01000001010010000010100000000000
01000000000001001001011000100100
00000001010010100001000001100000
00000000101000000101000100010100
00000100010001001000000000001000
00000000000000110000000000000000
01100001000000100000000000000001
10001001000000010100000010100000
00101000000000000000000101000100
00000110110001100000011000010001
01000001000001010001100110000001
01000000010001010100000000000001
00000011001010100100001000010000
00000000000000000000000000000001
00000000011010001100000000100100
00010010101000000001000001000010
10000000001000000000001001000100
10100010110001000000001000000010
00000010000000000100001100001000
00001000100110010000000100110001
00001101000001000000100000000000

