== Attributes ==
title=2_size_square
type= 2x2
result=1
window_size=(75, 75)

== Input ==
000000000000000000000000000000000000000000000000000000000000000000000000000
000000000000000000000000000000000000000000000000000000000000000000000000000
000000000000000000000000000000000000000000000000000000000000000000000000000
000000000000000000000000000000000000000000000000000000000000000000000000000
000000000000000000000000000000000000000000000000000000000000000000000000000
000000000000000000000000000000000000000000000000000000000000000000000000000
000000000000000000000000000000000000000000000000000000000000000000000000000
000000000000000000000000000000000000000000000000000000000000000000000000000
000000000000000000000000000000000000000000000000000000000000000000000000000
000000000000000000000000000000000000000000000000000000000000000000000000000
000000000000000000000000000000000000000000000000000000000000000000000000000
000000000001111111111111111111111111111111111111111111111111111100000000000
000000000001111111111111111111111111111111111111111111111111111100000000000
000000000001100000000000000000000000000000000000000000000000001100000000000
000000000001100000000000000000000000000000000000000000000000001100000000000
000000000001100000000000000000000000000000000000000000000000001100000000000
000000000001100000000000000000000000000000000000000000000000001100000000000
000000000001100000000000000000000000000000000000000000000000001100000000000
000000000001100000000000000000000000000000000000000000000000001100000000000
000000000001100000000000000000000000000000000000000000000000001100000000000
000000000001100000000000000000000000000000000000000000000000001100000000000
000000000001100000000000000000000000000000000000000000000000001100000000000
000000000001100000000000000000000000000000000000000000000000001100000000000
000000000001100000000000000000000000000000000000000000000000001100000000000
000000000001100000000000000000000000000000000000000000000000001100000000000
000000000001100000000000000000000000000000000000000000000000001100000000000
000000000001100000000000000000000000000000000000000000000000001100000000000
000000000001100000000000000000000000000000000000000000000000001100000000000
000000000001100000000000000000000000000000000000000000000000001100000000000
000000000001100000000000000000000000000000000000000000000000001100000000000
000000000001100000000000000000000000000000000000000000000000001100000000000
000000000001100000000000000000000000000000000000000000000000001100000000000
000000000001100000000000000000000000000000000000000000000000001100000000000
000000000001100000000000000000000000000000000000000000000000001100000000000
000000000001100000000000000000000000000000000000000000000000001100000000000
000000000001100000000000000000000000000000000000000000000000001100000000000
000000000001100000000000000000000000000000000000000000000000001100000000000
000000000001100000000000000000000000000000000000000000000000001100000000000
000000000001100000000000000000000000000000000000000000000000001100000000000
000000000001100000000000000000000000000000000000000000000000001100000000000
000000000001100000000000000000000000000000000000000000000000001100000000000
000000000001100000000000000000000000000000000000000000000000001100000000000
000000000001100000000000000000000000000000000000000000000000001100000000000
000000000001100000000000000000000000000000000000000000000000001100000000000
000000000001100000000000000000000000000000000000000000000000001100000000000
000000000001100000000000000000000000000000000000000000000000001100000000000
000000000001100000000000000000000000000000000000000000000000001100000000000
000000000001100000000000000000000000000000000000000000000000001100000000000
000000000001100000000000000000000000000000000000000000000000001100000000000
000000000001100000000000000000000000000000000000000000000000001100000000000
000000000001100000000000000000000000000000000000000000000000001100000000000
000000000001100000000000000000000000000000000000000000000000001100000000000
000000000001100000000000000000000000000000000000000000000000001100000000000
000000000001100000000000000000000000000000000000000000000000001100000000000
000000000001100000000000000000000000000000000000000000000000001100000000000
000000000001100000000000000000000000000000000000000000000000001100000000000
000000000001100000000000000000000000000000000000000000000000001100000000000
000000000001100000000000000000000000000000000000000000000000001100000000000
000000000001100000000000000000000000000000000000000000000000001100000000000
000000000001100000000000000000000000000000000000000000000000001100000000000
000000000001100000000000000000000000000000000000000000000000001100000000000
000000000001100000000000000000000000000000000000000000000000001100000000000
000000000001111111111111111111111111111111111111111111111111111100000000000
000000000001111111111111111111111111111111111111111111111111111100000000000
000000000000000000000000000000000000000000000000000000000000000000000000000
000000000000000000000000000000000000000000000000000000000000000000000000000
000000000000000000000000000000000000000000000000000000000000000000000000000
000000000000000000000000000000000000000000000000000000000000000000000000000
000000000000000000000000000000000000000000000000000000000000000000000000000
000000000000000000000000000000000000000000000000000000000000000000000000000
000000000000000000000000000000000000000000000000000000000000000000000000000
000000000000000000000000000000000000000000000000000000000000000000000000000
000000000000000000000000000000000000000000000000000000000000000000000000000
000000000000000000000000000000000000000000000000000000000000000000000000000
000000000000000000000000000000000000000000000000000000000000000000000000000

000000000000000000000000000000000000000000000000000000000000000000000000000
000000000000000000000000000000000000000000000000000000000000000000000000000
000000000000000000000000000000000000000000000000000000000000000000000000000
000000000000000000000000000000000000000000000000000000000000000000000000000
000000000000000000000000000000000000000000000000000000000000000000000000000
000000000000000000000000000000000000000000000000000000000000000000000000000
000000000000000000000000000000000000000000000000000000000000000000000000000
000000000000000000000000000000000000000000000000000000000000000000000000000
000000000000000000000000000000000000000000000000000000000000000000000000000
000000000000000000000000000000000000000000000000000000000000000000000000000
000000000000000000000000000000000000000000000000000000000000000000000000000
000000000000000000000000000000000000000000000000000000000000000000000000000
000000000000000000000000000000000000000000000000000000000000000000000000000
000000000000000000000000000000000000000000000000000000000000000000000000000
000000000000000000000000000000000000000000000000000000000000000000000000000
000000000000000000000000000000000000000000000000000000000000000000000000000
000000000000000000000000000000000000000000000000000000000000000000000000000
000000000000000000000000000000000000000000000000000000000000000000000000000
000000000000000000000000000000000000000000000000000000000000000000000000000
000000000000000000000000000000000000000000000000000000000000000000000000000
000000000000000000000000000000000000000000000000000000000000000000000000000
000000000000000000000000000000000000000000000000000000000000000000000000000
000000000000000000000000000000000000000000000000000000000000000000000000000
000000000000000000000000000000000000000000000000000000000000000000000000000
000000000000000000000000000000000000000000000000000000000000000000000000000
000000000000000000000000000000000000000000000000000000000000000000000000000
000000000000000000000000000000000000000000000000000000000000000000000000000
000000000000000000000000000000000000000000000000000000000000000000000000000
000000000000000000000000000000000000000000000000000000000000000000000000000
000000000000000000000000000001111111111111111100000000000000000000000000000
000000000000000000000000000001111111111111111100000000000000000000000000000
000000000000000000000000000001100000000000001100000000000000000000000000000
000000000000000000000000000001100000000000001100000000000000000000000000000
000000000000000000000000000001100000000000001100000000000000000000000000000
000000000000000000000000000001100000000000001100000000000000000000000000000
000000000000000000000000000001100000000000001100000000000000000000000000000
000000000000000000000000000001100000000000001100000000000000000000000000000
000000000000000000000000000001100000000000001100000000000000000000000000000
000000000000000000000000000001100000000000001100000000000000000000000000000
000000000000000000000000000001100000000000001100000000000000000000000000000
000000000000000000000000000001100000000000001100000000000000000000000000000
000000000000000000000000000001100000000000001100000000000000000000000000000
000000000000000000000000000001100000000000001100000000000000000000000000000
000000000000000000000000000001100000000000001100000000000000000000000000000
000000000000000000000000000001111111111111111100000000000000000000000000000
000000000000000000000000000001111111111111111100000000000000000000000000000
000000000000000000000000000000000000000000000000000000000000000000000000000
000000000000000000000000000000000000000000000000000000000000000000000000000
000000000000000000000000000000000000000000000000000000000000000000000000000
000000000000000000000000000000000000000000000000000000000000000000000000000
000000000000000000000000000000000000000000000000000000000000000000000000000
000000000000000000000000000000000000000000000000000000000000000000000000000
000000000000000000000000000000000000000000000000000000000000000000000000000
000000000000000000000000000000000000000000000000000000000000000000000000000
000000000000000000000000000000000000000000000000000000000000000000000000000
000000000000000000000000000000000000000000000000000000000000000000000000000
000000000000000000000000000000000000000000000000000000000000000000000000000
000000000000000000000000000000000000000000000000000000000000000000000000000
000000000000000000000000000000000000000000000000000000000000000000000000000
000000000000000000000000000000000000000000000000000000000000000000000000000
000000000000000000000000000000000000000000000000000000000000000000000000000
000000000000000000000000000000000000000000000000000000000000000000000000000
000000000000000000000000000000000000000000000000000000000000000000000000000
000000000000000000000000000000000000000000000000000000000000000000000000000
000000000000000000000000000000000000000000000000000000000000000000000000000
000000000000000000000000000000000000000000000000000000000000000000000000000
000000000000000000000000000000000000000000000000000000000000000000000000000
000000000000000000000000000000000000000000000000000000000000000000000000000
000000000000000000000000000000000000000000000000000000000000000000000000000
000000000000000000000000000000000000000000000000000000000000000000000000000
000000000000000000000000000000000000000000000000000000000000000000000000000
000000000000000000000000000000000000000000000000000000000000000000000000000
000000000000000000000000000000000000000000000000000000000000000000000000000
000000000000000000000000000000000000000000000000000000000000000000000000000
000000000000000000000000000000000000000000000000000000000000000000000000000

000000000000000000000000000000000000000000000000000000000000000000000000000
000000000000000000000000000000000000000000000000000000000000000000000000000
000000000000000000000000000000000000000000000000000000000000000000000000000
000000000000000000000000000000000000000000000000000000000000000000000000000
000000000000000000000000000000000000000000000000000000000000000000000000000
000000000000000000000000000000000000000000000000000000000000000000000000000
000000000000000000000000000000000000000000000000000000000000000000000000000
000000000000000000000000000000000000000000000000000000000000000000000000000
000000000000000000000000000000000000000000000000000000000000000000000000000
000000000000000000000000000000000000000000000000000000000000000000000000000
000000000000000000000000000000000000000000000000000000000000000000000000000
000000000001111111111111111111111111111111111111111111111111111100000000000
000000000001111111111111111111111111111111111111111111111111111100000000000
000000000001100000000000000000000000000000000000000000000000001100000000000
000000000001100000000000000000000000000000000000000000000000001100000000000
000000000001100000000000000000000000000000000000000000000000001100000000000
000000000001100000000000000000000000000000000000000000000000001100000000000
000000000001100000000000000000000000000000000000000000000000001100000000000
000000000001100000000000000000000000000000000000000000000000001100000000000
000000000001100000000000000000000000000000000000000000000000001100000000000
000000000001100000000000000000000000000000000000000000000000001100000000000
000000000001100000000000000000000000000000000000000000000000001100000000000
000000000001100000000000000000000000000000000000000000000000001100000000000
000000000001100000000000000000000000000000000000000000000000001100000000000
000000000001100000000000000000000000000000000000000000000000001100000000000
000000000001100000000000000000000000000000000000000000000000001100000000000
000000000001100000000000000000000000000000000000000000000000001100000000000
000000000001100000000000000000000000000000000000000000000000001100000000000
000000000001100000000000000000000000000000000000000000000000001100000000000
000000000001100000000000000000000000000000000000000000000000001100000000000
000000000001100000000000000000000000000000000000000000000000001100000000000
000000000001100000000000000000000000000000000000000000000000001100000000000
000000000001100000000000000000000000000000000000000000000000001100000000000
000000000001100000000000000000000000000000000000000000000000001100000000000
000000000001100000000000000000000000000000000000000000000000001100000000000
000000000001100000000000000000000000000000000000000000000000001100000000000
000000000001100000000000000000000000000000000000000000000000001100000000000
000000000001100000000000000000000000000000000000000000000000001100000000000
000000000001100000000000000000000000000000000000000000000000001100000000000
000000000001100000000000000000000000000000000000000000000000001100000000000
000000000001100000000000000000000000000000000000000000000000001100000000000
000000000001100000000000000000000000000000000000000000000000001100000000000
000000000001100000000000000000000000000000000000000000000000001100000000000
000000000001100000000000000000000000000000000000000000000000001100000000000
000000000001100000000000000000000000000000000000000000000000001100000000000
000000000001100000000000000000000000000000000000000000000000001100000000000
000000000001100000000000000000000000000000000000000000000000001100000000000
000000000001100000000000000000000000000000000000000000000000001100000000000
000000000001100000000000000000000000000000000000000000000000001100000000000
000000000001100000000000000000000000000000000000000000000000001100000000000
000000000001100000000000000000000000000000000000000000000000001100000000000
000000000001100000000000000000000000000000000000000000000000001100000000000
000000000001100000000000000000000000000000000000000000000000001100000000000
000000000001100000000000000000000000000000000000000000000000001100000000000
000000000001100000000000000000000000000000000000000000000000001100000000000
000000000001100000000000000000000000000000000000000000000000001100000000000
000000000001100000000000000000000000000000000000000000000000001100000000000
000000000001100000000000000000000000000000000000000000000000001100000000000
000000000001100000000000000000000000000000000000000000000000001100000000000
000000000001100000000000000000000000000000000000000000000000001100000000000
000000000001100000000000000000000000000000000000000000000000001100000000000
000000000001100000000000000000000000000000000000000000000000001100000000000
000000000001111111111111111111111111111111111111111111111111111100000000000
000000000001111111111111111111111111111111111111111111111111111100000000000
000000000000000000000000000000000000000000000000000000000000000000000000000
000000000000000000000000000000000000000000000000000000000000000000000000000
000000000000000000000000000000000000000000000000000000000000000000000000000
000000000000000000000000000000000000000000000000000000000000000000000000000
000000000000000000000000000000000000000000000000000000000000000000000000000
000000000000000000000000000000000000000000000000000000000000000000000000000
000000000000000000000000000000000000000000000000000000000000000000000000000
000000000000000000000000000000000000000000000000000000000000000000000000000
000000000000000000000000000000000000000000000000000000000000000000000000000
000000000000000000000000000000000000000000000000000000000000000000000000000
000000000000000000000000000000000000000000000000000000000000000000000000000

== Output ==
000000000000000000000000000000000000000000000000000000000000000000000000000
000000000000000000000000000000000000000000000000000000000000000000000000000
000000000000000000000000000000000000000000000000000000000000000000000000000
000000000000000000000000000000000000000000000000000000000000000000000000000
000000000000000000000000000000000000000000000000000000000000000000000000000
000000000000000000000000000000000000000000000000000000000000000000000000000
000000000000000000000000000000000000000000000000000000000000000000000000000
000000000000000000000000000000000000000000000000000000000000000000000000000
000000000000000000000000000000000000000000000000000000000000000000000000000
000000000000000000000000000000000000000000000000000000000000000000000000000
000000000000000000000000000000000000000000000000000000000000000000000000000
000000000000000000000000000000000000000000000000000000000000000000000000000
000000000000000000000000000000000000000000000000000000000000000000000000000
000000000000000000000000000000000000000000000000000000000000000000000000000
000000000000000000000000000000000000000000000000000000000000000000000000000
000000000000000000000000000000000000000000000000000000000000000000000000000
000000000000000000000000000000000000000000000000000000000000000000000000000
000000000000000000000000000000000000000000000000000000000000000000000000000
000000000000000000000000000000000000000000000000000000000000000000000000000
000000000000000000000000000000000000000000000000000000000000000000000000000
000000000000000000000000000000000000000000000000000000000000000000000000000
000000000000000000000000000000000000000000000000000000000000000000000000000
000000000000000000000000000000000000000000000000000000000000000000000000000
000000000000000000000000000000000000000000000000000000000000000000000000000
000000000000000000000000000000000000000000000000000000000000000000000000000
000000000000000000000000000000000000000000000000000000000000000000000000000
000000000000000000000000000000000000000000000000000000000000000000000000000
000000000000000000000000000000000000000000000000000000000000000000000000000
000000000000000000000000000000000000000000000000000000000000000000000000000
000000000000000000000000000001111111111111111100000000000000000000000000000
000000000000000000000000000001111111111111111100000000000000000000000000000
000000000000000000000000000001100000000000001100000000000000000000000000000
000000000000000000000000000001100000000000001100000000000000000000000000000
000000000000000000000000000001100000000000001100000000000000000000000000000
000000000000000000000000000001100000000000001100000000000000000000000000000
000000000000000000000000000001100000000000001100000000000000000000000000000
000000000000000000000000000001100000000000001100000000000000000000000000000
000000000000000000000000000001100000000000001100000000000000000000000000000
000000000000000000000000000001100000000000001100000000000000000000000000000
000000000000000000000000000001100000000000001100000000000000000000000000000
000000000000000000000000000001100000000000001100000000000000000000000000000
000000000000000000000000000001100000000000001100000000000000000000000000000
000000000000000000000000000001100000000000001100000000000000000000000000000
000000000000000000000000000001100000000000001100000000000000000000000000000
000000000000000000000000000001111111111111111100000000000000000000000000000
000000000000000000000000000001111111111111111100000000000000000000000000000
000000000000000000000000000000000000000000000000000000000000000000000000000
000000000000000000000000000000000000000000000000000000000000000000000000000
000000000000000000000000000000000000000000000000000000000000000000000000000
000000000000000000000000000000000000000000000000000000000000000000000000000
000000000000000000000000000000000000000000000000000000000000000000000000000
000000000000000000000000000000000000000000000000000000000000000000000000000
000000000000000000000000000000000000000000000000000000000000000000000000000
000000000000000000000000000000000000000000000000000000000000000000000000000
000000000000000000000000000000000000000000000000000000000000000000000000000
000000000000000000000000000000000000000000000000000000000000000000000000000
000000000000000000000000000000000000000000000000000000000000000000000000000
000000000000000000000000000000000000000000000000000000000000000000000000000
000000000000000000000000000000000000000000000000000000000000000000000000000
000000000000000000000000000000000000000000000000000000000000000000000000000
000000000000000000000000000000000000000000000000000000000000000000000000000
000000000000000000000000000000000000000000000000000000000000000000000000000
000000000000000000000000000000000000000000000000000000000000000000000000000
000000000000000000000000000000000000000000000000000000000000000000000000000
000000000000000000000000000000000000000000000000000000000000000000000000000
000000000000000000000000000000000000000000000000000000000000000000000000000
000000000000000000000000000000000000000000000000000000000000000000000000000
000000000000000000000000000000000000000000000000000000000000000000000000000
000000000000000000000000000000000000000000000000000000000000000000000000000
000000000000000000000000000000000000000000000000000000000000000000000000000
000000000000000000000000000000000000000000000000000000000000000000000000000
000000000000000000000000000000000000000000000000000000000000000000000000000
000000000000000000000000000000000000000000000000000000000000000000000000000
000000000000000000000000000000000000000000000000000000000000000000000000000
000000000000000000000000000000000000000000000000000000000000000000000000000

000000000000000000000000000000000000000000000000000000000000000000000000000
000000000000000000000000000000000000000000000000000000000000000000000000000
000000000000000000000000000000000000000000000000000000000000000000000000000
000000000000000000000000000000000000000000000000000000000000000000000000000
000000000000000000000000000000000000000000000000000000000000000000000000000
000000000000000000000000000000000000000000000000000000000000000000000000000
000000000000000000000000000000000000000000000000000000000000000000000000000
000000000000000000000000000000000000000000000000000000000000000000000000000
000000000000000000000000000000000000000000000000000000000000000000000000000
000000000000000000000000000000000000000000000000000000000000000000000000000
000000000000000000000000000000000000000000000000000000000000000000000000000
000000000000000000000000000000000000000000000000000000000000000000000000000
000000000000000000000000000000000000000000000000000000000000000000000000000
000000000000000000000000000000000000000000000000000000000000000000000000000
000000000000000000000000000000000000000000000000000000000000000000000000000
000000000000000000000000000000000000000000000000000000000000000000000000000
000000000000000000000000000000000000000000000000000000000000000000000000000
000000000000000000000000000000000000000000000000000000000000000000000000000
000000000000000000000000000000000000000000000000000000000000000000000000000
000000000000000000000000000000000000000000000000000000000000000000000000000
000000000000000000000000000000000000000000000000000000000000000000000000000
000000000000000000000000000000000000000000000000000000000000000000000000000
000000000000000000000000000000000000000000000000000000000000000000000000000
000000000000000000000000000000000000000000000000000000000000000000000000000
000000000000000000000000000000000000000000000000000000000000000000000000000
000000000000000000000000000000000000000000000000000000000000000000000000000
000000000000000000000000000000000000010000000000000000000000000000000000000
000000000000000000000000000000000111111111000000000000000000000000000000000
000000000000000000000000000000011111111111110000000000000000000000000000000
000000000000000000000000000000111000000000111000000000000000000000000000000
000000000000000000000000000001110000000000011100000000000000000000000000000
000000000000000000000000000011100000000000001110000000000000000000000000000
000000000000000000000000000011000000000000000110000000000000000000000000000
000000000000000000000000000110000000000000000011000000000000000000000000000
000000000000000000000000000110000000000000000011000000000000000000000000000
000000000000000000000000000110000000000000000011000000000000000000000000000
000000000000000000000000000110000000000000000011000000000000000000000000000
000000000000000000000000001110000000000000000011100000000000000000000000000
000000000000000000000000000110000000000000000011000000000000000000000000000
000000000000000000000000000110000000000000000011000000000000000000000000000
000000000000000000000000000110000000000000000011000000000000000000000000000
000000000000000000000000000110000000000000000011000000000000000000000000000
000000000000000000000000000011000000000000000110000000000000000000000000000
000000000000000000000000000011100000000000001110000000000000000000000000000
000000000000000000000000000001110000000000011100000000000000000000000000000
000000000000000000000000000000111000000000111000000000000000000000000000000
000000000000000000000000000000011111111111110000000000000000000000000000000
000000000000000000000000000000000111111111000000000000000000000000000000000
000000000000000000000000000000000000010000000000000000000000000000000000000
000000000000000000000000000000000000000000000000000000000000000000000000000
000000000000000000000000000000000000000000000000000000000000000000000000000
000000000000000000000000000000000000000000000000000000000000000000000000000
000000000000000000000000000000000000000000000000000000000000000000000000000
000000000000000000000000000000000000000000000000000000000000000000000000000
000000000000000000000000000000000000000000000000000000000000000000000000000
000000000000000000000000000000000000000000000000000000000000000000000000000
000000000000000000000000000000000000000000000000000000000000000000000000000
000000000000000000000000000000000000000000000000000000000000000000000000000
000000000000000000000000000000000000000000000000000000000000000000000000000
000000000000000000000000000000000000000000000000000000000000000000000000000
000000000000000000000000000000000000000000000000000000000000000000000000000
000000000000000000000000000000000000000000000000000000000000000000000000000
000000000000000000000000000000000000000000000000000000000000000000000000000
000000000000000000000000000000000000000000000000000000000000000000000000000
000000000000000000000000000000000000000000000000000000000000000000000000000
000000000000000000000000000000000000000000000000000000000000000000000000000
000000000000000000000000000000000000000000000000000000000000000000000000000
000000000000000000000000000000000000000000000000000000000000000000000000000
000000000000000000000000000000000000000000000000000000000000000000000000000
000000000000000000000000000000000000000000000000000000000000000000000000000
000000000000000000000000000000000000000000000000000000000000000000000000000
000000000000000000000000000000000000000000000000000000000000000000000000000
000000000000000000000000000000000000000000000000000000000000000000000000000
000000000000000000000000000000000000000000000000000000000000000000000000000
000000000000000000000000000000000000000000000000000000000000000000000000000

000000000000000000000000000000000000000000000000000000000000000000000000000
000000000000000000000000000000000000000000000000000000000000000000000000000
000000000000000000000000000000000000000000000000000000000000000000000000000
000000000000000000000000000000000000000000000000000000000000000000000000000
000000000000000000000000000000000000000000000000000000000000000000000000000
000000000000000000000000000000000000000000000000000000000000000000000000000
000000000000000000000000000000000000000000000000000000000000000000000000000
000000000000000000000000000000000000000000000000000000000000000000000000000
000000000000000000000000000000000000000000000000000000000000000000000000000
000000000000000000000000000000000000000000000000000000000000000000000000000
000000000000000000000000000000000000000000000000000000000000000000000000000
000000000000000000000000000000000000000000000000000000000000000000000000000
000000000000000000000000000000000000000000000000000000000000000000000000000
000000000000000000000000000000000000000000000000000000000000000000000000000
000000000000000000000000000000000000000000000000000000000000000000000000000
000000000000000000000000000000000000000000000000000000000000000000000000000
000000000000000000000000000000000000000000000000000000000000000000000000000
000000000000000000000000000000000000000000000000000000000000000000000000000
000000000000000000000000000000000000000000000000000000000000000000000000000
000000000000000000000000000000000000000000000000000000000000000000000000000
000000000000000000000000000000000000000000000000000000000000000000000000000
000000000000000000000000000000000000000000000000000000000000000000000000000
000000000000000000000000000000000000000000000000000000000000000000000000000
000000000000000000000000000000000000000000000000000000000000000000000000000
000000000000000000000000000000000000000000000000000000000000000000000000000
000000000000000000000000000000000000000000000000000000000000000000000000000
000000000000000000000000000000000000000000000000000000000000000000000000000
000000000000000000000000000000000000000000000000000000000000000000000000000
000000000000000000000000000000000000000000000000000000000000000000000000000
000000000000000000000000000000000000000000000000000000000000000000000000000
000000000000000000000000000000000000000000000000000000000000000000000000000
000000000000000000000000000000000000010000000000000000000000000000000000000
000000000000000000000000000000000000111000000000000000000000000000000000000
000000000000000000000000000000000001101100000000000000000000000000000000000
000000000000000000000000000000000011000110000000000000000000000000000000000
000000000000000000000000000000000110000011000000000000000000000000000000000
000000000000000000000000000000001100000001100000000000000000000000000000000
000000000000000000000000000000011000000000110000000000000000000000000000000
000000000000000000000000000000110000000000011000000000000000000000000000000
000000000000000000000000000001100000000000001100000000000000000000000000000
000000000000000000000000000011000000000000000110000000000000000000000000000
000000000000000000000000000111111111111111111111000000000000000000000000000
000000000000000000000000001111111111111111111111100000000000000000000000000
000000000000000000000000000000000000000000000000000000000000000000000000000
000000000000000000000000000000000000000000000000000000000000000000000000000
000000000000000000000000000000000000000000000000000000000000000000000000000
000000000000000000000000000000000000000000000000000000000000000000000000000
000000000000000000000000000000000000000000000000000000000000000000000000000
000000000000000000000000000000000000000000000000000000000000000000000000000
000000000000000000000000000000000000000000000000000000000000000000000000000
000000000000000000000000000000000000000000000000000000000000000000000000000
000000000000000000000000000000000000000000000000000000000000000000000000000
000000000000000000000000000000000000000000000000000000000000000000000000000
000000000000000000000000000000000000000000000000000000000000000000000000000
000000000000000000000000000000000000000000000000000000000000000000000000000
000000000000000000000000000000000000000000000000000000000000000000000000000
000000000000000000000000000000000000000000000000000000000000000000000000000
000000000000000000000000000000000000000000000000000000000000000000000000000
000000000000000000000000000000000000000000000000000000000000000000000000000
000000000000000000000000000000000000000000000000000000000000000000000000000
000000000000000000000000000000000000000000000000000000000000000000000000000
000000000000000000000000000000000000000000000000000000000000000000000000000
000000000000000000000000000000000000000000000000000000000000000000000000000
000000000000000000000000000000000000000000000000000000000000000000000000000
000000000000000000000000000000000000000000000000000000000000000000000000000
000000000000000000000000000000000000000000000000000000000000000000000000000
000000000000000000000000000000000000000000000000000000000000000000000000000
000000000000000000000000000000000000000000000000000000000000000000000000000
000000000000000000000000000000000000000000000000000000000000000000000000000
000000000000000000000000000000000000000000000000000000000000000000000000000
000000000000000000000000000000000000000000000000000000000000000000000000000
000000000000000000000000000000000000000000000000000000000000000000000000000
000000000000000000000000000000000000000000000000000000000000000000000000000
000000000000000000000000000000000000000000000000000000000000000000000000000
000000000000000000000000000000000000000000000000000000000000000000000000000

000000000000000000000000000000000000000000000000000000000000000000000000000
000000000000000000000000000000000000000000000000000000000000000000000000000
000000000000000000000000000000000000000000000000000000000000000000000000000
000000000000000000000000000000000000000000000000000000000000000000000000000
000000000000000000000000000000000000000000000000000000000000000000000000000
000000000000000000000000000000000000000000000000000000000000000000000000000
000000000000000000000000000000000000000000000000000000000000000000000000000
000000000000000000000000000000000000000000000000000000000000000000000000000
000000000000000000000000000000000000000000000000000000000000000000000000000
000000000000000000000000000000000000000000000000000000000000000000000000000
000000000000000000000000000000000000000000000000000000000000000000000000000
000000000000000000000000000000000000000000000000000000000000000000000000000
000000000000000000000000000000000000000000000000000000000000000000000000000
000000000000000000000000000000000000000000000000000000000000000000000000000
000000000000000000000000000000000000000000000000000000000000000000000000000
000000000000000000000000000000000000000000000000000000000000000000000000000
000000000000000000000000000000000000000000000000000000000000000000000000000
000000000000000000000000000000000000000000000000000000000000000000000000000
000000000000000000000000000000000000000000000000000000000000000000000000000
000000000000000000000000000000000000000000000000000000000000000000000000000
000000000000000000000000000000000000000000000000000000000000000000000000000
000000000000000000000000000000000000000000000000000000000000000000000000000
000000000000000000000000000000000000000000000000000000000000000000000000000
000000000000000000000000000000000000000000000000000000000000000000000000000
000000000000000000000000000000000000000000000000000000000000000000000000000
000000000000000000000000000000000000000000000000000000000000000000000000000
000000000000000000000000000000000000000000000000000000000000000000000000000
000000000000000000000000000000011111111111110000000000000000000000000000000
000000000000000000000000000000011111111111110000000000000000000000000000000
000000000000000000000000000000011000000000110000000000000000000000000000000
000000000000000000000000000000011000000000110000000000000000000000000000000
000000000000000000000000000000011000000000110000000000000000000000000000000
000000000000000000000000000000011000000000110000000000000000000000000000000
000000000000000000000000000000011000000000110000000000000000000000000000000
000000000000000000000000000000011000000000110000000000000000000000000000000
000000000000000000000000000000011000000000110000000000000000000000000000000
000000000000000000000000000000011000000000110000000000000000000000000000000
000000000000000000000000000000011000000000110000000000000000000000000000000
000000000000000000000000000000011000000000110000000000000000000000000000000
000000000000000000000000000000011000000000110000000000000000000000000000000
000000000000000000000000000000011000000000110000000000000000000000000000000
000000000000000000000000000000011000000000110000000000000000000000000000000
000000000000000000000000000000011000000000110000000000000000000000000000000
000000000000000000000000000000011000000000110000000000000000000000000000000
000000000000000000000000000000011000000000110000000000000000000000000000000
000000000000000000000000000000011000000000110000000000000000000000000000000
000000000000000000000000000000011111111111110000000000000000000000000000000
000000000000000000000000000000011111111111110000000000000000000000000000000
000000000000000000000000000000000000000000000000000000000000000000000000000
000000000000000000000000000000000000000000000000000000000000000000000000000
000000000000000000000000000000000000000000000000000000000000000000000000000
000000000000000000000000000000000000000000000000000000000000000000000000000
000000000000000000000000000000000000000000000000000000000000000000000000000
000000000000000000000000000000000000000000000000000000000000000000000000000
000000000000000000000000000000000000000000000000000000000000000000000000000
000000000000000000000000000000000000000000000000000000000000000000000000000
000000000000000000000000000000000000000000000000000000000000000000000000000
000000000000000000000000000000000000000000000000000000000000000000000000000
000000000000000000000000000000000000000000000000000000000000000000000000000
000000000000000000000000000000000000000000000000000000000000000000000000000
000000000000000000000000000000000000000000000000000000000000000000000000000
000000000000000000000000000000000000000000000000000000000000000000000000000
000000000000000000000000000000000000000000000000000000000000000000000000000
000000000000000000000000000000000000000000000000000000000000000000000000000
000000000000000000000000000000000000000000000000000000000000000000000000000
000000000000000000000000000000000000000000000000000000000000000000000000000
000000000000000000000000000000000000000000000000000000000000000000000000000
000000000000000000000000000000000000000000000000000000000000000000000000000
000000000000000000000000000000000000000000000000000000000000000000000000000
000000000000000000000000000000000000000000000000000000000000000000000000000
000000000000000000000000000000000000000000000000000000000000000000000000000
000000000000000000000000000000000000000000000000000000000000000000000000000
000000000000000000000000000000000000000000000000000000000000000000000000000
000000000000000000000000000000000000000000000000000000000000000000000000000
000000000000000000000000000000000000000000000000000000000000000000000000000

000000000000000000000000000000000000000000000000000000000000000000000000000
000000000000000000000000000000000000000000000000000000000000000000000000000
000000000000000000000000000000000000000000000000000000000000000000000000000
000000000000000000000000000000000000000000000000000000000000000000000000000
000000000000000000000000000000000000000000000000000000000000000000000000000
000000000000000000000000000000000000000000000000000000000000000000000000000
000000000000000000000000000000000000000000000000000000000000000000000000000
000000000000000000000000000000000000000000000000000000000000000000000000000
000000000000000000000000000000000000000000000000000000000000000000000000000
000000000000000000000000000000000000000000000000000000000000000000000000000
000000000000000000000000000000000000000000000000000000000000000000000000000
000000000000000000000000000000000000000000000000000000000000000000000000000
000000000000000000000000000000000000000000000000000000000000000000000000000
000000000000000000000000000000000000000000000000000000000000000000000000000
000000000000000000000000000000000000000000000000000000000000000000000000000
000000000000000000000000000000000000000000000000000000000000000000000000000
000000000000000000000000000000000000000000000000000000000000000000000000000
000000000000000000000000000000000000000000000000000000000000000000000000000
000000000000000000000000000000000000000000000000000000000000000000000000000
000000000000000000000000000000000000000000000000000000000000000000000000000
000000000000000000000000000000000000000000000000000000000000000000000000000
000000000000000000000000000000000000000000000000000000000000000000000000000
000000000000000000000000000000000000000000000000000000000000000000000000000
000000000000000000000000000000000000000000000000000000000000000000000000000
000000000000000000000000000000000000000000000000000000000000000000000000000
000000000000000000000000000000000000000000000000000000000000000000000000000
000000000000000000000000000000000000000000000000000000000000000000000000000
000000000000000000000000000000000000000000000000000000000000000000000000000
000000000000000000000000000000000000000000000000000000000000000000000000000
000000000000000000000000000000000000000000000000000000000000000000000000000
000000000000000000000000000000000000000000000000000000000000000000000000000
000000000000000000000000000000000000000000000000000000000000000000000000000
000000000000000000000000001111111111111111111111100000000000000000000000000
000000000000000000000000000111111111111111111111000000000000000000000000000
000000000000000000000000000011000000000000000110000000000000000000000000000
000000000000000000000000000001100000000000001100000000000000000000000000000
000000000000000000000000000000110000000000011000000000000000000000000000000
000000000000000000000000000000011000000000110000000000000000000000000000000
000000000000000000000000000000001100000001100000000000000000000000000000000
000000000000000000000000000000000110000011000000000000000000000000000000000
000000000000000000000000000000000011000110000000000000000000000000000000000
000000000000000000000000000000000001101100000000000000000000000000000000000
000000000000000000000000000000000000111000000000000000000000000000000000000
000000000000000000000000000000000000010000000000000000000000000000000000000
000000000000000000000000000000000000000000000000000000000000000000000000000
000000000000000000000000000000000000000000000000000000000000000000000000000
000000000000000000000000000000000000000000000000000000000000000000000000000
000000000000000000000000000000000000000000000000000000000000000000000000000
000000000000000000000000000000000000000000000000000000000000000000000000000
000000000000000000000000000000000000000000000000000000000000000000000000000
000000000000000000000000000000000000000000000000000000000000000000000000000
000000000000000000000000000000000000000000000000000000000000000000000000000
000000000000000000000000000000000000000000000000000000000000000000000000000
000000000000000000000000000000000000000000000000000000000000000000000000000
000000000000000000000000000000000000000000000000000000000000000000000000000
000000000000000000000000000000000000000000000000000000000000000000000000000
000000000000000000000000000000000000000000000000000000000000000000000000000
000000000000000000000000000000000000000000000000000000000000000000000000000
000000000000000000000000000000000000000000000000000000000000000000000000000
000000000000000000000000000000000000000000000000000000000000000000000000000
000000000000000000000000000000000000000000000000000000000000000000000000000
000000000000000000000000000000000000000000000000000000000000000000000000000
000000000000000000000000000000000000000000000000000000000000000000000000000
000000000000000000000000000000000000000000000000000000000000000000000000000
000000000000000000000000000000000000000000000000000000000000000000000000000
000000000000000000000000000000000000000000000000000000000000000000000000000
000000000000000000000000000000000000000000000000000000000000000000000000000
000000000000000000000000000000000000000000000000000000000000000000000000000
000000000000000000000000000000000000000000000000000000000000000000000000000
000000000000000000000000000000000000000000000000000000000000000000000000000
000000000000000000000000000000000000000000000000000000000000000000000000000
000000000000000000000000000000000000000000000000000000000000000000000000000
000000000000000000000000000000000000000000000000000000000000000000000000000
000000000000000000000000000000000000000000000000000000000000000000000000000
000000000000000000000000000000000000000000000000000000000000000000000000000

000000000000000000000000000000000000000000000000000000000000000000000000000
000000000000000000000000000000000000000000000000000000000000000000000000000
000000000000000000000000000000000000000000000000000000000000000000000000000
000000000000000000000000000000000000000000000000000000000000000000000000000
000000000000000000000000000000000000000000000000000000000000000000000000000
000000000000000000000000000000000000000000000000000000000000000000000000000
000000000000000000000000000000000000000000000000000000000000000000000000000
000000000000000000000000000000000000000000000000000000000000000000000000000
000000000000000000000000000000000000000000000000000000000000000000000000000
000000000000000000000000000000000000000000000000000000000000000000000000000
000000000000000000000000000000000000000000000000000000000000000000000000000
000000000000000000000000000000000000000000000000000000000000000000000000000
000000000000000000000000000000000000000000000000000000000000000000000000000
000000000000000000000000000000000000000000000000000000000000000000000000000
000000000000000000000000000000000000000000000000000000000000000000000000000
000000000000000000000000000000000000000000000000000000000000000000000000000
000000000000000000000000000000000000000000000000000000000000000000000000000
000000000000000000000000000000000000000000000000000000000000000000000000000
000000000000000000000000000000000000000000000000000000000000000000000000000
000000000000000000000000000000000000000000000000000000000000000000000000000
000000000000000000000000000000000000000000000000000000000000000000000000000
000000000000000000000000000000000000000000000000000000000000000000000000000
000000000000000000000000000000000000000000000000000000000000000000000000000
000000000000000000000000000000000000000000000000000000000000000000000000000
000000000000000000000000000000000000000000000000000000000000000000000000000
000000000000000000000000000000000000000000000000000000000000000000000000000
000000000000000000000000000000000000000000000000000000000000000000000000000
000000000000000000000000000000000000000000000000000000000000000000000000000
000000000000000000000000000000000000000000000000000000000000000000000000000
000000000000000000000000000000000000000000000000000000000000000000000000000
000000000000000000000000000000000000000000000000000000000000000000000000000
000000000000000000000000000111111111111111111111000000000000000000000000000
000000000000000000000000000111111111111111111111000000000000000000000000000
000000000000000000000000000110000000000000000011000000000000000000000000000
000000000000000000000000000110000000000000000011000000000000000000000000000
000000000000000000000000000110000000000000000011000000000000000000000000000
000000000000000000000000000110000000000000000011000000000000000000000000000
000000000000000000000000000110000000000000000011000000000000000000000000000
000000000000000000000000000110000000000000000011000000000000000000000000000
000000000000000000000000000110000000000000000011000000000000000000000000000
000000000000000000000000000110000000000000000011000000000000000000000000000
000000000000000000000000000110000000000000000011000000000000000000000000000
000000000000000000000000000111111111111111111111000000000000000000000000000
000000000000000000000000000111111111111111111111000000000000000000000000000
000000000000000000000000000000000000000000000000000000000000000000000000000
000000000000000000000000000000000000000000000000000000000000000000000000000
000000000000000000000000000000000000000000000000000000000000000000000000000
000000000000000000000000000000000000000000000000000000000000000000000000000
000000000000000000000000000000000000000000000000000000000000000000000000000
000000000000000000000000000000000000000000000000000000000000000000000000000
000000000000000000000000000000000000000000000000000000000000000000000000000
000000000000000000000000000000000000000000000000000000000000000000000000000
000000000000000000000000000000000000000000000000000000000000000000000000000
000000000000000000000000000000000000000000000000000000000000000000000000000
000000000000000000000000000000000000000000000000000000000000000000000000000
000000000000000000000000000000000000000000000000000000000000000000000000000
000000000000000000000000000000000000000000000000000000000000000000000000000
000000000000000000000000000000000000000000000000000000000000000000000000000
000000000000000000000000000000000000000000000000000000000000000000000000000
000000000000000000000000000000000000000000000000000000000000000000000000000
000000000000000000000000000000000000000000000000000000000000000000000000000
000000000000000000000000000000000000000000000000000000000000000000000000000
000000000000000000000000000000000000000000000000000000000000000000000000000
000000000000000000000000000000000000000000000000000000000000000000000000000
000000000000000000000000000000000000000000000000000000000000000000000000000
000000000000000000000000000000000000000000000000000000000000000000000000000
000000000000000000000000000000000000000000000000000000000000000000000000000
000000000000000000000000000000000000000000000000000000000000000000000000000
000000000000000000000000000000000000000000000000000000000000000000000000000
000000000000000000000000000000000000000000000000000000000000000000000000000
000000000000000000000000000000000000000000000000000000000000000000000000000
000000000000000000000000000000000000000000000000000000000000000000000000000
000000000000000000000000000000000000000000000000000000000000000000000000000
000000000000000000000000000000000000000000000000000000000000000000000000000
000000000000000000000000000000000000000000000000000000000000000000000000000

== SDRs ==
01001000000001100000100010100111
11001001001000010010010110000001
01010011001000010010010000011001
00100000001001001001010000011000
10010000010000010100000000001000
01000000000000000100001001100100
10000001010010100110000001000111
00000000000001001010010000000000
01100000000100000100011001000000
10000010001010010000001000000010
00000001000001010010000011000101
00011100100001000000000000011001
00011000011000100001101010011000
00000000000000000000000001000001
10000010000000001000001011000000
00111001000000000011101000000010
00100001100010000001000000000000
00001010001010000011110000000000
01111101101011100000001000000101
00001110010010010010000101110001
01000001001000000000000000100001
00000011100000000100010101001110
00110000010000001000101000100000
00100000110100011000100100000100
00000011000000000011000010000000
00010110110010010010000001101101
10011000100000110000000000000001
10110001010001100100000000100100
00010000000000000101000000100000
10001101010000001011001000110110
00010011010001110101011001000000
00100000110000100001000000010000

00011000101010010010011101000101
11001001000010100111010101000000
00011001101001100110101000101000
00000010001001110001000010100010
10000111101011010000001010100010
01001010010000100100001000110001
10010011010000010010010001001010
00101001101000100001000011000010
11011010101000100101001100000101
10001111000000000001000011000100
00001011011010000001000010100001
11100001110010001011000000100000
01011110011101001100111000100010
00001000000000011100101000101000
10000110000110111001101001000000
00111001000100110000010101100000
11011011100100000100000000010001
01000010101000011010101000000011
00000110010010000011010000000101
01001000001000111100001001101100
00110010110000100100000000000011
00000010010000000101000001101010
10100001000001111100001000000000
00001100010001101001000000100010
00101000000010100110001010001101
00100000000000000001100101010100
01000110000100001000010000101011
00110011101001001000010100000000
00000011011001010001000110101100
00000111101100001010010001110000
00000010000001010100111100001000
00000000000101110010010100000000

01001000000001100000100010100111
11001001001000010010010110000001
01010011001000010010010000011001
00100000001001001001010000011000
10010000010000010100000000001000
01000000000000000100001001100100
10000001010010100110000001000111
00000000000001001010010000000000
01100000000100000100011001000000
10000010001010010000001000000010
00000001000001010010000011000101
00011100100001000000000000011001
00011000011000100001101010011000
00000000000000000000000001000001
10000010000000001000001011000000
00111001000000000011101000000010
00100001100010000001000000000000
00001010001010000011110000000000
01111101101011100000001000000101
00001110010010010010000101110001
01000001001000000000000000100001
00000011100000000100010101001110
00110000010000001000101000100000
00100000110100011000100100000100
00000011000000000011000010000000
00010110110010010010000001101101
10011000100000110000000000000001
10110001010001100100000000100100
00010000000000000101000000100000
10001101010000001011001000110110
00010011010001110101011001000000
00100000110000100001000000010000

00011000101010010010011101000101
11001001000010100111010101000000
00011001101001100110101000101000
00000010001001110001000010100010
10000111101011010000001010100010
01001010010000100100001000110001
10010011010000010010010001001010
00101001101000100001000011000010
11011010101000100101001100000101
10001111000000000001000011000100
00001011011010000001000010100001
11100001110010001011000000100000
01011110011101001100111000100010
00001000000000011100101000101000
10000110000110111001101001000000
00111001000100110000010101100000
11011011100100000100000000010001
01000010101000011010101000000011
00000110010010000011010000000101
01001000001000111100001001101100
00110010110000100100000000000011
00000010010000000101000001101010
10100001000001111100001000000000
00001100010001101001000000100010
00101000000010100110001010001101
00100000000000000001100101010100
01000110000100001000010000101011
00110011101001001000010100000000
00000011011001010001000110101100
00000111101100001010010001110000
00000010000001010100111100001000
00000000000101110010010100000000

00001010101000110000010011001110
00000001000110000100010100001011
10011001011001000000101001011101
01000000001001100001010010001001
11001101001011000001000010100010
01000001010000101000011000000000
00000011011000100000010101001111
11101000110011000010100000000100
00001010000000011001010110001001
11000001001010000000011011001101
01000111001010100001000000100000
00100000101100001001000110100000
00000110011111001101111000001000
10010011100000001100100001100000
00000110010010100001001010100000
00101101000100110010001101100000
11000010101110000100001000000001
00110100100000101000101100010000
10000111010010100101010100000101
01101101011001111000100101100100
01010100010000000101111000000011
01001001000011101001001001101000
11000101000010000100100101010000
01000101010000110001001000000001
00000000000010001101000100001100
00100110100010000110001101010000
01000100100000010001010001001100
11110001101101001001000100000100
00010011001010000100000010001000
00000000100100010000000000011000
00110100100100000100100100000100
00000000000011110011110000001000

10000000100010110100001001000010
01001011100000000100000000001100
00110001011001010100110011110100
00100010100000111001000011010000
10110100000001011000001000000111
00000001000011111101101001111100
10001000010010110011110000011011
10101010101001000001100011010010
01001000101000001001010100000001
10001001000010010000001010101000
10000110100011001000100001001001
10100000110110100001000000100000
00010101011011100101111010000011
00000000100000011000011111001000
01000110111011101011001000100000
01011101101101110100000101001001
11110110110100001001000001100000
01100110000000001011001000000000
00110010100010100001011010000101
00000000011011001100111011000100
00010011110000000100101000001011
01001111001000101001100001001110
11100111010001111000010111101000
00100100000100110000100000000111
00100010000010111001111100000100
00000011011000000000100100010110
11011100100000000000100000100001
00010011100001001010000000011000
10000011000000010000000101010101
00000100101000011001000000010011
01100100000001100000100110000000
01000101000011011011110010011100

00011000101000000000010010100110
00001100000110010100010101001000
10010001011001000000000000010000
00000010001011100001010000001010
11001101000001001001001011100001
00000000000000001011101000000100
10000010011010110000011001101110
10101011101010000010100001000100
00011110100101111100000110011000
11000101010110100110001011000000
01000111000011110000000010100001
00010101110100001011100000000001
01001100011001001101111000110010
00110011110001001110000001101000
01000110011010010001001010000000
01101000000100010010001101001001
00000110100100001100010000010100
00110100101000010100000101011000
10010110100010100001111100000111
01101100110101110110010000101010
00000010000001110101110000100011
01010111000001100001001001001010
01000101000001001000000000000011
01000100110000110000001000000100
00100010000010110000001100000101
00110110000010000100000101010000
00001100100100010010100001001100
00010101101100001001101000001100
10110011000000100001010000001110
01011100101010010011100100010001
00010110100001010100010000100001
01000100000010100011000000011110

10001000101010100010000000000010
01001000101000001100010100001110
00010001011000010011100011101000
01000000100011000001000011001101
10110011000011011101000001100110
00000100110000011000101001100101
11000010110010110000011000000111
10000010101001000011100011000000
10011010100000100111110101000001
11000000000110110000001100000001
00001101101100010101001000111001
00110000110000000011100010110000
00011001101101010000110000011000
00010100000011001100000010110000
01000110110110101101000011101000
01110011000110100000010011001001
11000110100000000000000100010000
00001100100001101011000001000000
00110010000010100010001010010100
00011101011010011100111000101100
00100000011000110001110101001011
01000000001000100001000101001101
01000001011001000101011000001001
00010100001100111000100000000011
00001001000010001000001000001101
00000110100011000110100101010101
11010100000000000000100000000010
00010111101101001100000000001010
00000000000000000101010001001100
00000101101000101010000100111011
01101000000001010000010100000110
11000100001011110010010000110100

11101010101010100100000001000001
10010001000010010110010000001010
00110000001001000000100001110100
01000010000000100001110010001100
00110010001010010100000011000110
10010000000010111000000001110001
11001001110010111000010100001011
10101000101011000001100101010100
10001000000000001011011100010011
10000000001100000001001010000101
10001101000000000101000001000100
00110000001100000001010100001000
01000000100111101000101010010000
10001001010010001100011001101000
10000111010000110101001010110000
00101001110001101010101111001000
11000110110001001100000010010011
00011100100011100010011001000010
00000001000010100111001000000101
01001001001001001110101011001100
01010011010000000101011101000011
01000001001110101001000101001100
11000001100010001100100011111000
00000100000100110000111000000101
00000001010010001101001100110100
00000110000011000100100100000001
01001110100100100000000000110011
01000110001001011011000000011100
01100010000000011100000010000000
00000000101100001000010000000001
01101100000100000100110110000000
01000100001011010011110000001000

