000000000000000000000000000000000000000000000000000000000000000000000000000
000000000000000000000000000000000000000000000000000000000000000000000000000
000000000000000000000000000000000000000000000000000000000000000000000000000
000000000000000000000000000000000000000000000000000000000000000000000000000
000000000000000000000000000000000000000000000000000000000000000000000000000
000000000000000000000000000000000000000000000000000000000000000000000000000
000000000000000000000000000000000000000000000000000000000000000000000000000
000000000000000000000000000000000000000000000000000000000000000000000000000
000000001111111111111111111111111111111111000000000000000000000000000000000
000000001111111111111111111111111111111111000000000000000000000000000000000
000000001111111111111111111111111111111111000000000000000000000000000000000
000000001111111111111111111111111111111111000000000000000000000000000000000
000000001111111111111111111111111111111111000000000000000000000000000000000
000000001111111111111111111111111111111111000000000000000000000000000000000
000000001111111111111111111111111111111111000000000000000000000000000000000
000000001111111111111111111111111111111111000000000000000000000000000000000
000000001111111111111111111111111111111111000000000000000000000000000000000
000000001111111111111111111111111111111111000000000000000000000000000000000
000000001111111111111111111111111111111111000000000000000000000000000000000
000000001111111111111111111111111111111111000000000000000000000000000000000
000000001111111111111111111111111111111111000000000000000000000000000000000
000000001111111111111111111111111111111111000000000000000000000000000000000
000000001111111111111111111111111111111111000000000000000000000000000000000
000000001111111111111111111111111111111111000000000000000000000000000000000
000000001111111111111111111111111111111111000000000000000000000000000000000
000000001111111111111111111111111111111111000000000000000000000000000000000
000000001111111111111111111111111111111111000000000000000000000000000000000
000000001111111111111111111111111111111111000000000000000000000000000000000
000000001111111111111111111111111111111111000000000000000000000000000000000
000000001111111111111111111111111111111111000000000000000000000000000000000
000000001111111111111111111111111111111111000000000000000000000000000000000
000000001111111111111111111111111111111111000000000000000000000000000000000
000000001111111111111111111111111111111111000000000000000000000000000000000
000000001111111111111111111111111111111111000000000000000000000000000000000
000000001111111111111111111111111111111111000000000000000000000000000000000
000000001111111111111111111111111111111111000000000000000000000000000000000
000000001111111111111111111111111111111111000000000000000000000000000000000
000000001111111111111111111111111111111111000000000000000000000000000000000
000000001111111111111111111111111111111111000000000000000000000000000000000
000000001111111111111111111111111111111111000000000000000000000000000000000
000000001111111111111111111111111111111111000000000000000000000000000000000
000000001111111111111111111111111111111111000000000000000000000000000000000
000000000000000000000000000000000000000000000000000000000000000000000000000
000000000000000000000000000000000000000000000000000000000000000000000000000
000000000000000000000000000000000000000000000000000000000000000000000000000
000000000000000000000000000000000000000000000000000000000000000000000000000
000000000000000000000000000000000000000000000000000000000000000000000000000
000000000000000000000000000000000000000000000000000000000000000000000000000
000000000000000000000000000000000000000000000000000000000000000000000000000
000000000000000000000000000000000000000000000000000000000000000000000000000
000000000000000000000000000000000000000000000000000000000000000000000000000
000000000000000000000000000000000000000000000000000000000000000000000000000
000000000000000000000000000000000000000000000000000000000000000000000000000
000000000000000000000000000000000000000000000000000000000000000000000000000
000000000000000000000000000000000000000000000000000000000000000000000000000
000000000000000000000000000000000000000000000000000000000000000000000000000
000000000000000000000000000000000000000000000000000000000000000000000000000
000000000000000000000000000000000000000000000000000000000000000000000000000
000000000000000000000000000000000000000000000000000000000000000000000000000
000000000000000000000000000000000000000000000000000000000000000000000000000
000000000000000000000000000000000000000000000000000000000000000000000000000
000000000000000000000000000000000000000000000000000000000000000000000000000
000000000000000000000000000000000000000000000000000000000000000000000000000
000000000000000000000000000000000000000000000000000000000000000000000000000
000000000000000000000000000000000000000000000000000000000000000000000000000
000000000000000000000000000000000000000000000000000000000000000000000000000
000000000000000000000000000000000000000000000000000000000000000000000000000
000000000000000000000000000000000000000000000000000000000000000000000000000
000000000000000000000000000000000000000000000000000000000000000000000000000
000000000000000000000000000000000000000000000000000000000000000000000000000
000000000000000000000000000000000000000000000000000000000000000000000000000
000000000000000000000000000000000000000000000000000000000000000000000000000
000000000000000000000000000000000000000000000000000000000000000000000000000
000000000000000000000000000000000000000000000000000000000000000000000000000
000000000000000000000000000000000000000000000000000000000000000000000000000

000000000000000000000000000000000000000000000000000000000000000000000000000
000000000000000000000000000000000000000000000000000000000000000000000000000
000000000000000000000000000000000000000000000000000000000000000000000000000
000000000000000000000000000000000000000000000000000000000000000000000000000
000000000000000000000000000000000000000000000000000000000000000000000000000
000000000000000000000000000000000000000000000000000000000000000000000000000
000000000000000000000000000000000000000000000000000000000000000000000000000
000000000000000000000000000000000000000000000000000000000000000000000000000
000000000000000000000000000000001111111111111111111111111111111111000000000
000000000000000000000000000000001111111111111111111111111111111111000000000
000000000000000000000000000000001111111111111111111111111111111111000000000
000000000000000000000000000000001111111111111111111111111111111111000000000
000000000000000000000000000000001111111111111111111111111111111111000000000
000000000000000000000000000000001111111111111111111111111111111111000000000
000000000000000000000000000000001111111111111111111111111111111111000000000
000000000000000000000000000000001111111111111111111111111111111111000000000
000000000000000000000000000000001111111111111111111111111111111111000000000
000000000000000000000000000000001111111111111111111111111111111111000000000
000000000000000000000000000000001111111111111111111111111111111111000000000
000000000000000000000000000000001111111111111111111111111111111111000000000
000000000000000000000000000000001111111111111111111111111111111111000000000
000000000000000000000000000000001111111111111111111111111111111111000000000
000000000000000000000000000000001111111111111111111111111111111111000000000
000000000000000000000000000000001111111111111111111111111111111111000000000
000000000000000000000000000000001111111111111111111111111111111111000000000
000000000000000000000000000000001111111111111111111111111111111111000000000
000000000000000000000000000000001111111111111111111111111111111111000000000
000000000000000000000000000000001111111111111111111111111111111111000000000
000000000000000000000000000000001111111111111111111111111111111111000000000
000000000000000000000000000000001111111111111111111111111111111111000000000
000000000000000000000000000000001111111111111111111111111111111111000000000
000000000000000000000000000000001111111111111111111111111111111111000000000
000000000000000000000000000000001111111111111111111111111111111111000000000
000000000000000000000000000000001111111111111111111111111111111111000000000
000000000000000000000000000000001111111111111111111111111111111111000000000
000000000000000000000000000000001111111111111111111111111111111111000000000
000000000000000000000000000000001111111111111111111111111111111111000000000
000000000000000000000000000000001111111111111111111111111111111111000000000
000000000000000000000000000000001111111111111111111111111111111111000000000
000000000000000000000000000000001111111111111111111111111111111111000000000
000000000000000000000000000000001111111111111111111111111111111111000000000
000000000000000000000000000000001111111111111111111111111111111111000000000
000000000000000000000000000000000000000000000000000000000000000000000000000
000000000000000000000000000000000000000000000000000000000000000000000000000
000000000000000000000000000000000000000000000000000000000000000000000000000
000000000000000000000000000000000000000000000000000000000000000000000000000
000000000000000000000000000000000000000000000000000000000000000000000000000
000000000000000000000000000000000000000000000000000000000000000000000000000
000000000000000000000000000000000000000000000000000000000000000000000000000
000000000000000000000000000000000000000000000000000000000000000000000000000
000000000000000000000000000000000000000000000000000000000000000000000000000
000000000000000000000000000000000000000000000000000000000000000000000000000
000000000000000000000000000000000000000000000000000000000000000000000000000
000000000000000000000000000000000000000000000000000000000000000000000000000
000000000000000000000000000000000000000000000000000000000000000000000000000
000000000000000000000000000000000000000000000000000000000000000000000000000
000000000000000000000000000000000000000000000000000000000000000000000000000
000000000000000000000000000000000000000000000000000000000000000000000000000
000000000000000000000000000000000000000000000000000000000000000000000000000
000000000000000000000000000000000000000000000000000000000000000000000000000
000000000000000000000000000000000000000000000000000000000000000000000000000
000000000000000000000000000000000000000000000000000000000000000000000000000
000000000000000000000000000000000000000000000000000000000000000000000000000
000000000000000000000000000000000000000000000000000000000000000000000000000
000000000000000000000000000000000000000000000000000000000000000000000000000
000000000000000000000000000000000000000000000000000000000000000000000000000
000000000000000000000000000000000000000000000000000000000000000000000000000
000000000000000000000000000000000000000000000000000000000000000000000000000
000000000000000000000000000000000000000000000000000000000000000000000000000
000000000000000000000000000000000000000000000000000000000000000000000000000
000000000000000000000000000000000000000000000000000000000000000000000000000
000000000000000000000000000000000000000000000000000000000000000000000000000
000000000000000000000000000000000000000000000000000000000000000000000000000
000000000000000000000000000000000000000000000000000000000000000000000000000
000000000000000000000000000000000000000000000000000000000000000000000000000

000000000000000000000000000000000000000000000000000000000000000000000000000
000000000000000000000000000000000000000000000000000000000000000000000000000
000000000000000000000000000000000000000000000000000000000000000000000000000
000000000000000000000000000000000000000000000000000000000000000000000000000
000000000000000000000000000000000000000000000000000000000000000000000000000
000000000000000000000000000000000000000000000000000000000000000000000000000
000000000000000000000000000000000000000000000000000000000000000000000000000
000000000000000000000000000000000000000000000000000000000000000000000000000
000000001111111111111111111111111111111111000000000000000000000000000000000
000000001111111111111111111111111111111111000000000000000000000000000000000
000000001111111111111111111111111111111111000000000000000000000000000000000
000000001111111111111111111111111111111111000000000000000000000000000000000
000000001111111111111111111111111111111111000000000000000000000000000000000
000000001111111111111111111111111111111111000000000000000000000000000000000
000000001111111111111111111111111111111111000000000000000000000000000000000
000000001111111111111111111111111111111111000000000000000000000000000000000
000000001111111111111111111111111111111111000000000000000000000000000000000
000000001111111111111111111111111111111111000000000000000000000000000000000
000000001111111111111111111111111111111111000000000000000000000000000000000
000000001111111111111111111111111111111111000000000000000000000000000000000
000000001111111111111111111111111111111111000000000000000000000000000000000
000000001111111111111111111111111111111111000000000000000000000000000000000
000000001111111111111111111111111111111111000000000000000000000000000000000
000000001111111111111111111111111111111111000000000000000000000000000000000
000000001111111111111111111111111111111111000000000000000000000000000000000
000000001111111111111111111111111111111111000000000000000000000000000000000
000000001111111111111111111111111111111111000000000000000000000000000000000
000000001111111111111111111111111111111111000000000000000000000000000000000
000000001111111111111111111111111111111111000000000000000000000000000000000
000000001111111111111111111111111111111111000000000000000000000000000000000
000000001111111111111111111111111111111111000000000000000000000000000000000
000000001111111111111111111111111111111111000000000000000000000000000000000
000000001111111111111111111111111111111111000000000000000000000000000000000
000000001111111111111111111111111111111111000000000000000000000000000000000
000000001111111111111111111111111111111111000000000000000000000000000000000
000000001111111111111111111111111111111111000000000000000000000000000000000
000000001111111111111111111111111111111111000000000000000000000000000000000
000000001111111111111111111111111111111111000000000000000000000000000000000
000000001111111111111111111111111111111111000000000000000000000000000000000
000000001111111111111111111111111111111111000000000000000000000000000000000
000000001111111111111111111111111111111111000000000000000000000000000000000
000000001111111111111111111111111111111111000000000000000000000000000000000
000000000000000000000000000000000000000000000000000000000000000000000000000
000000000000000000000000000000000000000000000000000000000000000000000000000
000000000000000000000000000000000000000000000000000000000000000000000000000
000000000000000000000000000000000000000000000000000000000000000000000000000
000000000000000000000000000000000000000000000000000000000000000000000000000
000000000000000000000000000000000000000000000000000000000000000000000000000
000000000000000000000000000000000000000000000000000000000000000000000000000
000000000000000000000000000000000000000000000000000000000000000000000000000
000000000000000000000000000000000000000000000000000000000000000000000000000
000000000000000000000000000000000000000000000000000000000000000000000000000
000000000000000000000000000000000000000000000000000000000000000000000000000
000000000000000000000000000000000000000000000000000000000000000000000000000
000000000000000000000000000000000000000000000000000000000000000000000000000
000000000000000000000000000000000000000000000000000000000000000000000000000
000000000000000000000000000000000000000000000000000000000000000000000000000
000000000000000000000000000000000000000000000000000000000000000000000000000
000000000000000000000000000000000000000000000000000000000000000000000000000
000000000000000000000000000000000000000000000000000000000000000000000000000
000000000000000000000000000000000000000000000000000000000000000000000000000
000000000000000000000000000000000000000000000000000000000000000000000000000
000000000000000000000000000000000000000000000000000000000000000000000000000
000000000000000000000000000000000000000000000000000000000000000000000000000
000000000000000000000000000000000000000000000000000000000000000000000000000
000000000000000000000000000000000000000000000000000000000000000000000000000
000000000000000000000000000000000000000000000000000000000000000000000000000
000000000000000000000000000000000000000000000000000000000000000000000000000
000000000000000000000000000000000000000000000000000000000000000000000000000
000000000000000000000000000000000000000000000000000000000000000000000000000
000000000000000000000000000000000000000000000000000000000000000000000000000
000000000000000000000000000000000000000000000000000000000000000000000000000
000000000000000000000000000000000000000000000000000000000000000000000000000
000000000000000000000000000000000000000000000000000000000000000000000000000
000000000000000000000000000000000000000000000000000000000000000000000000000

000000000000000000000000000000000000000000000000000000000000000000000000000
000000000000000000000000000000000000000000000000000000000000000000000000000
000000000000000000000000000000000000000000000000000000000000000000000000000
000000000000000000000000000000000000000000000000000000000000000000000000000
000000000000100000000000000100000110000000000000000000000000000000000000000
000000000000000000000001010000000001000000000000000000000000000000000000000
000000000000100100001001000011000001000000000000000000000000000000000000000
000000000000000100000000000000000000000000000000000000000000000000000000000
000000001111111111111111111111111111111111000000000000000000000000000000000
000000001111111111111111111111111111111111000000000000000000000000000000000
000000001111111111111111111111111111111111000000000000000000000000000000000
000000001111111111111111111111111111111111000000000000000000000000000000000
000000001111111111111111111111111111111111000000000000000000000000000000000
000000001111111111111111111111111111111111000000000000000000000000000000000
000011001111111111111111111111111111111111011100000000000000000000000000000
000010011111111111111111111111111111111111110100000000000000000000000000000
000000111111111111111111111111111111111111011000000000000000000000000000000
000000011111111111111111111111111111111111110000000000000000000000000000000
000000011111111111111111111111111111111111100000000000000000000000000000000
000000001111111111111111111111111111111111000000000000000000000000000000000
000000001111111111111111111111111111111111000000000000000000000000000000000
000000001111111111111111111111111111111111000000000000000000000000000000000
000000001111111111111111111111111111111111100000000000000000000000000000000
000000001111111111111111111111111111111111000000000000000000000000000000000
000000001111111111111111111111111111111111000000000000000000000000000000000
000000001111111111111111111111111111111111000000000000000000000000000000000
000000001111111111111111111111111111111111000000000000000000000000000000000
000000001111111111111111111111111111111111000000000000000000000000000000000
000000001111111111111111111111111111111111001000000000000000000000000000000
000000001111111111111111111111111111111111000000000000000000000000000000000
000000001111111111111111111111111111111111000000000000000000000000000000000
000000001111111111111111111111111111111111000000000000000000000000000000000
000000001111111111111111111111111111111111111111111111111111111111000000000
000000001111111111111111111111111111111111111111111111111111111111000000000
000011111111111111111111111111111111111111111111111111111111111111000000000
000010101111111111111111111111111111111111111111111111111111111111000000000
000000001111111111111111111111111111111111111111111111111111111111000000000
000000001111111111111111111111111111111111111111111111111111111111000000000
000000001111111111111111111111111111111111111111111111111111111111000000000
000000001111111111111111111111111111111111111111111111111111111111000000000
000000001111111111111111111111111111111111111111111111111111111111000000000
000000001111111111111111111111111111111111111111111111111111111111000000000
000000000000000000001001100010000000000000000000000000000000000000000000000
000000000000000000000001010001000100000000000000000000000000000000000000000
000000000000000001001000100000000100000000000000000000000000000000000000000
000000000000000000000001000000000000000000000000000000000000000000000000000
000000000000000000000000000000000000000000000000000000000000000000000000000
000000000000000000000000000000000000000000000000000000000000000000000000000
000000000000000000000000000000000000000000000000000000000000000000000000000
000000000000000000000000000000000000000000000000000000000000000000000000000
000000000000000000000000000000000000000000000000000000000000000000000000000
000000000000000000000000000000000000000000000000000000000000000000000000000
000000000000000000000000000000000000000000000000000000000000000000000000000
000000000000000000000000000000000000000000000000000000000000000000000000000
000000000000000000000000000000000000000000000000000000000000000000000000000
000000000000000000000000000000000000000000000000000000000000000000000000000
000000000000000000000000000000000000000000000000000000000000000000000000000
000000000000000000000000000000000000000000000000000000000000000000000000000
000000000000000000000000000000000000000000000000000000000000000000000000000
000000000000000000000000000000000000000000000000000000000000000000000000000
000000000000000000000000000000000000000000000000000000000000000000000000000
000000000000000000000000000000000000000000000000000000000000000000000000000
000000000000000000000000000000000000000000000000000000000000000000000000000
000000000000000000000000000000000000000000000000000000000000000000000000000
000000000000000000000000000000000000000000000000000000000000000000000000000
000000000000000000000000000000000000000000000000000000000000000000000000000
000000000000000000000000000000000000000000000000000000000000000000000000000
000000000000000000000000000000000000000000000000000000000000000000000000000
000000000000000000000000000000000000000000000000000000000000000000000000000
000000000000000000000000000000000000000000000000000000000000000000000000000
000000000000000000000000000000000000000000000000000000000000000000000000000
000000000000000000000000000000000000000000000000000000000000000000000000000
000000000000000000000000000000000000000000000000000000000000000000000000000
000000000000000000000000000000000000000000000000000000000000000000000000000
000000000000000000000000000000000000000000000000000000000000000000000000000

