000000000000000000000000000000000000000000000000000000000000000000000000000
000000000000000000000000000000000000000000000000000000000000000000000000000
000000000000000000000000000000000000000000000000000000000000000000000000000
000000000000000000000000000000000000000000000000000000000000000000000000000
000000000000000000000000000000000000000000000000000000000000000000000000000
000000000000000000000000000000000000000000000000000000000000000000000000000
000000000000000000000000000000000000000000000000000000000000000000000000000
000000000000000000000000000000000000000000000000000000000000000000000000000
000000001111111111111111111111111111111111000000000000000000000000000000000
000000001111111111111111111111111111111111000000000000000000000000000000000
000000001111111111111111111111111111111111000000000000000000000000000000000
000000001111111111111111111111111111111111000000000000000000000000000000000
000000001111111111111111111111111111111111000000000000000000000000000000000
000000001111111111111111111111111111111111000000000000000000000000000000000
000000001111111111111111111111111111111111000000000000000000000000000000000
000000001111111111111111111111111111111111000000000000000000000000000000000
000000001111111111111111111111111111111111000000000000000000000000000000000
000000001111111111111111111111111111111111000000000000000000000000000000000
000000001111111111111111111111111111111111000000000000000000000000000000000
000000001111111111111111111111111111111111000000000000000000000000000000000
000000001111111111111111111111111111111111000000000000000000000000000000000
000000001111111111111111111111111111111111000000000000000000000000000000000
000000001111111111111111111111111111111111000000000000000000000000000000000
000000001111111111111111111111111111111111000000000000000000000000000000000
000000001111111111111111111111111111111111000000000000000000000000000000000
000000001111111111111111111111111111111111000000000000000000000000000000000
000000001111111111111111111111111111111111000000000000000000000000000000000
000000001111111111111111111111111111111111000000000000000000000000000000000
000000001111111111111111111111111111111111000000000000000000000000000000000
000000001111111111111111111111111111111111000000000000000000000000000000000
000000001111111111111111111111111111111111000000000000000000000000000000000
000000001111111111111111111111111111111111000000000000000000000000000000000
000000001111111111111111111111111111111111000000000000000000000000000000000
000000001111111111111111111111111111111111000000000000000000000000000000000
000000001111111111111111111111111111111111000000000000000000000000000000000
000000001111111111111111111111111111111111000000000000000000000000000000000
000000001111111111111111111111111111111111000000000000000000000000000000000
000000001111111111111111111111111111111111000000000000000000000000000000000
000000001111111111111111111111111111111111000000000000000000000000000000000
000000001111111111111111111111111111111111000000000000000000000000000000000
000000001111111111111111111111111111111111000000000000000000000000000000000
000000001111111111111111111111111111111111000000000000000000000000000000000
000000000000000000000000000000000000000000000000000000000000000000000000000
000000000000000000000000000000000000000000000000000000000000000000000000000
000000000000000000000000000000000000000000000000000000000000000000000000000
000000000000000000000000000000000000000000000000000000000000000000000000000
000000000000000000000000000000000000000000000000000000000000000000000000000
000000000000000000000000000000000000000000000000000000000000000000000000000
000000000000000000000000000000000000000000000000000000000000000000000000000
000000000000000000000000000000000000000000000000000000000000000000000000000
000000000000000000000000000000000000000000000000000000000000000000000000000
000000000000000000000000000000000000000000000000000000000000000000000000000
000000000000000000000000000000000000000000000000000000000000000000000000000
000000000000000000000000000000000000000000000000000000000000000000000000000
000000000000000000000000000000000000000000000000000000000000000000000000000
000000000000000000000000000000000000000000000000000000000000000000000000000
000000000000000000000000000000000000000000000000000000000000000000000000000
000000000000000000000000000000000000000000000000000000000000000000000000000
000000000000000000000000000000000000000000000000000000000000000000000000000
000000000000000000000000000000000000000000000000000000000000000000000000000
000000000000000000000000000000000000000000000000000000000000000000000000000
000000000000000000000000000000000000000000000000000000000000000000000000000
000000000000000000000000000000000000000000000000000000000000000000000000000
000000000000000000000000000000000000000000000000000000000000000000000000000
000000000000000000000000000000000000000000000000000000000000000000000000000
000000000000000000000000000000000000000000000000000000000000000000000000000
000000000000000000000000000000000000000000000000000000000000000000000000000
000000000000000000000000000000000000000000000000000000000000000000000000000
000000000000000000000000000000000000000000000000000000000000000000000000000
000000000000000000000000000000000000000000000000000000000000000000000000000
000000000000000000000000000000000000000000000000000000000000000000000000000
000000000000000000000000000000000000000000000000000000000000000000000000000
000000000000000000000000000000000000000000000000000000000000000000000000000
000000000000000000000000000000000000000000000000000000000000000000000000000
000000000000000000000000000000000000000000000000000000000000000000000000000

000000000000000000000000000000000000000000000000000000000000000000000000000
000000000000000000000000000000000000000000000000000000000000000000000000000
000000000000000000000000000000000000000000000000000000000000000000000000000
000000000000000000000000000000000000000000000000000000000000000000000000000
000000000000000000000000000000000000000000000000000000000000000000000000000
000000000000000000000000000000000000000000000000000000000000000000000000000
000000000000000000000000000000000000000000000000000000000000000000000000000
000000000000000000000000000000000000000000000000000000000000000000000000000
000000000000000000000000000000000000000000000000000000000000000000000000000
000000000000000000000000000000000000000000000000000000000000000000000000000
000000000000000000000000000000000000000000000000000000000000000000000000000
000000000000000000000000000000000000000000000000000000000000000000000000000
000000000000000000000000000000000000000000000000000000000000000000000000000
000000000000000000000000000000000000000000000000000000000000000000000000000
000000000000000000000000000000000000000000000000000000000000000000000000000
000000000000000000000000000000000000000000000000000000000000000000000000000
000000000000000000000000000000000000000000000000000000000000000000000000000
000000000000000000000000000000000000000000000000000000000000000000000000000
000000000000000000000000000000000000000000000000000000000000000000000000000
000000000000000000000000000000000000000000000000000000000000000000000000000
000000000000000000000000000000000000000000000000000000000000000000000000000
000000000000000000000000000000000000000000000000000000000000000000000000000
000000000000000000000000000000000000000000000000000000000000000000000000000
000000000000000000000000000000000000000000000000000000000000000000000000000
000000000000000000000000000000000000000000000000000000000000000000000000000
000000000000000000000000000000000000000000000000000000000000000000000000000
000000000000000000000000000000000000000000000000000000000000000000000000000
000000000000000000000000000000000000000000000000000000000000000000000000000
000000000000000000000000000000000000000000000000000000000000000000000000000
000000000000000000000000000000000000000000000000000000000000000000000000000
000000000000000000000000000000000000000000000000000000000000000000000000000
000000000000000000000000000000000000000000000000000000000000000000000000000
000000001111111111111111111111111111111111000000000000000000000000000000000
000000001111111111111111111111111111111111000000000000000000000000000000000
000000001111111111111111111111111111111111000000000000000000000000000000000
000000001111111111111111111111111111111111000000000000000000000000000000000
000000001111111111111111111111111111111111000000000000000000000000000000000
000000001111111111111111111111111111111111000000000000000000000000000000000
000000001111111111111111111111111111111111000000000000000000000000000000000
000000001111111111111111111111111111111111000000000000000000000000000000000
000000001111111111111111111111111111111111000000000000000000000000000000000
000000001111111111111111111111111111111111000000000000000000000000000000000
000000001111111111111111111111111111111111000000000000000000000000000000000
000000001111111111111111111111111111111111000000000000000000000000000000000
000000001111111111111111111111111111111111000000000000000000000000000000000
000000001111111111111111111111111111111111000000000000000000000000000000000
000000001111111111111111111111111111111111000000000000000000000000000000000
000000001111111111111111111111111111111111000000000000000000000000000000000
000000001111111111111111111111111111111111000000000000000000000000000000000
000000001111111111111111111111111111111111000000000000000000000000000000000
000000001111111111111111111111111111111111000000000000000000000000000000000
000000001111111111111111111111111111111111000000000000000000000000000000000
000000001111111111111111111111111111111111000000000000000000000000000000000
000000001111111111111111111111111111111111000000000000000000000000000000000
000000001111111111111111111111111111111111000000000000000000000000000000000
000000001111111111111111111111111111111111000000000000000000000000000000000
000000001111111111111111111111111111111111000000000000000000000000000000000
000000001111111111111111111111111111111111000000000000000000000000000000000
000000001111111111111111111111111111111111000000000000000000000000000000000
000000001111111111111111111111111111111111000000000000000000000000000000000
000000001111111111111111111111111111111111000000000000000000000000000000000
000000001111111111111111111111111111111111000000000000000000000000000000000
000000001111111111111111111111111111111111000000000000000000000000000000000
000000001111111111111111111111111111111111000000000000000000000000000000000
000000001111111111111111111111111111111111000000000000000000000000000000000
000000001111111111111111111111111111111111000000000000000000000000000000000
000000000000000000000000000000000000000000000000000000000000000000000000000
000000000000000000000000000000000000000000000000000000000000000000000000000
000000000000000000000000000000000000000000000000000000000000000000000000000
000000000000000000000000000000000000000000000000000000000000000000000000000
000000000000000000000000000000000000000000000000000000000000000000000000000
000000000000000000000000000000000000000000000000000000000000000000000000000
000000000000000000000000000000000000000000000000000000000000000000000000000
000000000000000000000000000000000000000000000000000000000000000000000000000
000000000000000000000000000000000000000000000000000000000000000000000000000

000000000000000000000000000000000000000000000000000000000000000000000000000
000000000000000000000000000000000000000000000000000000000000000000000000000
000000000000000000000000000000000000000000000000000000000000000000000000000
000000000000000000000000000000000000000000000000000000000000000000000000000
000000000000000000000000000000000000000000000000000000000000000000000000000
000000000000000000000000000000000000000000000000000000000000000000000000000
000000000000000000000000000000000000000000000000000000000000000000000000000
000000000000000000000000000000000000000000000000000000000000000000000000000
000000001111111111111111111111111111111111000000000000000000000000000000000
000000001111111111111111111111111111111111000000000000000000000000000000000
000000001111111111111111111111111111111111000000000000000000000000000000000
000000001111111111111111111111111111111111000000000000000000000000000000000
000000001111111111111111111111111111111111000000000000000000000000000000000
000000001111111111111111111111111111111111000000000000000000000000000000000
000000001111111111111111111111111111111111000000000000000000000000000000000
000000001111111111111111111111111111111111000000000000000000000000000000000
000000001111111111111111111111111111111111000000000000000000000000000000000
000000001111111111111111111111111111111111000000000000000000000000000000000
000000001111111111111111111111111111111111000000000000000000000000000000000
000000001111111111111111111111111111111111000000000000000000000000000000000
000000001111111111111111111111111111111111000000000000000000000000000000000
000000001111111111111111111111111111111111000000000000000000000000000000000
000000001111111111111111111111111111111111000000000000000000000000000000000
000000001111111111111111111111111111111111000000000000000000000000000000000
000000001111111111111111111111111111111111000000000000000000000000000000000
000000001111111111111111111111111111111111000000000000000000000000000000000
000000001111111111111111111111111111111111000000000000000000000000000000000
000000001111111111111111111111111111111111000000000000000000000000000000000
000000001111111111111111111111111111111111000000000000000000000000000000000
000000001111111111111111111111111111111111000000000000000000000000000000000
000000001111111111111111111111111111111111000000000000000000000000000000000
000000001111111111111111111111111111111111000000000000000000000000000000000
000000001111111111111111111111111111111111000000000000000000000000000000000
000000001111111111111111111111111111111111000000000000000000000000000000000
000000001111111111111111111111111111111111000000000000000000000000000000000
000000001111111111111111111111111111111111000000000000000000000000000000000
000000001111111111111111111111111111111111000000000000000000000000000000000
000000001111111111111111111111111111111111000000000000000000000000000000000
000000001111111111111111111111111111111111000000000000000000000000000000000
000000001111111111111111111111111111111111000000000000000000000000000000000
000000001111111111111111111111111111111111000000000000000000000000000000000
000000001111111111111111111111111111111111000000000000000000000000000000000
000000000000000000000000000000000000000000000000000000000000000000000000000
000000000000000000000000000000000000000000000000000000000000000000000000000
000000000000000000000000000000000000000000000000000000000000000000000000000
000000000000000000000000000000000000000000000000000000000000000000000000000
000000000000000000000000000000000000000000000000000000000000000000000000000
000000000000000000000000000000000000000000000000000000000000000000000000000
000000000000000000000000000000000000000000000000000000000000000000000000000
000000000000000000000000000000000000000000000000000000000000000000000000000
000000000000000000000000000000000000000000000000000000000000000000000000000
000000000000000000000000000000000000000000000000000000000000000000000000000
000000000000000000000000000000000000000000000000000000000000000000000000000
000000000000000000000000000000000000000000000000000000000000000000000000000
000000000000000000000000000000000000000000000000000000000000000000000000000
000000000000000000000000000000000000000000000000000000000000000000000000000
000000000000000000000000000000000000000000000000000000000000000000000000000
000000000000000000000000000000000000000000000000000000000000000000000000000
000000000000000000000000000000000000000000000000000000000000000000000000000
000000000000000000000000000000000000000000000000000000000000000000000000000
000000000000000000000000000000000000000000000000000000000000000000000000000
000000000000000000000000000000000000000000000000000000000000000000000000000
000000000000000000000000000000000000000000000000000000000000000000000000000
000000000000000000000000000000000000000000000000000000000000000000000000000
000000000000000000000000000000000000000000000000000000000000000000000000000
000000000000000000000000000000000000000000000000000000000000000000000000000
000000000000000000000000000000000000000000000000000000000000000000000000000
000000000000000000000000000000000000000000000000000000000000000000000000000
000000000000000000000000000000000000000000000000000000000000000000000000000
000000000000000000000000000000000000000000000000000000000000000000000000000
000000000000000000000000000000000000000000000000000000000000000000000000000
000000000000000000000000000000000000000000000000000000000000000000000000000
000000000000000000000000000000000000000000000000000000000000000000000000000
000000000000000000000000000000000000000000000000000000000000000000000000000
000000000000000000000000000000000000000000000000000000000000000000000000000

000000000000000000000000000000000000000000000000000000000000000000000000000
000000000000000000000000000000000000000000000000000000000000000000000000000
000000000000000000000000000000000000000000000000000000000000000000000000000
000000000000000000000000000000000000000000000000000000000000000000000000000
000000000000000000000000000000000000000000000000000000000000000000000000000
000000000000000000000000010000000000000000000000000000000000000000000000000
000000000000000100001000000011000000000000000000000000000000000000000000000
000000000000000000000000000000000000000000000000000000000000000000000000000
000000001111111111111111111111111111111111111111111111111111111111000000000
000000001111111111111111111111111111111111111111111111111111111111000000000
000000001111111111111111111111111111111111111111111111111111111111000000000
000000001111111111111111111111111111111111111111111111111111111111000000000
000000001111111111111111111111111111111111111111111111111111111111000000000
000000001111111111111111111111111111111111111111111111111111111111000000000
000000001111111111111111111111111111111111111111111111111111111111000000000
000000011111111111111111111111111111111111111111111111111111111111000000000
000000111111111111111111111111111111111111111111111111111111111111000000000
000000011111111111111111111111111111111111111111111111111111111111000000000
000000011111111111111111111111111111111111111111111111111111111111000000000
000000001111111111111111111111111111111111111111111111111111111111000000000
000000001111111111111111111111111111111111111111111111111111111111000000000
000000001111111111111111111111111111111111111111111111111111111111000000000
000000001111111111111111111111111111111111111111111111111111111111000000000
000000001111111111111111111111111111111111111111111111111111111111000000000
000000001111111111111111111111111111111111111111111111111111111111000000000
000000001111111111111111111111111111111111111111111111111111111111000000000
000000001111111111111111111111111111111111111111111111111111111111000000000
000000001111111111111111111111111111111111111111111111111111111111000000000
000000001111111111111111111111111111111111111111111111111111111111000000000
000000001111111111111111111111111111111111111111111111111111111111000000000
000000001111111111111111111111111111111111111111111111111111111111000000000
000000001111111111111111111111111111111111111111111111111111111111000000000
000000001111111111111111111111111111111111111111111111111111111111000000000
000000001111111111111111111111111111111111111111111111111111111111000000000
000000111111111111111111111111111111111111111111111111111111111111000000000
000000001111111111111111111111111111111111111111111111111111111111000000000
000000001111111111111111111111111111111111111111111111111111111111000000000
000000001111111111111111111111111111111111111111111111111111111111000000000
000000001111111111111111111111111111111111111111111111111111111111000000000
000000001111111111111111111111111111111111111111111111111111111111000000000
000000001111111111111111111111111111111111111111111111111111111111000000000
000000001111111111111111111111111111111111111111111111111111111111000000000
000000000000000000000000000000000000000000000000000000000000000000000000000
000000000000000000000000000001000100000000000000000000000000000000000000000
000000000000000001001000100000000100000000000000000000000000000000000000000
000000000000000000000001000000000000000000000000000000000000000000000000000
000000000000000000000000000000000000000000000000000000000000000000000000000
000000000000000000000000000000000000000000000000000000000000000000000000000
000000000000000000000000000000000000000000000000000000000000000000000000000
000000000000000000000000000000000000000000000000000000000000000000000000000
000000000000000000000000000000000000000000000000000000000000000000000000000
000000000000000000000000000000000000000000000000000000000000000000000000000
000000000000000000000000000000000000000000000000000000000000000000000000000
000000000000000000000000000000000000000000000000000000000000000000000000000
000000000000000000000000000000000000000000000000000000000000000000000000000
000000000000000000000000000000000000000000000000000000000000000000000000000
000000000000000000000000000000000000000000000000000000000000000000000000000
000000000000000000000000000000000000000000000000000000000000000000000000000
000000000000000000000000000000000000000000000000000000000000000000000000000
000000000000000000000000000000000000000000000000000000000000000000000000000
000000000000000000000000000000000000000000000000000000000000000000000000000
000000000000000000000000000000000000000000000000000000000000000000000000000
000000000000000000000000000000000000000000000000000000000000000000000000000
000000000000000000000000000000000000000000000000000000000000000000000000000
000000000000000000000000000000000000000000000000000000000000000000000000000
000000000000000000000000000000000000000000000000000000000000000000000000000
000000000000000000000000000000000000000000000000000000000000000000000000000
000000000000000000000000000000000000000000000000000000000000000000000000000
000000000000000000000000000000000000000000000000000000000000000000000000000
000000000000000000000000000000000000000000000000000000000000000000000000000
000000000000000000000000000000000000000000000000000000000000000000000000000
000000000000000000000000000000000000000000000000000000000000000000000000000
000000000000000000000000000000000000000000000000000000000000000000000000000
000000000000000000000000000000000000000000000000000000000000000000000000000
000000000000000000000000000000000000000000000000000000000000000000000000000

