== Attributes ==
title=2x1 Classmates' Problem 01
type= 2x1
result=2
window_size=(82, 82)

== Input ==
0000000000000000000000000000000000000000000000000000000000000000000000000000000000
0000000000000000000000000000000000000000000000000000000000000000000000000000000000
0000000000000000000000000000000000000000000000000000000000000000000000000000000000
0000000000000000000000000000000000000000000000000000000000000000000000000000000000
0000000000000000000000000000000000000000000000000000000000000000000000000000000000
0000000000000000000000000000000000000000000000000000000000000000000000000000000000
0000000000000000000000000000000000000000000000000000000000000000000000000000000000
0000000000000000000000000000000000000000000000000000000000000000000000000000000000
0000000000000000000000000000000000000000000000000000000000000000000000000000000000
0000000000000000000000000000000000000000000000000000000000000000000000000000000000
0000000000000000000000000000000000000000000000000000000000000000000000000000000000
0000000000000000000000000000000000000000000000000000000000000000000000000000000000
0000000000000000000000000000000000000000000000000000000000000000000000000000000000
0000000000000000000000000000000000000000000000000000000000000000000000000000000000
0000000000000000000000000000000000000000000000000000000000000000000000000000000000
0000000000000000000000000000000000000000000000000000000000000000000000000000000000
0000000000000000000000000000000000000000000000000000000000000000000000000000000000
0000000000000000000000000000000000000000000000000000000000000000000000000000000000
0000000000000000000000000000000000000000000000000000000000000000000000000000000000
0000000000000000000000000000000000000000000000000000000000000000000000000000000000
0000000000000000000000000000000000000000000000000000000000000000000000000000000000
0000000000000000000000000000000000000000000000000000000000000000000000000000000000
0000000000000000000000000000000000000000000000000000000000000000000000000000000000
0000000000000000000000000000000000000000000000000000000000000000000000000000000000
0000000000000000011111111000000000000000000111111111111111111111111111111111100000
0000000000000011111111111111000000000000001111111111111111111111111111111111100000
0000000000001111000000000011110000000000001100000000000000000000000000000001100000
0000000000011100000000000000111000000000001100000000000000000000000000000001100000
0000000001110000000011000000001110000000001100000000000000000000000000000001100000
0000000011100000000011000000000111000000001100000000000000000000000000000001100000
0000000111000000000111100000000011000000001100000000000000000000000000000001100000
0000000110000000000100100000000001100000001100000000000000000000000000000001100000
0000001100000000001100110000000000110000001100000000000000000000000000000001100000
0000001000000000001000110000000000010000001100000000000000000000000000000001100000
0000011000000000011000011000000000011000001100000000000000000000000000000001100000
0000010000000000010000011000000000001000001100000000000000000000000000000001100000
0000110000000000110000001100000000001100001100000000000000000000000000000001100000
0000110000000000100000001100000000001100001100000000000000000000000000000001100000
0000100000000001100000000110000000001100001100000000000000000000000000000001100000
0000100000000001000000000010000000000100001100000000000000000000000000000001100000
0000100000000011000000000011000000000100001100000000000000000000000000000001100000
0000100000000010000000000001000000000100001100000000000000000000000000000001100000
0000100000000110000000000001100000000100001100000000000000000000000000000001100000
0000100000000100000000000000100000000100001100000000000000000000000000000001100000
0000110000001100000000000000110000001100001100000000000000000000000000000001100000
0000110000001000000000000000010000001100001100000000000000000000000000000001100000
0000110000011000000000000000011000001100001100000000000000000000000000000001100000
0000010000010000000000000000011000011000001100000000000000000000000000000001100000
0000011000110000000000000000001100011000001100000000000000000000000000000001100000
0000001100110000000000000000001100110000001100000000000000000000000000000001100000
0000001101111111111111111111111110110000001100000000000000000000000000000001100000
0000000110000000000000000000000001100000001100000000000000000000000000000001100000
0000000011000000000000000000000011000000001100000000000000000000000000000001100000
0000000001100000000000000000000110000000001100000000000000000000000000000001100000
0000000000110000000000000000001100000000001100000000000000000000000000000001100000
0000000000011100000000000000111000000000001100000000000000000000000000000001100000
0000000000000111100000000111100000000000001100000000000000000000000000000001100000
0000000000000001111111111110000000000000001111111111111111111111111111111111100000
0000000000000000000111100000000000000000000111111111111111111111111111111111000000
0000000000000000000000000000000000000000000000000000000000000000000000000000000000
0000000000000000000000000000000000000000000000000000000000000000000000000000000000
0000000000000000000000000000000000000000000000000000000000000000000000000000000000
0000000000000000000000000000000000000000000000000000000000000000000000000000000000
0000000000000000000000000000000000000000000000000000000000000000000000000000000000
0000000000000000000000000000000000000000000000000000000000000000000000000000000000
0000000000000000000000000000000000000000000000000000000000000000000000000000000000
0000000000000000000000000000000000000000000000000000000000000000000000000000000000
0000000000000000000000000000000000000000000000000000000000000000000000000000000000
0000000000000000000000000000000000000000000000000000000000000000000000000000000000
0000000000000000000000000000000000000000000000000000000000000000000000000000000000
0000000000000000000000000000000000000000000000000000000000000000000000000000000000
0000000000000000000000000000000000000000000000000000000000000000000000000000000000
0000000000000000000000000000000000000000000000000000000000000000000000000000000000
0000000000000000000000000000000000000000000000000000000000000000000000000000000000
0000000000000000000000000000000000000000000000000000000000000000000000000000000000
0000000000000000000000000000000000000000000000000000000000000000000000000000000000
0000000000000000000000000000000000000000000000000000000000000000000000000000000000
0000000000000000000000000000000000000000000000000000000000000000000000000000000000
0000000000000000000000000000000000000000000000000000000000000000000000000000000000
0000000000000000000000000000000000000000000000000000000000000000000000000000000000
0000000000000000000000000000000000000000000000000000000000000000000000000000000000
0000000000000000000000000000000000000000000000000000000000000000000000000000000000

0000000000000000000000000000000000000000000000000000000000000000000000000000000000
0000000000000000000000000000000000000000000000000000000000000000000000000000000000
0000000000000000000000000000000000000000000000000000000000000000000000000000000000
0000000000000000000000000000000000000000000000000000000000000000000000000000000000
0000000000000000000000000000000000000000000000000000000000000000000000000000000000
0000000000000000000000000000000000000000000000000000000000000000000000000000000000
0000000000000000000000000000000000000000000000000000000000000000000000000000000000
0000000000000000000000000000000000000000000000000000000000000000000000000000000000
0000000000000000000000000000000000000000000000000000000000000000000000000000000000
0000000000000000000000000000000000000000000000000000000000000000000000000000000000
0000000000000000000000000000000000000000000000000000000000000000000000000000000000
0000000000000000000000000000000000000000000000000000000000000000000000000000000000
0000000000000000000000000000000000000000000000000000000000000000000000000000000000
0000000000000000000000000000000000000000000000000000000000000000000000000000000000
0000000000000000000000000000000000000000000000000000000000000000000000000000000000
0000000000000000000000000000000000000000000000000000000000000000000000000000000000
0000000000000000000000000000000000000000000000000000000000000000000000000000000000
0000000000000000000000000000000000000000000000000000000000000000000000000000000000
0000000000000000000000000000000000000000000000000000000000000000000000000000000000
0000000000000000000000000000000000000000000000000000000000000000000000000000000000
0000000000000000000000000000000000000000000000000000000000000000000000000000000000
0000000000000000000000000000000000000000000000000000000000000000000000000000000000
0000000000000000000000000000000000000000000000000000000000000000000000000000000000
0000000000000000000000000000000000000000000000000000000000000000000000000000000000
0000000000000000001111111100000000000000000111111111111111111111111111111111100000
0000000000000001111111111111100000000000000111111111111111111111111111111111110000
0000000000000111100000000001111000000000000110000000000000000000000000000000110000
0000000000001110000000000000011100000000000110000000000000000000000000000000110000
0000000000111000000000000000000110000000000110000000000000000000000000000000110000
0000000001110000000000000000000011000000000110000000000000000000000000000000110000
0000000001100000000000000000000001100000000110000000000000001100000000000000110000
0000000011000000000000000000000000110000000110000000000000001110000000000000110000
0000000110000000000000000000000000011000000110000000000000011110000000000000110000
0000000100000000000000000000000000011000000110000000000000011011000000000000110000
0000001100000000000000000000000000001100000110000000000000110001000000000000110000
0000001000000000000000000000000000001100000110000000000000110001100000000000110000
0000011000000000000000000000000000000100000110000000000001100000100000000000110000
0000011000000000000000000000000000000110000110000000000001100000110000000000110000
0000011000000000000000000000000000000110000110000000000011000000010000000000110000
0000010000000000000000000000000000000110000110000000000011000000011000000000110000
0000010000000000000000000000000000000010000110000000000110000000001000000000110000
0000010000000000000000000000000000000010000110000000000110000000001100000000110000
0000010000000000000000000000000000000010000110000000001100000000000100000000110000
0000010000000000000000000000000000000110000110000000001100000000000110000000110000
0000011000000000000000000000000000000110000110000000011000000000000010000000110000
0000011000000000000000000000000000000110000110000000011000000000000011000000110000
0000011000000000000000000000000000000100000110000000110000000000000001000000110000
0000001100000000000000000000000000001100000110000000110000000000000001100000110000
0000001100000000000000000000000000001100000110000001100000000000000000100000110000
0000000110000000000000000000000000011000000110000001100000000000000000110000110000
0000000110000000000000000000000000011000000110000011000000000000000000010000110000
0000000011000000000000000000000000110000000110000011111111111111111111111000110000
0000000001100000000000000000000001100000000110000011111111111111111111111000110000
0000000000110000000000000000000011000000000110000000000000000000000000000000110000
0000000000011000000000000000001110000000000110000000000000000000000000000000110000
0000000000001110000000000000011100000000000110000000000000000000000000000000110000
0000000000000011110000000011110000000000000110000000000000000000000000000000110000
0000000000000000111111111111000000000000000111111111111111111111111111111111110000
0000000000000000000011110000000000000000000011111111111111111111111111111111100000
0000000000000000000000000000000000000000000000000000000000000000000000000000000000
0000000000000000000000000000000000000000000000000000000000000000000000000000000000
0000000000000000000000000000000000000000000000000000000000000000000000000000000000
0000000000000000000000000000000000000000000000000000000000000000000000000000000000
0000000000000000000000000000000000000000000000000000000000000000000000000000000000
0000000000000000000000000000000000000000000000000000000000000000000000000000000000
0000000000000000000000000000000000000000000000000000000000000000000000000000000000
0000000000000000000000000000000000000000000000000000000000000000000000000000000000
0000000000000000000000000000000000000000000000000000000000000000000000000000000000
0000000000000000000000000000000000000000000000000000000000000000000000000000000000
0000000000000000000000000000000000000000000000000000000000000000000000000000000000
0000000000000000000000000000000000000000000000000000000000000000000000000000000000
0000000000000000000000000000000000000000000000000000000000000000000000000000000000
0000000000000000000000000000000000000000000000000000000000000000000000000000000000
0000000000000000000000000000000000000000000000000000000000000000000000000000000000
0000000000000000000000000000000000000000000000000000000000000000000000000000000000
0000000000000000000000000000000000000000000000000000000000000000000000000000000000
0000000000000000000000000000000000000000000000000000000000000000000000000000000000
0000000000000000000000000000000000000000000000000000000000000000000000000000000000
0000000000000000000000000000000000000000000000000000000000000000000000000000000000
0000000000000000000000000000000000000000000000000000000000000000000000000000000000
0000000000000000000000000000000000000000000000000000000000000000000000000000000000
0000000000000000000000000000000000000000000000000000000000000000000000000000000000

0000000000000000000000000000000000000000000000000000000000000000000000000000000000
0000000000000000000000000000000000000000000000000000000000000000000000000000000000
0000000000000000000000000000000000000000000000000000000000000000000000000000000000
0000000000000000000000000000000000000000000000000000000000000000000000000000000000
0000000000000000000000000000000000000000000000000000000000000000000000000000000000
0000000000000000000000000000000000000000000000000000000000000000000000000000000000
0000000000000000000000000000000000000000000000000000000000000000000000000000000000
0000000000000000000000000000000000000000000000000000000000000000000000000000000000
0000000000000000000000000000000000000000000000000000000000000000000000000000000000
0000000000000000000000000000000000000000000000000000000000000000000000000000000000
0000000000000000000000000000000000000000000000000000000000000000000000000000000000
0000000000000000000000000000000000000000000000000000000000000000000000000000000000
0000000000000000000000000000000000000000000000000000000000000000000000000000000000
0000000000000000000000000000000000000000000000000000000000000000000000000000000000
0000000000000000000000000000000000000000000000000000000000000000000000000000000000
0000000000000000000000000000000000000000000000000000000000000000000000000000000000
0000000000000000000000000000000000000000000000000000000000000000000000000000000000
0000000000000000000000000000000000000000000000000000000000000000000000000000000000
0000000000000000000000000000000000000000000000000000000000000000000000000000000000
0000000000000000000000000000000000000000000000000000000000000000000000000000000000
0000000000000000000000000000000000000000000000000000000000000000000000000000000000
0000000000000000000000000000000000000000000000000000000000000000000000000000000000
0000000000000000000000000000000000000000000000000000000000000000000000000000000000
0000000000000000000000000000000000000000000000000000000000000000000000000000000000
0000011111111111111111111111111111111110000000000000000001111111000000000000000000
0000011111111111111111111111111111111110000000000000001111111111111000000000000000
0000010000000000000000000000000000000010000000000000111000000000011110000000000000
0000010000000000000000000000000000000010000000000011100000000000000011100000000000
0000010000000000000000000000000000000010000000000110000000000000000001110000000000
0000010000000000000000000000000000000010000000001100000000000000000000011000000000
0000010000000000111111111000000000000010000000011000000000000000000000001100000000
0000010000000001111000011110000000000010000000110000000000000000000000000110000000
0000010000000111000000000011100000000010000000100000000000000000000000000110000000
0000010000001100000000000001110000000010000001100000000000000000000000000011000000
0000010000011000000000000000110000000010000001000000000000000000000000000011000000
0000010000011000000000000000011000000010000011000000000000000000000000000001100000
0000010000110000000000000000001100000010000010000000000000000000000000000001100000
0000010000100000000000000000001100000010000010000000000000000000000000000000100000
0000010001100000000000000000000100000010000110000000000000000000000000000000100000
0000010001100000000000000000000110000010000110000000000000000000000000000000110000
0000010001100000000000000000000110000010000110000000000000000000000000000000110000
0000010001100000000000000000000110000010000110000000000000000000000000000000110000
0000010001100000000000000000000110000010000110000000000000000000000000000000110000
0000010001100000000000000000000100000010000110000000000000000000000000000000100000
0000010000100000000000000000000100000010000110000000000000000000000000000000100000
0000010000110000000000000000001100000010000010000000000000000000000000000001100000
0000010000110000000000000000001000000010000011000000000000000000000000000001100000
0000010000011000000000000000011000000010000011000000000000000000000000000001000000
0000010000001100000000000000110000000010000001000000000000000000000000000011000000
0000010000001110000000000001100000000010000001100000000000000000000000000011000000
0000010000000011100000000111000000000010000000110000000000000000000000000110000000
0000010000000001111111111110000000000010000000110000000000000000000000001100000000
0000010000000000011111110000000000000010000000011000000000000000000000011100000000
0000010000000000000000000000000000000010000000001100000000000000000000111000000000
0000010000000000000000000000000000000010000000000111000000000000000001110000000000
0000010000000000000000000000000000000010000000000001110000000000000111000000000000
0000010000000000000000000000000000000110000000000000111100000000111110000000000000
0000011111111111111111111111111111111110000000000000001111111111110000000000000000
0000011111111111111111111111111111111110000000000000000000111100000000000000000000
0000000000000000000000000000000000000000000000000000000000000000000000000000000000
0000000000000000000000000000000000000000000000000000000000000000000000000000000000
0000000000000000000000000000000000000000000000000000000000000000000000000000000000
0000000000000000000000000000000000000000000000000000000000000000000000000000000000
0000000000000000000000000000000000000000000000000000000000000000000000000000000000
0000000000000000000000000000000000000000000000000000000000000000000000000000000000
0000000000000000000000000000000000000000000000000000000000000000000000000000000000
0000000000000000000000000000000000000000000000000000000000000000000000000000000000
0000000000000000000000000000000000000000000000000000000000000000000000000000000000
0000000000000000000000000000000000000000000000000000000000000000000000000000000000
0000000000000000000000000000000000000000000000000000000000000000000000000000000000
0000000000000000000000000000000000000000000000000000000000000000000000000000000000
0000000000000000000000000000000000000000000000000000000000000000000000000000000000
0000000000000000000000000000000000000000000000000000000000000000000000000000000000
0000000000000000000000000000000000000000000000000000000000000000000000000000000000
0000000000000000000000000000000000000000000000000000000000000000000000000000000000
0000000000000000000000000000000000000000000000000000000000000000000000000000000000
0000000000000000000000000000000000000000000000000000000000000000000000000000000000
0000000000000000000000000000000000000000000000000000000000000000000000000000000000
0000000000000000000000000000000000000000000000000000000000000000000000000000000000
0000000000000000000000000000000000000000000000000000000000000000000000000000000000
0000000000000000000000000000000000000000000000000000000000000000000000000000000000
0000000000000000000000000000000000000000000000000000000000000000000000000000000000

== Output ==
0000000000000000000000000000000000000000000000000000000000000000000000000000000000
0000000000000000000000000000000000000000000000000000000000000000000000000000000000
0000000000000000000000000000000000000000000000000000000000000000000000000000000000
0000000000000000000000000000000000000000000000000000000000000000000000000000000000
0000000000000000000000000000000000000000000000000000000000000000000000000000000000
0000000000000000000000000000000000000000000000000000000000000000000000000000000000
0000000000000000000000000000000000000000000000000000000000000000000000000000000000
0000000000000000000000000000000000000000000000000000000000000000000000000000000000
0000000000000000000000000000000000000000000000000000000000000000000000000000000000
0000000000000000000000000000000000000000000000000000000000000000000000000000000000
0000000000000000000000000000000000000000000000000000000000000000000000000000000000
0000000000000000000000000000000000000000000000000000000000000000000000000000000000
0000000000000000000000000000000000000000000000000000000000000000000000000000000000
0000000000000000000000000000000000000000000000000000000000000000000000000000000000
0000000000000000000000000000000000000000000000000000000000000000000000000000000000
0000000000000000000000000000000000000000000000000000000000000000000000000000000000
0000000000000000000000000000000000000000000000000000000000000000000000000000000000
0000000000000000000000000000000000000000000000000000000000000000000000000000000000
0000000000000000000000000000000000000000000000000000000000000000000000000000000000
0000000000000000000000000000000000000000000000000000000000000000000000000000000000
0000000000000000000000000000000000000000000000000000000000000000000000000000000000
0000000000000000000000000000000000000000000000000000000000000000000000000000000000
0000000000000000000000000000000000000000000000000000000000000000000000000000000000
0000000000000000000000000000000000000000000000000000000000000000000000000000000000
0000111111111111111111111111111111111110000000000000000111111111100000000000000000
0000110000000000000000000000000000000110000000000000111111000001111100000000000000
0000110000000000000000000000000000000110000000000001110000000000001111000000000000
0000110000000000000000000000000000000110000000000111000000000000000011100000000000
0000110000000000000000000000000000000110000000001110000000000000000000110000000000
0000110000000000001111100000000000000110000000011000000000000000000000011000000000
0000110000000001111111111100000000000110000000110000000000000000000000001100000000
0000110000000011100000001111000000000110000000110000000000000000000000000110000000
0000110000000110000000000011100000000110000001100000000000000000000000000110000000
0000110000001100000000000000110000000110000001000000000000000000000000000011000000
0000110000011000000000000000011000000110000011000000000000000000000000000011000000
0000110000110000000000000000011000000110000010000000000000000000000000000001100000
0000110000110000000000000000001100000110000110000000000000000000000000000001100000
0000110001100000000000000000001100000110000110000000000000000000000000000001100000
0000110001100000000000000000000100000110000110000000000000000000000000000000100000
0000110001100000000000000000000100000110000100000000000000000000000000000000100000
0000110001100000000000000000000110000110000100000000000000000000000000000000100000
0000110001100000000000000000000110000110000100000000000000000000000000000000100000
0000110001100000000000000000000100000110000100000000000000000000000000000000100000
0000110001100000000000000000000100000110000110000000000000000000000000000000100000
0000110001100000000000000000001100000110000110000000000000000000000000000001100000
0000110000110000000000000000001100000110000110000000000000000000000000000001100000
0000110000110000000000000000011000000110000010000000000000000000000000000001100000
0000110000011000000000000000011000000110000011000000000000000000000000000011000000
0000110000001100000000000000110000000110000011000000000000000000000000000011000000
0000110000000110000000000011100000000110000001100000000000000000000000000110000000
0000110000000011100000000111000000000110000000110000000000000000000000000110000000
0000110000000001111111111100000000000110000000110000000000000000000000001100000000
0000110000000000001111110000000000000110000000011000000000000000000000011000000000
0000110000000000000000000000000000000110000000001110000000000000000000110000000000
0000110000000000000000000000000000000110000000000111000000000000000011100000000000
0000110000000000000000000000000000000110000000000001110000000000001111000000000000
0000110000000000000000000000000000000110000000000000111110000001111100000000000000
0000111111111111111111111111111111111110000000000000000111111111110000000000000000
0000000000000000000000000000000000000000000000000000000000000000000000000000000000
0000000000000000000000000000000000000000000000000000000000000000000000000000000000
0000000000000000000000000000000000000000000000000000000000000000000000000000000000
0000000000000000000000000000000000000000000000000000000000000000000000000000000000
0000000000000000000000000000000000000000000000000000000000000000000000000000000000
0000000000000000000000000000000000000000000000000000000000000000000000000000000000
0000000000000000000000000000000000000000000000000000000000000000000000000000000000
0000000000000000000000000000000000000000000000000000000000000000000000000000000000
0000000000000000000000000000000000000000000000000000000000000000000000000000000000
0000000000000000000000000000000000000000000000000000000000000000000000000000000000
0000000000000000000000000000000000000000000000000000000000000000000000000000000000
0000000000000000000000000000000000000000000000000000000000000000000000000000000000
0000000000000000000000000000000000000000000000000000000000000000000000000000000000
0000000000000000000000000000000000000000000000000000000000000000000000000000000000
0000000000000000000000000000000000000000000000000000000000000000000000000000000000
0000000000000000000000000000000000000000000000000000000000000000000000000000000000
0000000000000000000000000000000000000000000000000000000000000000000000000000000000
0000000000000000000000000000000000000000000000000000000000000000000000000000000000
0000000000000000000000000000000000000000000000000000000000000000000000000000000000
0000000000000000000000000000000000000000000000000000000000000000000000000000000000
0000000000000000000000000000000000000000000000000000000000000000000000000000000000
0000000000000000000000000000000000000000000000000000000000000000000000000000000000
0000000000000000000000000000000000000000000000000000000000000000000000000000000000
0000000000000000000000000000000000000000000000000000000000000000000000000000000000

0000000000000000000000000000000000000000000000000000000000000000000000000000000000
0000000000000000000000000000000000000000000000000000000000000000000000000000000000
0000000000000000000000000000000000000000000000000000000000000000000000000000000000
0000000000000000000000000000000000000000000000000000000000000000000000000000000000
0000000000000000000000000000000000000000000000000000000000000000000000000000000000
0000000000000000000000000000000000000000000000000000000000000000000000000000000000
0000000000000000000000000000000000000000000000000000000000000000000000000000000000
0000000000000000000000000000000000000000000000000000000000000000000000000000000000
0000000000000000000000000000000000000000000000000000000000000000000000000000000000
0000000000000000000000000000000000000000000000000000000000000000000000000000000000
0000000000000000000000000000000000000000000000000000000000000000000000000000000000
0000000000000000000000000000000000000000000000000000000000000000000000000000000000
0000000000000000000000000000000000000000000000000000000000000000000000000000000000
0000000000000000000000000000000000000000000000000000000000000000000000000000000000
0000000000000000000000000000000000000000000000000000000000000000000000000000000000
0000000000000000000000000000000000000000000000000000000000000000000000000000000000
0000000000000000000000000000000000000000000000000000000000000000000000000000000000
0000000000000000000000000000000000000000000000000000000000000000000000000000000000
0000000000000000000000000000000000000000000000000000000000000000000000000000000000
0000000000000000000000000000000000000000000000000000000000000000000000000000000000
0000000000000000000000000000000000000000000000000000000000000000000000000000000000
0000000000000000000000000000000000000000000000000000000000000000000000000000000000
0000000000000000000000000000000000000000000000000000000000000000000000000000000000
0000000000000000000000000000000000000000000000000000000000000000000000000000000000
0000111111111111111111111111111111111110000000000000000111111111100000000000000000
0000110000000000000000000000000000000110000000000000011111000001111100000000000000
0000110000000000000000000000000000000110000000000001110000000000001111000000000000
0000110000000000000000000000000000000110000000000111000000000000000011100000000000
0000110000000000000000000000000000000110000000001110000000000000000000110000000000
0000110000000000000000000000000000000110000000011000000000111110000000011000000000
0000110000000000000000000000000000000110000000111000000111111111110000001100000000
0000110000000000000000000000000000000110000000110000011110000000111000000110000000
0000110000000000000000000000000000000110000001100000111000000000001100000110000000
0000110000000000000000000000000000000110000001000001100000000000000110000011000000
0000110000000000000000000000000000000110000011000011000000000000000011000001000000
0000110000000000000000000000000000000110000010000011000000000000000001100001100000
0000110000000000000000000000000000000110000110000110000000000000000001100001100000
0000110000000000000000000000000000000110000110000110000000000000000000100000100000
0000110000000000000000000000000000000110000110000100000000000000000000110000100000
0000110000000000000000000000000000000110000110001100000000000000000000110000110000
0000110000000000000000000000000000000110000100001100000000000000000000110000110000
0000110000000000000000000000000000000110000100001100000000000000000000110000110000
0000110000000000000000000000000000000110000110001100000000000000000000110000110000
0000110000000000000000000000000000000110000110000100000000000000000000110000100000
0000110000000000000000000000000000000110000110000110000000000000000000110000100000
0000110000000000000000000000000000000110000110000110000000000000000001100001100000
0000110000000000000000000000000000000110000010000011000000000000000001100001100000
0000110000000000000000000000000000000110000011000011000000000000000011000001000000
0000110000000000000000000000000000000110000001000001100000000000000110000011000000
0000110000000000000000000000000000000110000001100000111000000000001100000110000000
0000110000000000000000000000000000000110000000110000011100000000111000000110000000
0000110000000000000000000000000000000110000000110000000111111111110000001100000000
0000110000000000000000000000000000000110000000011000000001111110000000011000000000
0000110000000000000000000000000000000110000000001110000000000000000000110000000000
0000110000000000000000000000000000000110000000000111000000000000000011100000000000
0000110000000000000000000000000000000110000000000001110000000000001111000000000000
0000110000000000000000000000000000000110000000000000111110000001111100000000000000
0000111111111111111111111111111111111110000000000000000111111111110000000000000000
0000000000000000000000000000000000000000000000000000000000000000000000000000000000
0000000000000000000000000000000000000000000000000000000000000000000000000000000000
0000000000000000000000000000000000000000000000000000000000000000000000000000000000
0000000000000000000000000000000000000000000000000000000000000000000000000000000000
0000000000000000000000000000000000000000000000000000000000000000000000000000000000
0000000000000000000000000000000000000000000000000000000000000000000000000000000000
0000000000000000000000000000000000000000000000000000000000000000000000000000000000
0000000000000000000000000000000000000000000000000000000000000000000000000000000000
0000000000000000000000000000000000000000000000000000000000000000000000000000000000
0000000000000000000000000000000000000000000000000000000000000000000000000000000000
0000000000000000000000000000000000000000000000000000000000000000000000000000000000
0000000000000000000000000000000000000000000000000000000000000000000000000000000000
0000000000000000000000000000000000000000000000000000000000000000000000000000000000
0000000000000000000000000000000000000000000000000000000000000000000000000000000000
0000000000000000000000000000000000000000000000000000000000000000000000000000000000
0000000000000000000000000000000000000000000000000000000000000000000000000000000000
0000000000000000000000000000000000000000000000000000000000000000000000000000000000
0000000000000000000000000000000000000000000000000000000000000000000000000000000000
0000000000000000000000000000000000000000000000000000000000000000000000000000000000
0000000000000000000000000000000000000000000000000000000000000000000000000000000000
0000000000000000000000000000000000000000000000000000000000000000000000000000000000
0000000000000000000000000000000000000000000000000000000000000000000000000000000000
0000000000000000000000000000000000000000000000000000000000000000000000000000000000
0000000000000000000000000000000000000000000000000000000000000000000000000000000000

0000000000000000000000000000000000000000000000000000000000000000000000000000000000
0000000000000000000000000000000000000000000000000000000000000000000000000000000000
0000000000000000000000000000000000000000000000000000000000000000000000000000000000
0000000000000000000000000000000000000000000000000000000000000000000000000000000000
0000000000000000000000000000000000000000000000000000000000000000000000000000000000
0000000000000000000000000000000000000000000000000000000000000000000000000000000000
0000000000000000000000000000000000000000000000000000000000000000000000000000000000
0000000000000000000000000000000000000000000000000000000000000000000000000000000000
0000000000000000000000000000000000000000000000000000000000000000000000000000000000
0000000000000000000000000000000000000000000000000000000000000000000000000000000000
0000000000000000000000000000000000000000000000000000000000000000000000000000000000
0000000000000000000000000000000000000000000000000000000000000000000000000000000000
0000000000000000000000000000000000000000000000000000000000000000000000000000000000
0000000000000000000000000000000000000000000000000000000000000000000000000000000000
0000000000000000000000000000000000000000000000000000000000000000000000000000000000
0000000000000000000000000000000000000000000000000000000000000000000000000000000000
0000000000000000000000000000000000000000000000000000000000000000000000000000000000
0000000000000000000000000000000000000000000000000000000000000000000000000000000000
0000000000000000000000000000000000000000000000000000000000000000000000000000000000
0000000000000000000000000000000000000000000000000000000000000000000000000000000000
0000000000000000000000000000000000000000000000000000000000000000000000000000000000
0000000000000000000000000000000000000000000000000000000000000000000000000000000000
0000000000000000000000000000000000000000000000000000000000000000000000000000000000
0000000000000000000000000000000000000000000000000000000000000000000000000000000000
0000000000000000111111111110000000000000000111111111111111111111111111111111100000
0000000000000011111000001111100000000000000110000000000000000000000000000000100000
0000000000001111000000000000111000000000000100000000000000000000000000000000100000
0000000000011100000000000000001100000000000110000000000000000000000000000000100000
0000000000110000000000000000000111000000000110000000000000000000000000000000100000
0000000001100000000111110000000011100000000110000000000000000000000000000000100000
0000000011000000111111111110000001100000000110000000000000000000000000000000100000
0000000110000001110000000111100000110000000110000000000000000000000000000000100000
0000000110000011000000000001110000011000000110000000000000000000000000000000100000
0000001100000110000000000000011000011000000110000000000000000000000000000000100000
0000001000001100000000000000001100001100000110000000000000000000000000000000100000
0000011000011000000000000000001100001100000110000000000000000000000000000000100000
0000011000011000000000000000000110000100000110000000000000000000000000000000100000
0000010000010000000000000000000110000110000110000000000000000000000000000000100000
0000010000110000000000000000000010000110000110000000000000000000000000000000100000
0000110000110000000000000000000011000110000110000000000000000000000000000000100000
0000110000110000000000000000000011000110000110000000000000000000000000000000100000
0000110000110000000000000000000011000110000110000000000000000000000000000000100000
0000110000110000000000000000000011000110000110000000000000000000000000000000100000
0000010000110000000000000000000010000110000110000000000000000000000000000000100000
0000010000110000000000000000000110000110000110000000000000000000000000000000100000
0000011000011000000000000000000110000100000110000000000000000000000000000000100000
0000011000011000000000000000001100001100000110000000000000000000000000000000100000
0000001000001100000000000000001100001100000110000000000000000000000000000000100000
0000001100000110000000000000011000011000000110000000000000000000000000000000100000
0000000100000011000000000001110000011000000110000000000000000000000000000000100000
0000000110000001110000000011100000110000000110000000000000000000000000000000100000
0000000011000000111111111110000001100000000110000000000000000000000000000000100000
0000000001100000000111111000000011100000000110000000000000000000000000000000100000
0000000000110000000000000000000111000000000110000000000000000000000000000000100000
0000000000011100000000000000001110000000000110000000000000000000000000000000100000
0000000000001111000000000000111000000000000100000000000000000000000000000000100000
0000000000000011111000000111100000000000000110000000000000000000000000000000100000
0000000000000000111111111110000000000000000111111111111111111111111111111111100000
0000000000000000000000000000000000000000000000000000000000000000000000000000000000
0000000000000000000000000000000000000000000000000000000000000000000000000000000000
0000000000000000000000000000000000000000000000000000000000000000000000000000000000
0000000000000000000000000000000000000000000000000000000000000000000000000000000000
0000000000000000000000000000000000000000000000000000000000000000000000000000000000
0000000000000000000000000000000000000000000000000000000000000000000000000000000000
0000000000000000000000000000000000000000000000000000000000000000000000000000000000
0000000000000000000000000000000000000000000000000000000000000000000000000000000000
0000000000000000000000000000000000000000000000000000000000000000000000000000000000
0000000000000000000000000000000000000000000000000000000000000000000000000000000000
0000000000000000000000000000000000000000000000000000000000000000000000000000000000
0000000000000000000000000000000000000000000000000000000000000000000000000000000000
0000000000000000000000000000000000000000000000000000000000000000000000000000000000
0000000000000000000000000000000000000000000000000000000000000000000000000000000000
0000000000000000000000000000000000000000000000000000000000000000000000000000000000
0000000000000000000000000000000000000000000000000000000000000000000000000000000000
0000000000000000000000000000000000000000000000000000000000000000000000000000000000
0000000000000000000000000000000000000000000000000000000000000000000000000000000000
0000000000000000000000000000000000000000000000000000000000000000000000000000000000
0000000000000000000000000000000000000000000000000000000000000000000000000000000000
0000000000000000000000000000000000000000000000000000000000000000000000000000000000
0000000000000000000000000000000000000000000000000000000000000000000000000000000000
0000000000000000000000000000000000000000000000000000000000000000000000000000000000
0000000000000000000000000000000000000000000000000000000000000000000000000000000000

0000000000000000000000000000000000000000000000000000000000000000000000000000000000
0000000000000000000000000000000000000000000000000000000000000000000000000000000000
0000000000000000000000000000000000000000000000000000000000000000000000000000000000
0000000000000000000000000000000000000000000000000000000000000000000000000000000000
0000000000000000000000000000000000000000000000000000000000000000000000000000000000
0000000000000000000000000000000000000000000000000000000000000000000000000000000000
0000000000000000000000000000000000000000000000000000000000000000000000000000000000
0000000000000000000000000000000000000000000000000000000000000000000000000000000000
0000000000000000000000000000000000000000000000000000000000000000000000000000000000
0000000000000000000000000000000000000000000000000000000000000000000000000000000000
0000000000000000000000000000000000000000000000000000000000000000000000000000000000
0000000000000000000000000000000000000000000000000000000000000000000000000000000000
0000000000000000000000000000000000000000000000000000000000000000000000000000000000
0000000000000000000000000000000000000000000000000000000000000000000000000000000000
0000000000000000000000000000000000000000000000000000000000000000000000000000000000
0000000000000000000000000000000000000000000000000000000000000000000000000000000000
0000000000000000000000000000000000000000000000000000000000000000000000000000000000
0000000000000000000000000000000000000000000000000000000000000000000000000000000000
0000000000000000000000000000000000000000000000000000000000000000000000000000000000
0000000000000000000000000000000000000000000000000000000000000000000000000000000000
0000000000000000000000000000000000000000000000000000000000000000000000000000000000
0000000000000000000000000000000000000000000000000000000000000000000000000000000000
0000000000000000000000000000000000000000000000000000000000000000000000000000000000
0000000000000000000000000000000000000000000000000000000000000000000000000000000000
0000000000000000111111111100000000000000000111111111111111111111111111111111110000
0000000000000111110000011111100000000000000110000000000000000000000000000000110000
0000000000011110000000000001110000000000000110000000000000000000000000000000110000
0000000000111000000000000000011100000000000110000000000000000000000000000000110000
0000000001100000000000000000001110000000000110000000000000000000000000000000110000
0000000011000000000000000000000011000000000110000000000001111100000000000000110000
0000000110000000000000000000000001100000000110000000001111111111100000000000110000
0000001100000000000000000000000001100000000110000000011100000001110000000000110000
0000001100000000000000000000000000110000000110000001110000000000011100000000110000
0000011000000000000000000000000000010000000110000011100000000000001110000000110000
0000011000000000000000000000000000011000000110000011000000000000000110000000110000
0000010000000000000000000000000000001000000110000110000000000000000011000000110000
0000110000000000000000000000000000001100000110000100000000000000000001000000110000
0000110000000000000000000000000000001100000110001100000000000000000001100000110000
0000100000000000000000000000000000001100000110001100000000000000000001100000110000
0000100000000000000000000000000000001100000110001000000000000000000000100000110000
0000100000000000000000000000000000000100000110001000000000000000000000100000110000
0000100000000000000000000000000000000100000110001000000000000000000000100000110000
0000100000000000000000000000000000001100000110001000000000000000000000100000110000
0000100000000000000000000000000000001100000110001100000000000000000001100000110000
0000110000000000000000000000000000001100000110001100000000000000000001100000110000
0000110000000000000000000000000000001100000110000100000000000000000001000000110000
0000110000000000000000000000000000001000000110000110000000000000000011000000110000
0000011000000000000000000000000000011000000110000011000000000000000110000000110000
0000011000000000000000000000000000010000000110000011100000000000001110000000110000
0000001100000000000000000000000000110000000110000001110000000000011100000000110000
0000001100000000000000000000000001100000000110000000111100000001110000000000110000
0000000110000000000000000000000001100000000110000000001111111111100000000000110000
0000000011000000000000000000000011000000000110000000000001111100000000000000110000
0000000001100000000000000000001110000000000110000000000000000000000000000000110000
0000000000111000000000000000011100000000000110000000000000000000000000000000110000
0000000000011110000000000001110000000000000110000000000000000000000000000000110000
0000000000000111110000001111100000000000000110000000000000000000000000000000110000
0000000000000001111111111100000000000000000111111111111111111111111111111111110000
0000000000000000000000000000000000000000000000000000000000000000000000000000000000
0000000000000000000000000000000000000000000000000000000000000000000000000000000000
0000000000000000000000000000000000000000000000000000000000000000000000000000000000
0000000000000000000000000000000000000000000000000000000000000000000000000000000000
0000000000000000000000000000000000000000000000000000000000000000000000000000000000
0000000000000000000000000000000000000000000000000000000000000000000000000000000000
0000000000000000000000000000000000000000000000000000000000000000000000000000000000
0000000000000000000000000000000000000000000000000000000000000000000000000000000000
0000000000000000000000000000000000000000000000000000000000000000000000000000000000
0000000000000000000000000000000000000000000000000000000000000000000000000000000000
0000000000000000000000000000000000000000000000000000000000000000000000000000000000
0000000000000000000000000000000000000000000000000000000000000000000000000000000000
0000000000000000000000000000000000000000000000000000000000000000000000000000000000
0000000000000000000000000000000000000000000000000000000000000000000000000000000000
0000000000000000000000000000000000000000000000000000000000000000000000000000000000
0000000000000000000000000000000000000000000000000000000000000000000000000000000000
0000000000000000000000000000000000000000000000000000000000000000000000000000000000
0000000000000000000000000000000000000000000000000000000000000000000000000000000000
0000000000000000000000000000000000000000000000000000000000000000000000000000000000
0000000000000000000000000000000000000000000000000000000000000000000000000000000000
0000000000000000000000000000000000000000000000000000000000000000000000000000000000
0000000000000000000000000000000000000000000000000000000000000000000000000000000000
0000000000000000000000000000000000000000000000000000000000000000000000000000000000
0000000000000000000000000000000000000000000000000000000000000000000000000000000000

0000000000000000000000000000000000000000000000000000000000000000000000000000000000
0000000000000000000000000000000000000000000000000000000000000000000000000000000000
0000000000000000000000000000000000000000000000000000000000000000000000000000000000
0000000000000000000000000000000000000000000000000000000000000000000000000000000000
0000000000000000000000000000000000000000000000000000000000000000000000000000000000
0000000000000000000000000000000000000000000000000000000000000000000000000000000000
0000000000000000000000000000000000000000000000000000000000000000000000000000000000
0000000000000000000000000000000000000000000000000000000000000000000000000000000000
0000000000000000000000000000000000000000000000000000000000000000000000000000000000
0000000000000000000000000000000000000000000000000000000000000000000000000000000000
0000000000000000000000000000000000000000000000000000000000000000000000000000000000
0000000000000000000000000000000000000000000000000000000000000000000000000000000000
0000000000000000000000000000000000000000000000000000000000000000000000000000000000
0000000000000000000000000000000000000000000000000000000000000000000000000000000000
0000000000000000000000000000000000000000000000000000000000000000000000000000000000
0000000000000000000000000000000000000000000000000000000000000000000000000000000000
0000000000000000000000000000000000000000000000000000000000000000000000000000000000
0000000000000000000000000000000000000000000000000000000000000000000000000000000000
0000000000000000000000000000000000000000000000000000000000000000000000000000000000
0000000000000000000000000000000000000000000000000000000000000000000000000000000000
0000000000000000000000000000000000000000000000000000000000000000000000000000000000
0000000000000000000000000000000000000000000000000000000000000000000000000000000000
0000000000000000000000000000000000000000000000000000000000000000000000000000000000
0000000000000000000000000000000000000000000000000000000000000000000000000000000000
0000111111111111111111111111111111111110000000000000000000000000000000000000000000
0000110000000111111000001111110000000110000000000000000000000000000000000000000000
0000110000001111000000000000111000000010000000000000000000000000000000000000000000
0000110000011100000000000000001110000110000000000000000000000000000000000000000000
0000110000110000000000000000000111000110000000000000000000000000000000000000000000
0000110001100000001111100000000011100110000000000000000000000000000000000000000000
0000110011000000111111111100000001110110000000000000000000000000000000000000000000
0000110110000011100000001111000000110010000000000000000000000000000000000000000000
0000110110000110000000000011100000011110000000000000000000000000000000000000000000
0000111100001100000000000000110000001110000000000000000000000000000000000000000000
0000111000011000000000000000011000001110000000000000000000000000000000000000000000
0000111000110000000000000000011000000110000000000000000000000000000000000000000000
0000111000110000000000000000001100000110000000000000000000000000000000000000000000
0000110000100000000000000000001100000110000000000000000000000000000000000000000000
0000110001100000000000000000000100000110000000000000000000000000000000000000000000
0000110001100000000000000000000110000110000000000000000000000000000000000000000000
0000110001100000000000000000000110000110000000000000000000000000000000000000000000
0000110001100000000000000000000110000110000000000000000000000000000000000000000000
0000110001100000000000000000000110000110000000000000000000000000000000000000000000
0000110001100000000000000000000100000110000000000000000000000000000000000000000000
0000110000100000000000000000001100000110000000000000000000000000000000000000000000
0000111000110000000000000000001100000110000000000000000000000000000000000000000000
0000111000110000000000000000011000000110000000000000000000000000000000000000000000
0000111000011000000000000000011000001110000000000000000000000000000000000000000000
0000111100001100000000000000110000001110000000000000000000000000000000000000000000
0000110100000110000000000001100000011110000000000000000000000000000000000000000000
0000110110000011100000000111000000110010000000000000000000000000000000000000000000
0000110011000001111111111100000000110110000000000000000000000000000000000000000000
0000110001100000001111110000000001100110000000000000000000000000000000000000000000
0000110000110000000000000000000111000110000000000000000000000000000000000000000000
0000110000011100000000000000001110000110000000000000000000000000000000000000000000
0000110000001111000000000000111000000010000000000000000000000000000000000000000000
0000110000000111111000000111110000000110000000000000000000000000000000000000000000
0000111111111111111111111111111111111110000000000000000000000000000000000000000000
0000000000000000000000000000000000000000000000000000000000000000000000000000000000
0000000000000000000000000000000000000000000000000000000000000000000000000000000000
0000000000000000000000000000000000000000000000000000000000000000000000000000000000
0000000000000000000000000000000000000000000000000000000000000000000000000000000000
0000000000000000000000000000000000000000000000000000000000000000000000000000000000
0000000000000000000000000000000000000000000000000000000000000000000000000000000000
0000000000000000000000000000000000000000000000000000000000000000000000000000000000
0000000000000000000000000000000000000000000000000000000000000000000000000000000000
0000000000000000000000000000000000000000000000000000000000000000000000000000000000
0000000000000000000000000000000000000000000000000000000000000000000000000000000000
0000000000000000000000000000000000000000000000000000000000000000000000000000000000
0000000000000000000000000000000000000000000000000000000000000000000000000000000000
0000000000000000000000000000000000000000000000000000000000000000000000000000000000
0000000000000000000000000000000000000000000000000000000000000000000000000000000000
0000000000000000000000000000000000000000000000000000000000000000000000000000000000
0000000000000000000000000000000000000000000000000000000000000000000000000000000000
0000000000000000000000000000000000000000000000000000000000000000000000000000000000
0000000000000000000000000000000000000000000000000000000000000000000000000000000000
0000000000000000000000000000000000000000000000000000000000000000000000000000000000
0000000000000000000000000000000000000000000000000000000000000000000000000000000000
0000000000000000000000000000000000000000000000000000000000000000000000000000000000
0000000000000000000000000000000000000000000000000000000000000000000000000000000000
0000000000000000000000000000000000000000000000000000000000000000000000000000000000
0000000000000000000000000000000000000000000000000000000000000000000000000000000000

0000000000000000000000000000000000000000000000000000000000000000000000000000000000
0000000000000000000000000000000000000000000000000000000000000000000000000000000000
0000000000000000000000000000000000000000000000000000000000000000000000000000000000
0000000000000000000000000000000000000000000000000000000000000000000000000000000000
0000000000000000000000000000000000000000000000000000000000000000000000000000000000
0000000000000000000000000000000000000000000000000000000000000000000000000000000000
0000000000000000000000000000000000000000000000000000000000000000000000000000000000
0000000000000000000000000000000000000000000000000000000000000000000000000000000000
0000000000000000000000000000000000000000000000000000000000000000000000000000000000
0000000000000000000000000000000000000000000000000000000000000000000000000000000000
0000000000000000000000000000000000000000000000000000000000000000000000000000000000
0000000000000000000000000000000000000000000000000000000000000000000000000000000000
0000000000000000000000000000000000000000000000000000000000000000000000000000000000
0000000000000000000000000000000000000000000000000000000000000000000000000000000000
0000000000000000000000000000000000000000000000000000000000000000000000000000000000
0000000000000000000000000000000000000000000000000000000000000000000000000000000000
0000000000000000000000000000000000000000000000000000000000000000000000000000000000
0000000000000000000000000000000000000000000000000000000000000000000000000000000000
0000000000000000000000000000000000000000000000000000000000000000000000000000000000
0000000000000000000000000000000000000000000000000000000000000000000000000000000000
0000000000000000000000000000000000000000000000000000000000000000000000000000000000
0000000000000000000000000000000000000000000000000000000000000000000000000000000000
0000000000000000000000000000000000000000000000000000000000000000000000000000000000
0000000000000000000000000000000000000000000000000000000000000000000000000000000000
0000111111111111111111111111111111111110000000000000000111111111110000000000000000
0000110000000000000000000000000000000110000000000000011111000001111100000000000000
0000110000000000000000000000000000000010000000000001110000000000001111000000000000
0000110000000000000000000000000000000010000000000011000000000000000011100000000000
0000110000000000000000000000000000000010000000000110000000000000000000110000000000
0000110000000000000000000000000000000010000000001100000000000000000000011000000000
0000110000000000000000000000000000000010000000011000000000000000000000001100000000
0000110000000000000000000000000000000010000000110000000000000000000000000110000000
0000110000000000000000000000000000000010000001100000000000000000000000000010000000
0000110000000000000000000000000000000010000001100000000000000000000000000011000000
0000110000000000000000000000000000000010000011000000000000000000000000000001000000
0000110000000000000000000000000000000010000011000000000000000000000000000001100000
0000110000000000000000000000000000000010000010000000000000000000000000000001100000
0000110000000000000000000000000000000010000010000000000000000000000000000000100000
0000110000000000000000000000000000000010000110000000000000000000000000000000100000
0000110000000000000000000000000000000010000110000000000000000000000000000000110000
0000110000000000000000000000000000000010000110000000000000000000000000000000110000
0000110000000000000000000000000000000010000110000000000000000000000000000000110000
0000110000000000000000000000000000000010000110000000000000000000000000000000110000
0000110000000000000000000000000000000010000110000000000000000000000000000000110000
0000110000000000000000000000000000000010000110000000000000000000000000000000100000
0000110000000000000000000000000000000010000010000000000000000000000000000001100000
0000110000000000000000000000000000000010000011000000000000000000000000000001100000
0000110000000000000000000000000000000010000011000000000000000000000000000001000000
0000110000000000000000000000000000000010000001100000000000000000000000000011000000
0000110000000000000000000000000000000010000001100000000000000000000000000010000000
0000110000000000000000000000000000000010000000110000000000000000000000000110000000
0000110000000000000000000000000000000010000000011000000000000000000000001100000000
0000110000000000000000000000000000000010000000011100000000000000000000011000000000
0000110000000000000000000000000000000010000000001110000000000000000000110000000000
0000110000000000000000000000000000000010000000000011000000000000000001100000000000
0000110000000000000000000000000000000010000000000001110000000000000111000000000000
0000110000000000000000000000000000000110000000000000011111000001111100000000000000
0000111111111111111111111111111111111110000000000000000111111111110000000000000000
0000000000000000000000000000000000000000000000000000000000000000000000000000000000
0000000000000000000000000000000000000000000000000000000000000000000000000000000000
0000000000000000000000000000000000000000000000000000000000000000000000000000000000
0000000000000000000000000000000000000000000000000000000000000000000000000000000000
0000000000000000000000000000000000000000000000000000000000000000000000000000000000
0000000000000000000000000000000000000000000000000000000000000000000000000000000000
0000000000000000000000000000000000000000000000000000000000000000000000000000000000
0000000000000000000000000000000000000000000000000000000000000000000000000000000000
0000000000000000000000000000000000000000000000000000000000000000000000000000000000
0000000000000000000000000000000000000000000000000000000000000000000000000000000000
0000000000000000000000000000000000000000000000000000000000000000000000000000000000
0000000000000000000000000000000000000000000000000000000000000000000000000000000000
0000000000000000000000000000000000000000000000000000000000000000000000000000000000
0000000000000000000000000000000000000000000000000000000000000000000000000000000000
0000000000000000000000000000000000000000000000000000000000000000000000000000000000
0000000000000000000000000000000000000000000000000000000000000000000000000000000000
0000000000000000000000000000000000000000000000000000000000000000000000000000000000
0000000000000000000000000000000000000000000000000000000000000000000000000000000000
0000000000000000000000000000000000000000000000000000000000000000000000000000000000
0000000000000000000000000000000000000000000000000000000000000000000000000000000000
0000000000000000000000000000000000000000000000000000000000000000000000000000000000
0000000000000000000000000000000000000000000000000000000000000000000000000000000000
0000000000000000000000000000000000000000000000000000000000000000000000000000000000
0000000000000000000000000000000000000000000000000000000000000000000000000000000000

== SDRs ==
01000000000001000000000000000000
00000001000001000000000000100000
00010000000100000000100010000000
01000000000001000000000000000000
00000000001001000000000000000010
00000000000010000000000000000010
00000000000000000000001000000000
01000000000000000000000000000000
10000000100000000010010000000000
00000001001000000010010011000010
00100000000010000000000000000100
00000000000000000000000000010000
00000001010000001000000110100001
01000000000000000000000000000010
00000000100110101000000100000000
00000001010001100000000000000000
00000000100010000000000100000100
00000000010010000100000000000000
00000011000001000110000000001000
10001100000000000000000010000000
00000000001000000100010010000100
00001000000000000000000000000000
11100000000000000000000010001000
00000000000000000000000010000000
01010000010000000100000011010110
00000101000001000000000000000000
00010000011000000000000010010010
10010001100000000000011100100000
00000000000001010100000000100000
00000000000000000010011000000000
00100000000101000000001000000000
00010100100000000000000000000000

00000000000000000000100000100000
00100001000000010000000100010000
00110000100000100000000000000000
11010000101000100000000000000000
00000000100001000100000000000111
00000000000000000000000010000000
10000000000000000100000000001010
11000100000000000000000001000000
10000000100001000000001000000001
00110000000000001000000000000000
00001000101000000000000100000000
00000000001000000000000000010000
00000001010000011000000100000001
00000000000000010000000110010010
00000000000100001000000000001000
00000001001101000010000000000000
00000000100100000000000010000010
10100000000000000101000000000000
00001010000000100100000000001000
00000100000000000000000000000000
00000000000001000000000000000000
00000000000000000000000000000000
00100000000000000000000010100011
00000000000000000000100000100000
00000001110100000000000000000110
00000000000010000000000001000000
00000000101000011000000010110000
10010000110000100000001001000000
00000000000000000000001000000000
00000000000010000000001000000000
00010000000101010000011000000000
00010000000100000000000000000000

10100000000000000000100000000011
00000001101000000000000000000101
00010000000000000010000000001000
01000000100001010010000000000000
00001100000001100000001000000010
00000100000010000100000010000000
00000000000000010000000000000000
00001000000011000000000000001000
00000000001000000000001000000000
00000000100000001000010001000000
00000010011000000000010000000001
00000000000010000000000001010000
00001100010000011000100000101000
00000000000100011000100000001010
00000000000000001100001000111001
01000000010000100000000000001000
00000100000000000101000010000000
10000010000000001000000000010000
00100000110000100100000000000000
00000000000100000000000010000011
00000000000000000001010000000000
01000100001010000000010000000000
10110000000000000000010000000000
01101000000000000001000000000000
00000000000100000000000000000010
00000000000001000000001000000001
00010000000000010000100000010000
01000001010100110010000000010000
00000000000000000101000000000000
10000000000001000100000000101000
00100000100000001001000000000000
10000000100000000000000100000000

11100000010000000000000000000011
00000000011000000000100010000100
00010000000000000010000000001000
01000000101001010000000000000000
00001100000011100000001000000010
00000000000110000100001000100000
00000000000000010010000100000000
00001000000010000000000100010000
00000000000000000000011000000001
00000001100000000000000001000000
00000011001000010000011000000001
00000000100000000000000001000100
00000001111000001001000000100001
00000000000000010001000000000010
00000000000000000100001000101001
01000001010000100000000000001000
00000001100000000001000010000000
00000110000000001000010010000100
00100000100100000100000000000000
10000000000000000000000010100011
00000000000010000001010100010000
00000100000000000000000000000000
10010010000000000101010000000000
01101000000000000001000000010000
00000000000100000000000001000110
10000000000000000000001000000001
00100000000000010000100000010000
11000000000100100110000000010000
00000000000000000001000000000010
10000000000001000100000000001001
00100000100000001000000000000000
10000000100001000000000100000000

01100000000010000000000000000011
00000000001000100000100010000000
00000000000000000010000000001000
01000000101000010000000100000100
00001100010000000000000000000010
00000000000010000100001011100000
00000000000000110110101000000000
10001000000000000000000000000000
00000000000001000010001100000001
00000000000000000000000000000000
00000000001000010000010000000000
00000000100000000000000000000100
00000001111000010001000000000001
00000000000000000101000000000000
00001000000000000000000000100001
00000001000110100000000000001000
00000001000000000001000010101000
10000110000000001000010000000100
00001100100000100100000000000010
00010000000010000001000010001010
00000000001011000001100100000000
00010001000000000000000000000000
00000010000000000100010000010000
00100000000000000000000000000000
00000000000110000000000000000000
10000010000001000000000001000101
00000000000000010000100000000000
01000000000000000010100000010000
00000000000000000000000000001100
11000000000000000000001000001000
00010000000000000000001000000000
10000000000001000000000100000000

00000001010001000001100000000000
00000000111000010001000000000000
00010000100000000010000010001000
01000000101000100010000000000000
00000000001001000000000001000100
00000000000110100000000000100001
10000000000000010000001100000010
00000001000010000000000000000000
00100000101000000100010000000000
00000000000000000000000100000000
00000000001000000001000000000101
00000000101000000000000000010000
00000001010010001000000100100000
01000000000000010000000000010010
00000000100000001001000000001000
01000000010001101000000100000000
00000000100000101010000000000010
00000000010000001100000011010000
00000010000000100100001000001000
10000000000000000000000000000001
00000000000010000000010000000000
01000000000000000000001000000000
10110000001000000100000000001001
00100000000000000001100010000000
00010011010000000000000000000110
10000001001010000010001000100000
00000000101000001000000000110000
10010000000000100000010000100000
00000000000000000001000000100000
10000000000010000000000000100000
00000000000101010000011000000110
00010000100100000000000100000000

00001001000001000000000000100000
00000000001000000001000000000000
00010000000000000000000000000000
01100000100000100010000000100100
00000000010000000000000001000010
00010000000010000000000000100001
10000001000000000000001000000000
10000001000000000000000001000000
00000000100001000010010100000001
00000000000000000000000000000000
00000000001010000000000000000000
00000000001000010000000000000000
00000001110010010000000100000001
00000000000000000100000000010000
00001000000110000000000000000000
00000001000111100000000100000000
00000000000000000000000010000010
00000000010000001100000000000100
00001100000000100100000000000010
00001100000000010001000000000000
00000000000111000000100000100100
00001001000000000000000000000000
01100000000100000100000000001011
00100000000000000000100000000000
00000011010010100000000000000000
00000110000010000010010001000000
00001000011000000000000010000010
11010000000000001000001100100000
01000000000000000000001000100000
00000000000000000000001010000000
00010000000101010000001000000000
00010100000100000000000000000100

11100000010000000000100000000010
00100001111000000001000010000100
00100000001000000010000000001000
01001000000001010000000001000010
00001100000001000000001000000000
00000000000110100100001000100001
00001000000000010000000100000010
00001000000011000100000100011010
00100000100000000000011000000000
00000001111000000000010000000000
00000001011000000000010001000101
00000000100000000000000001000100
00000000010000001001000000100000
00000000000000000000100010000010
00000000000000001000000000101000
01000000010000101000000100000000
00000001000000011000000000000010
01000010000000001011010010000100
00000010110100000100000000000000
10000001000000000000000000100001
00000001000011000000000000010000
00000000001000000000000000000000
00010000001000000101000010000000
00001000000000000001000001000100
00000110001000000010000001100110
10001000001000000010000000000000
00100000010000000000010000010010
00010000100100100100010000000000
00000000000000000001000000000010
10100000000000000000000000001001
00000000100000000000000000000100
10000000000001000000100100000000

11100000000010000000000000000011
00100001001000100010100011000100
00000000000100000010000000000000
01000000001001010010000000000000
00001101000010010000001000000010
00000000000000000100000011100000
00000000000000110110101100000000
00001000000010100000000000000000
00000000000001000010001100000001
10000001000000000000000001000000
00000000001000010000010001000000
00000000000010001000000001000100
00000101100000010001000000000001
00001000000100001001000000000010
00000000000000000100001000010001
00000001000010101000000000001000
00000101000000000101000010101000
10000110000000001000000000000000
00101100100000100100000000001000
00010000000110000000000010100011
00000000001010000001010100000000
00000000000010000000010000000000
00000010000100000100010100010000
11100000000000000000000000010000
00000000000100000100000000010110
00000000010001000000000001000101
00100000000000010000100000000000
11000000010000000110000000010000
00000000010000000001000000000010
11000000000100000000011000001001
00010000100000011000001000000000
10000000000001000000000100000001

