== Attributes ==
title=2x1 Challenge Problem 05
type= 2x1
result=4
window_size=(82, 82)

== Input ==
0000000000000000000000000000000000000000000000000000000000000000000000000000000000
0000000000000000000000000000000000000000000000000000000000000000000000000000000000
0000000000000000000000000000000000000000000000000000000000000000000000000000000000
0000000000000000000000000000000000000000000000000000000000000000000000000000000000
0000000000000000000000000000000000000000000000000000000000000000000000000000000000
0000000000000000000000000000000000000000000000000000000000000000000000000000000000
0000000000000000000000000000000000000000000000000000000000000000000000000000000000
0000000000000000000000000000000000000000110000000000000000000000000000000000000000
0000000000000000000000000000000000000001111000000000000000000000000000000000000000
0000000000000000000000000000000000000111001100000000000000000000000000000000000000
0000000000000000000000000000000000001110000110000000000000000000000000000000000000
0000000000000000000000000000000000011000000011100000000000000000000000000000000000
0000000000000000000000000000000001110000000000110000000000000000000000000000000000
0000000000000000000000000000000011100000000000011000000000000000000000000000000000
0000000000000000000000000000000011000000000000001100000000000000000000000000000000
0000000000000000000000000000000011000000000000001000000000000000000000000000000000
0000000000000000000000000000000011000000000000011000000000000000000000000000000000
0000000000000000000000000000000001000000000000011000000000000000000000000000000000
0000000000011111111000000000000001100000000000010000000000000000010000000000000000
0000000000111111111100000000000001100000000000010000000000000001111100000000000000
0000000001100000000110000000000000100000000000110000000000000111101111000000000000
0000000001100000000110000000000000110000000000110000000000011110000011110000000000
0000000011000000000011000000000000110000000000100000000000110000000000111000000000
0000000011000000000011000000000000011000000001100000000000100000000000011000000000
0000000110000000000001100000000000011111111111100000000000100000000000001000000000
0000000110000000000001100000000000000000000000000000000001100000000000001100000000
0000001100000000000000110000000000000000000000000000000001100000000000001100000000
0000001100000000000000110000000000000000000000000000000001100000000000001100000000
0000001100000000000000110000000000000000000000000000000001000000000000000100000000
0000000110000000000001100000000000000000000000000000000011000000000000000100000000
0000000110000000000001100000000000000000000000000000000001100000000000001100000000
0000000011000000000011000000000000000000000000000000000000110000000000011000000000
0000000011000000000011000000000000000001111000000000000000110000000000011000000000
0000000001100000000110000000000000001111111110000000000000011000000000110000000000
0000000001100000000110000000000000011100000011100000000000001100000001100000000000
0000000000111111111100000000000000110000000001110000000000000111111111000000000000
0000000000000000000000000000000001100000000000110000000000000000000000000000000000
0000000000000000000000000000000001000000000000011000000000000000000000000000000000
0000000000000000000000000000000011000000000000001000000000000000000000000000000000
0000000000000000000000000000000011000000000000001100000000000000000000000000000000
0000000000000000000000000000000010000000000000001100000000000000000000000000000000
0000000000000000000000000000000010000000000000001100000000000000000000000000000000
0000000000000000000000000000000010000000000000001100000000000000000000000000000000
0000000000000000000000000000000011000000000000001100000000000000000000000000000000
0000001111111111111111110000000011000000000000011000000000000000010000000000000000
0000001100000000000000110000000001100000000000011000000000000000111000000000000000
0000001100000000000000110000000001100000000000110000000000000001111000000000000000
0000001100000000000000110000000000111000000001100000000000000001101100000000000000
0000001100000000000000110000000000011110000111000000000000000001000100000000000000
0000001100000000000000110000000000000111111110000000000000000011000110000000000000
0000001100000000000000110000000000000000000000000000000000000010000010000000000000
0000001100000000000000110000000000000000000000000000000000000110000011000000000000
0000001100000000000000110000000000000000000000000000000000000100000001000000000000
0000001100000000000000110000000000000000000000000000000000001100000001100000000000
0000001100000000000000110000000000000000000000000000000000001000000000100000000000
0000001100000000000000110000000000000000000000000000000000011000000000110000000000
0000001100000000000000110000000000000000000000000000000000010000000000010000000000
0000001100000000000000110000000000000000000000000000000000110000000000011000000000
0000001100000000000000110000000000001111111110000000000001100000000000001000000000
0000001100000000000000110000000000011000000011000000000001100000000000001100000000
0000001111111111111111110000000000110000000001100000000001111111111111111100000000
0000001111111111111111100000000001100000000000110000000001111111111111111100000000
0000000000000000000000000000000011000000000000011000000000000000000000000000000000
0000000000000000000000000000000010000000000000001100000000000000000000000000000000
0000000000000000000000000000000010000000000000001100000000000000000000000000000000
0000000000000000000000000000000010000000000000001100000000000000000000000000000000
0000000000000000000000000000000010000000000000001100000000000000000000000000000000
0000000000000000000000000000000010000000000000001100000000000000000000000000000000
0000000000000000000000000000000010000000000000001100000000000000000000000000000000
0000000000000000000000000000000010000000000000001100000000000000000000000000000000
0000000000000000000000000000000011000000000000011100000000000000000000000000000000
0000000000000000000000000000000001100000000000111000000000000000000000000000000000
0000000000000000000000000000000000110000000001110000000000000000000000000000000000
0000000000000000000000000000000000011000000011100000000000000000000000000000000000
0000000000000000000000000000000000001111111111000000000000000000000000000000000000
0000000000000000000000000000000000000111111100000000000000000000000000000000000000
0000000000000000000000000000000000000000000000000000000000000000000000000000000000
0000000000000000000000000000000000000000000000000000000000000000000000000000000000
0000000000000000000000000000000000000000000000000000000000000000000000000000000000
0000000000000000000000000000000000000000000000000000000000000000000000000000000000
0000000000000000000000000000000000000000000000000000000000000000000000000000000000
0000000000000000000000000000000000000000000000000000000000000000000000000000000000

0000000000000000000000000000000000000000000000000000000000000000000000000000000000
0000000000000000000000000000000000000000000000000000000000000000000000000000000000
0000000000000000000000000000000000000000000000000000000000000000000000000000000000
0000000000000000000000000000000000000000000000000000000000000000000000000000000000
0000000000000000000000000000000000000000000000000000000000000000000000000000000000
0000000000000000000000000000000000000000000000000000000000000000000000000000000000
0000000000000000000000000000000000000000000000000000000000000000000000000000000000
0000000000000000000000000000000000000111111110000000000000000000000000000000000000
0000000000000000000000000000000000001111111111000000000000000000000000000000000000
0000000000000000000000000000000000011000000001100000000000000000000000000000000000
0000000000000000000000000000000000110000000000110000000000000000000000000000000000
0000000000000000000000000000000001100000000000011000000000000000000000000000000000
0000000000000000000000000000000011000000000000001100000000000000000000000000000000
0000000000000000000000000000000010000000000000001100000000000000000000000000000000
0000000000000000000000000000000010000000000000001100000000000000000000000000000000
0000000000000000000000000000000010000000000000001100000000000000000000000000000000
0000000000000000000000000000000010000000000000001100000000000000000000000000000000
0000000000000000000000000000000010000000000000001100000000000000000000000000000000
0000000000000000000000000000000010000000000000001100000000000000000000000000000000
0000000000000000000000000000000011000000000000001100000000000000000000000000000000
0000000000000000000000000000000011100000000000011000000000000000000000000000000000
0000000000000001100000000000000001110000000000110000000001111111111111111110000000
0000000000000001100000000000000000111000000001100000000001100000000000000110000000
0000000000000011110000000000000000011100000011000000000001100000000000000010000000
0000000000000011110000000000000000001111111110000000000001100000000000000010000000
0000000000000110011000000000000000000000000000000000000001100000000000000010000000
0000000000000110011000000000000000000000000000000000000001100000000000000010000000
0000000000001100001100000000000000000000000000000000000001100000000000000010000000
0000000000001100001100000000000000000000000000000000000001100000000000000010000000
0000000000011000000110000000000000000000000000000000000001100000000000000010000000
0000000000011000000110000000000000000000000000000000000001100000000000000010000000
0000000000110000000011000000000000000000000000000000000001100000000000000010000000
0000000000110000000011000000000000000001111000000000000001100000000000000010000000
0000000001100000000001100000000000001111111110000000000001100000000000000010000000
0000000001100000000001100000000000011100000011100000000001100000000000000010000000
0000000011000000000000110000000000110000000001110000000001100000000000000010000000
0000000011000000000000010000000001100000000000110000000001100000000000000010000000
0000000111010000000010111000000001000000000000011000000001111111111111111110000000
0000000111111111111111111000000011000000000000001000000000111111111111111110000000
0000000000000000000000000000000011000000000000001100000000000000000000000000000000
0000000000000000000000000000000010000000000000001100000000000000000000000000000000
0000000000000000000000000000000010000000000000001100000000000000000000000000000000
0000000000000000000000000000000010000000000000001100000000000000000000000000000000
0000000000000000000000000000000011000000000000001000000000000000000000000000000000
0000000000000000000000000000000011000000000000011000000000000000000000000000000000
0000000000000000000000000000000001100000000000011000000000000000000000000000000000
0000000000000001100000000000000001100000000000110000000000000011111111100000000000
0000000000000111111000000000000000111000000001100000000000000111111111110000000000
0000000000011110011110000000000000011110000111000000000000001100000000110000000000
0000000001111000000011100000000000000111111110000000000000001100000000011000000000
0000000011100000000001110000000000000000000000000000000000011000000000011000000000
0000000011000000000000110000000000000000000000000000000000011000000000001100000000
0000000011000000000000110000000000000000000000000000000000110000000000001100000000
0000000010000000000000010000000000000000000000000000000000110000000000000110000000
0000000010000000000000010000000000000000000000000000000001100000000000000110000000
0000000110000000000000011000000000000000000000000000000001100000000000000110000000
0000000110000000000000011000000000000000000000000000000000110000000000000110000000
0000000110000000000000011000000000000000000000000000000000110000000000001100000000
0000000011000000000000110000000000000001110000000000000000011000000000001100000000
0000000011000000000000110000000000000011111100000000000000011000000000011000000000
0000000001100000000001100000000000000110001110000000000000001100000000011000000000
0000000000110000000011000000000000011100000011000000000000001100000000110000000000
0000000000011000000110000000000000111000000001100000000000000110000000110000000000
0000000000011111111110000000000001100000000000111000000000000111111111100000000000
0000000000000000000000000000000011000000000000011100000000000000000000000000000000
0000000000000000000000000000000011000000000000001100000000000000000000000000000000
0000000000000000000000000000000011000000000000001000000000000000000000000000000000
0000000000000000000000000000000001000000000000011000000000000000000000000000000000
0000000000000000000000000000000001100000000000011000000000000000000000000000000000
0000000000000000000000000000000001100000000000010000000000000000000000000000000000
0000000000000000000000000000000001100000000000110000000000000000000000000000000000
0000000000000000000000000000000000100000000000110000000000000000000000000000000000
0000000000000000000000000000000000110000000000100000000000000000000000000000000000
0000000000000000000000000000000000110000000001100000000000000000000000000000000000
0000000000000000000000000000000000011111111111100000000000000000000000000000000000
0000000000000000000000000000000000011111111111000000000000000000000000000000000000
0000000000000000000000000000000000000000000000000000000000000000000000000000000000
0000000000000000000000000000000000000000000000000000000000000000000000000000000000
0000000000000000000000000000000000000000000000000000000000000000000000000000000000
0000000000000000000000000000000000000000000000000000000000000000000000000000000000
0000000000000000000000000000000000000000000000000000000000000000000000000000000000
0000000000000000000000000000000000000000000000000000000000000000000000000000000000

0000000000000000000000000000000000000000000000000000000000000000000000000000000000
0000000000000000000000000000000000000000000000000000000000000000000000000000000000
0000000000000000000000000000000000000000000000000000000000000000000000000000000000
0000000000000000000000000000000000000000000000000000000000000000000000000000000000
0000000000000000000000000000000000000000000000000000000000000000000000000000000000
0000000000000000000000000000000000000000000000000000000000000000000000000000000000
0000000000000000000000000000000000000000000000000000000000000000000000000000000000
0000000000000000000000000000000000000000011000000000000000000000000000000000000000
0000000000000000000000000000000000000011111110000000000000000000000000000000000000
0000000000000000000000000000000000001111000111100000000000000000000000000000000000
0000000000000000000000000000000000011100000001111000000000000000000000000000000000
0000000000000000000000000000000000110000000000011000000000000000000000000000000000
0000000000000000000000000000000000100000000000001000000000000000000000000000000000
0000000000000000000000000000000000100000000000001100000000000000000000000000000000
0000000000000000000000000000000001100000000000001100000000000000000000000000000000
0000000000000000000000000000000001100000000000001100000000000000000000000000000000
0000000000000000000000000000000001100000000000000100000000000000000000000000000000
0000000000000000000000000000000001000000000000000100000000000000000000000000000000
0000000111111111111111110000000001000000000000000110000000000000001000000000000000
0000000111111111111111111000000001100000000000001100000000000000011100000000000000
0000000100000000000000011000000000110000000000011000000000000001110110000000000000
0000000100000000000000011000000000011000000000110000000000000011100011100000000000
0000000100000000000000011000000000011000000000110000000000000110000001110000000000
0000000100000000000000011000000000001110000001100000000000011100000000011000000000
0000000100000000000000011000000000000111111111000000000000111000000000001110000000
0000000100000000000000011000000000000000000000000000000001100000000000000110000000
0000000100000000000000011000000000000000000000000000000000100000000000000110000000
0000000100000000000000011000000000000000000000000000000000110000000000000110000000
0000000100000000000000011000000000000000000000000000000000110000000000000100000000
0000000100000000000000011000000000000000000000000000000000110000000000001100000000
0000000100000000000000011000000000000000000000000000000000010000000000001100000000
0000000100000000000000011000000000000000000000000000000000011000000000001000000000
0000000100000000000000011000000000000000111000000000000000011000000000011000000000
0000000100000000000000011000000000000111111111000000000000001000000000011000000000
0000000100000000000000011000000000001110000011100000000000001100000000011000000000
0000000111111111111111111000000000011000000000110000000000001111111111110000000000
0000000000000000000000000000000000110000000000011000000000000000000000000000000000
0000000000000000000000000000000001100000000000001100000000000000000000000000000000
0000000000000000000000000000000001100000000000001100000000000000000000000000000000
0000000000000000000000000000000001000000000000000100000000000000000000000000000000
0000000000000000000000000000000001000000000000000110000000000000000000000000000000
0000000000000000000000000000000001000000000000000110000000000000000000000000000000
0000000000000000000000000000000001000000000000000110000000000000000000000000000000
0000000000000000000000000000000001000000000000000100000000000000000000000000000000
0000000000011111111110000000000001100000000000001100000000000011111111100000000000
0000000000110000000011000000000000100000000000001100000000000110000000110000000000
0000000000100000000011000000000000110000000000011000000000001100000000011000000000
0000000001100000000001100000000000011000000000110000000000011000000000001100000000
0000000001000000000001100000000000001111000011100000000000110000000000000110000000
0000000011000000000000110000000000000011111110000000000001100000000000000010000000
0000000010000000000000110000000000000000000000000000000001100000000000000010000000
0000000110000000000000011000000000000000000000000000000001100000000000000010000000
0000000110000000000000011000000000000000000000000000000001100000000000000010000000
0000000110000000000000011000000000000000000000000000000001100000000000000010000000
0000000010000000000000110000000000000000000000000000000001100000000000000010000000
0000000011000000000000110000000000000000000000000000000001100000000000000010000000
0000000001000000000001100000000000000000000000000000000001110000000000000110000000
0000000001100000000001100000000000000000000000000000000000111000000000001100000000
0000000000100000000011000000000000000000110000000000000000011100000000011000000000
0000000000110000000011000000000000000000111000000000000000001110000000110000000000
0000000000011111111110000000000000000001111000000000000000000111111111100000000000
0000000000011111111100000000000000000001001100000000000000000001111111000000000000
0000000000000000000000000000000000000011001100000000000000000000000000000000000000
0000000000000000000000000000000000000010000110000000000000000000000000000000000000
0000000000000000000000000000000000000110000110000000000000000000000000000000000000
0000000000000000000000000000000000000100000011000000000000000000000000000000000000
0000000000000000000000000000000000001100000011000000000000000000000000000000000000
0000000000000000000000000000000000001000000001100000000000000000000000000000000000
0000000000000000000000000000000000011000000001100000000000000000000000000000000000
0000000000000000000000000000000000010000000000110000000000000000000000000000000000
0000000000000000000000000000000000110000000000110000000000000000000000000000000000
0000000000000000000000000000000000100000000000011000000000000000000000000000000000
0000000000000000000000000000000001100000000000011000000000000000000000000000000000
0000000000000000000000000000000001000000000000001000000000000000000000000000000000
0000000000000000000000000000000011111111111111111100000000000000000000000000000000
0000000000000000000000000000000001111111111111111000000000000000000000000000000000
0000000000000000000000000000000000000000000000000000000000000000000000000000000000
0000000000000000000000000000000000000000000000000000000000000000000000000000000000
0000000000000000000000000000000000000000000000000000000000000000000000000000000000
0000000000000000000000000000000000000000000000000000000000000000000000000000000000
0000000000000000000000000000000000000000000000000000000000000000000000000000000000
0000000000000000000000000000000000000000000000000000000000000000000000000000000000

== Output ==
0000000000000000000000000000000000000000000000000000000000000000000000000000000000
0000000000000000000000000000000000000000000000000000000000000000000000000000000000
0000000000000000000000000000000000000000000000000000000000000000000000000000000000
0000000000000000000000000000000000000000000000000000000000000000000000000000000000
0000000000000000000000000000000000000000000000000000000000000000000000000000000000
0000000000000000000000000000000000000000000000000000000000000000000000000000000000
0000000000000000000000000000000000000000000000000000000000000000000000000000000000
0000000000000000000000000000000000000000111000000000000000000000000000000000000000
0000000000000000000000000000000000000011111110000000000000000000000000000000000000
0000000000000000000000000000000000001110000111100000000000000000000000000000000000
0000000000000000000000000000000000111000000001110000000000000000000000000000000000
0000000000000000000000000000000000110000000000011000000000000000000000000000000000
0000000000000000000000000000000001100000000000011000000000000000000000000000000000
0000000000000000000000000000000001100000000000001000000000000000000000000000000000
0000000000000000000000000000000001100000000000001000000000000000000000000000000000
0000000000000000000000000000000001000000000000001100000000000000000000000000000000
0000000000000000000000000000000001000000000000001100000000000000000000000000000000
0000000000000000000000000000000011000000000000000100000000000000000000000000000000
0000000111111111111111110000000011000000000000001100000000000000011000000000000000
0000000111111111111111111000000001100000000000001100000000000000111100000000000000
0000000100000000000000011000000000110000000000011000000000000001100110000000000000
0000000100000000000000011000000000011000000000110000000000000111000011100000000000
0000000100000000000000011000000000011000000001100000000000001110000000110000000000
0000000100000000000000011000000000001111111111000000000000011000000000011000000000
0000000100000000000000011000000000000111111111000000000000110000000000001110000000
0000000100000000000000011000000000000000000000000000000001100000000000000110000000
0000000100000000000000011000000000000000000000000000000001100000000000000110000000
0000000100000000000000011000000000000000000000000000000000100000000000000110000000
0000000100000000000000011000000000000000000000000000000000110000000000000100000000
0000000100000000000000011000000000000000000000000000000000110000000000001100000000
0000000100000000000000011000000000000000000000000000000000010000000000001100000000
0000000100000000000000011000000000000000000000000000000000011000000000001000000000
0000000100000000000000011000000000000001111100000000000000011000000000011000000000
0000000100000000000000011000000000001111111111000000000000001000000000011000000000
0000000110000000000000011000000000011100000001100000000000001100000000110000000000
0000000111111111111111111000000000110000000000110000000000001111111111110000000000
0000000000000000000000000000000000100000000000011000000000000000000000000000000000
0000000000000000000000000000000001100000000000001100000000000000000000000000000000
0000000000000000000000000000000001000000000000001100000000000000000000000000000000
0000000000000000000000000000000011000000000000001100000000000000000000000000000000
0000000000000000000000000000000011000000000000000100000000000000000000000000000000
0000000000000000000000000000000011000000000000000100000000000000000000000000000000
0000000000000000000000000000000011000000000000000100000000000000000000000000000000
0000000000011111111100000000000001000000000000001100000000000011111111000000000000
0000000000111111111110000000000001100000000000001100000000000111111111100000000000
0000000000110000000010000000000001100000000000011000000000001100000000110000000000
0000000001100000000011000000000000110000000000110000000000011000000000011000000000
0000000001100000000001000000000000011000000001110000000000110000000000001100000000
0000000011000000000001100000000000001111001111000000000001100000000000000110000000
0000000011000000000000100000000000000011111110000000000001100000000000000010000000
0000000110000000000000110000000000000000000000000000000001100000000000000010000000
0000000110000000000000010000000000000000000000000000000001100000000000000010000000
0000000100000000000000011000000000000000000000000000000001100000000000000010000000
0000000110000000000000110000000000000000000000000000000001100000000000000010000000
0000000010000000000000110000000000000000000000000000000001100000000000000010000000
0000000011000000000001100000000000000000000000000000000001100000000000000110000000
0000000001000000000001100000000000000000000000000000000001110000000000000110000000
0000000001100000000011000000000000000000100000000000000000111000000000001100000000
0000000000100000000011000000000000000000110000000000000000011100000000011000000000
0000000000110000000110000000000000000001111000000000000000001110000000110000000000
0000000000011111111110000000000000000001011000000000000000000111111111100000000000
0000000000000000000000000000000000000011001100000000000000000000000000000000000000
0000000000000000000000000000000000000011001100000000000000000000000000000000000000
0000000000000000000000000000000000000110000110000000000000000000000000000000000000
0000000000000000000000000000000000000100000110000000000000000000000000000000000000
0000000000000000000000000000000000001100000011000000000000000000000000000000000000
0000000000000000000000000000000000001100000011000000000000000000000000000000000000
0000000000000000000000000000000000011000000001100000000000000000000000000000000000
0000000000000000000000000000000000010000000001100000000000000000000000000000000000
0000000000000000000000000000000000110000000000110000000000000000000000000000000000
0000000000000000000000000000000000100000000000110000000000000000000000000000000000
0000000000000000000000000000000001100000000000011000000000000000000000000000000000
0000000000000000000000000000000001000000000000011000000000000000000000000000000000
0000000000000000000000000000000011000000000000011100000000000000000000000000000000
0000000000000000000000000000000011111111111111111100000000000000000000000000000000
0000000000000000000000000000000000000000000000000000000000000000000000000000000000
0000000000000000000000000000000000000000000000000000000000000000000000000000000000
0000000000000000000000000000000000000000000000000000000000000000000000000000000000
0000000000000000000000000000000000000000000000000000000000000000000000000000000000
0000000000000000000000000000000000000000000000000000000000000000000000000000000000
0000000000000000000000000000000000000000000000000000000000000000000000000000000000
0000000000000000000000000000000000000000000000000000000000000000000000000000000000

0000000000000000000000000000000000000000000000000000000000000000000000000000000000
0000000000000000000000000000000000000000000000000000000000000000000000000000000000
0000000000000000000000000000000000000000000000000000000000000000000000000000000000
0000000000000000000000000000000000000000000000000000000000000000000000000000000000
0000000000000000000000000000000000000000000000000000000000000000000000000000000000
0000000000000000000000000000000000000000000000000000000000000000000000000000000000
0000000000000000000000000000000000000000000000000000000000000000000000000000000000
0000000000000000000000000000000000000001110000000000000000000000000000000000000000
0000000000000000000000000000000000000111111100000000000000000000000000000000000000
0000000000000000000000000000000000011100001111000000000000000000000000000000000000
0000000000000000000000000000000001110000000011110000000000000000000000000000000000
0000000000000000000000000000000001100000000000110000000000000000000000000000000000
0000000000000000000000000000000001000000000000010000000000000000000000000000000000
0000000000000000000000000000000011000000000000010000000000000000000000000000000000
0000000000000000000000000000000011000000000000011000000000000000000000000000000000
0000000000000000000000000000000011000000000000011000000000000000000000000000000000
0000000000000000000000000000000010000000000000011000000000000000000000000000000000
0000000000000000000000000000000010000000000000001000000000000000000000000000000000
0000000000000001000000000000000110000000000000011000000001111111111111111110000000
0000000000000011110000000000000011000000000000011000000001111111111111111110000000
0000000000001110111000000000000001100000000000110000000001100000000000000010000000
0000000000011100001100000000000000110000000001100000000001100000000000000010000000
0000000000110000000111000000000000111000000011000000000001100000000000000010000000
0000000011100000000011100000000000011111111111000000000001100000000000000010000000
0000000111000000000000110000000000001111111110000000000001100000000000000010000000
0000000110000000000000011000000000000000000000000000000001100000000000000010000000
0000000110000000000000010000000000000000000000000000000001100000000000000010000000
0000000110000000000000110000000000000000000000000000000001100000000000000010000000
0000000010000000000000110000000000000000000000000000000001100000000000000010000000
0000000011000000000000100000000000000000000000000000000001100000000000000010000000
0000000011000000000001100000000000000000000000000000000001100000000000000010000000
0000000001000000000001100000000000000000000000000000000001100000000000000010000000
0000000001100000000001100000000000000011111000000000000001100000000000000010000000
0000000001100000000001000000000000001111111110000000000001100000000000000010000000
0000000001110000000011000000000000111000000011100000000001100000000000000110000000
0000000000111111111111000000000001110000000001100000000001111111111111111110000000
0000000000000000000000000000000001100000000000110000000000000000000000000000000000
0000000000000000000000000000000011000000000000011000000000000000000000000000000000
0000000000000000000000000000000010000000000000011000000000000000000000000000000000
0000000000000000000000000000000010000000000000001000000000000000000000000000000000
0000000000000000000000000000000110000000000000001000000000000000000000000000000000
0000000000000000000000000000000110000000000000001000000000000000000000000000000000
0000000000000000000000000000000110000000000000001000000000000000000000000000000000
0000000000001111111000000000000010000000000000011000000000000011111111100000000000
0000000000011111111110000000000011000000000000011000000000000111111111100000000000
0000000000110000000111000000000001000000000000110000000000000100000000110000000000
0000000001100000000011100000000001100000000000110000000000001100000000010000000000
0000000011000000000001110000000000111000000011100000000000001000000000011000000000
0000000110000000000000111000000000011111011111000000000000011000000000001000000000
0000000100000000000000011000000000000111111100000000000000010000000000001100000000
0000000100000000000000011000000000000000000000000000000000110000000000000100000000
0000000100000000000000011000000000000000000000000000000000100000000000000110000000
0000000100000000000000011000000000000000000000000000000001100000000000000110000000
0000000100000000000000011000000000000000000000000000000000100000000000000110000000
0000000100000000000000011000000000000000000000000000000000110000000000001100000000
0000000100000000000000011000000000000000000000000000000000010000000000001100000000
0000000110000000000000110000000000000000000000000000000000011000000000011000000000
0000000011000000000001100000000000000000110000000000000000001000000000011000000000
0000000001100000000011000000000000000000110000000000000000001100000000110000000000
0000000000110000000110000000000000000001111000000000000000000100000000110000000000
0000000000011111111100000000000000000001111000000000000000000111111111100000000000
0000000000000000000000000000000000000011001100000000000000000000000000000000000000
0000000000000000000000000000000000000011001100000000000000000000000000000000000000
0000000000000000000000000000000000000110000110000000000000000000000000000000000000
0000000000000000000000000000000000000110000110000000000000000000000000000000000000
0000000000000000000000000000000000001100000011000000000000000000000000000000000000
0000000000000000000000000000000000001100000011000000000000000000000000000000000000
0000000000000000000000000000000000011000000001100000000000000000000000000000000000
0000000000000000000000000000000000011000000001100000000000000000000000000000000000
0000000000000000000000000000000000110000000000110000000000000000000000000000000000
0000000000000000000000000000000000110000000000110000000000000000000000000000000000
0000000000000000000000000000000001100000000000011000000000000000000000000000000000
0000000000000000000000000000000001100000000000011000000000000000000000000000000000
0000000000000000000000000000000011000000000000011100000000000000000000000000000000
0000000000000000000000000000000011111111111111111100000000000000000000000000000000
0000000000000000000000000000000000000000000000000000000000000000000000000000000000
0000000000000000000000000000000000000000000000000000000000000000000000000000000000
0000000000000000000000000000000000000000000000000000000000000000000000000000000000
0000000000000000000000000000000000000000000000000000000000000000000000000000000000
0000000000000000000000000000000000000000000000000000000000000000000000000000000000
0000000000000000000000000000000000000000000000000000000000000000000000000000000000
0000000000000000000000000000000000000000000000000000000000000000000000000000000000

0000000000000000000000000000000000000000000000000000000000000000000000000000000000
0000000000000000000000000000000000000000000000000000000000000000000000000000000000
0000000000000000000000000000000000000000000000000000000000000000000000000000000000
0000000000000000000000000000000000000000000000000000000000000000000000000000000000
0000000000000000000000000000000000000000000000000000000000000000000000000000000000
0000000000000000000000000000000000000000000000000000000000000000000000000000000000
0000000000000000000000000000000000000000000000000000000000000000000000000000000000
0000000000000000000000000000000000000000110000000000000000000000000000000000000000
0000000000000000000000000000000000000000110000000000000000000000000000000000000000
0000000000000000000000000000000000000001111000000000000000000000000000000000000000
0000000000000000000000000000000000000001001000000000000000000000000000000000000000
0000000000000000000000000000000000000011001100000000000000000000000000000000000000
0000000000000000000000000000000000000011000100000000000000000000000000000000000000
0000000000000000000000000000000000000110000110000000000000000000000000000000000000
0000000000000000000000000000000000000110000010000000000000000000000000000000000000
0000000000000000000000000000000000001100000011000000000000000000000000000000000000
0000000000000000000000000000000000001100000001000000000000000000000000000000000000
0000000000000000000000000000000000011000000001100000000000000000000000000000000000
0000000000000000000000000000000000011000000000100000000000000000000000000000000000
0000000000000000000000000000000000110000000000110000000000000000000000000000000000
0000000000000000000000000000000000110000000000010000000000000000000000000000000000
0000000000011111111110000000000001100000000000011000000000000011111111100000000000
0000000000110000000110000000000001000000000000001000000000000110000000110000000000
0000000000110000000011000000000011111111111111111100000000001100000000011000000000
0000000001100000000001000000000011111111111111111100000000011000000000001100000000
0000000001100000000001100000000000000000000000000000000000110000000000000110000000
0000000011000000000000100000000000000000000000000000000001100000000000000010000000
0000000011000000000000110000000000000000000000000000000001100000000000000010000000
0000000110000000000000010000000000000000000000000000000001100000000000000010000000
0000000110000000000000011000000000000000000000000000000001100000000000000010000000
0000000110000000000000011000000000000000000000000000000001100000000000000010000000
0000000010000000000000110000000000000000000000000000000001100000000000000010000000
0000000011000000000000100000000000000001111100000000000001100000000000000010000000
0000000001000000000001100000000000000111111111000000000001100000000000000110000000
0000000001100000000001000000000000011100000001100000000000110000000000001100000000
0000000000100000000011000000000000111000000000110000000000011000000000011000000000
0000000000110000000010000000000000110000000000011000000000001100000000110000000000
0000000000011111111110000000000001100000000000001100000000000111111111100000000000
0000000000011111111100000000000001000000000000001100000000000011111111000000000000
0000000000000000000000000000000001000000000000000100000000000000000000000000000000
0000000000000000000000000000000011000000000000000100000000000000000000000000000000
0000000000000000000000000000000011000000000000000100000000000000000000000000000000
0000000000000000000000000000000011000000000000000100000000000000000000000000000000
0000000000000000000000000000000001000000000000001100000000000000000000000000000000
0000000000000000000000000000000001100000000000001100000000000000000000000000000000
0000000000000000000000000000000000100000000000011000000000000000000000000000000000
0000000111111111111111111000000000110000000000111000000000000000011000000000000000
0000000110000000000000011000000000011100000001110000000000000000111110000000000000
0000000100000000000000011000000000001111101111100000000000000011100111000000000000
0000000100000000000000011000000000000011111110000000000000000111000001100000000000
0000000100000000000000011000000000000000000000000000000000001100000000111000000000
0000000100000000000000011000000000000000000000000000000000111000000000011100000000
0000000100000000000000011000000000000000000000000000000001110000000000000110000000
0000000100000000000000011000000000000000000000000000000001100000000000000110000000
0000000100000000000000011000000000000000000000000000000000100000000000000110000000
0000000100000000000000011000000000000000000000000000000000110000000000000110000000
0000000100000000000000011000000000000000000000000000000000110000000000000100000000
0000000100000000000000011000000000000000110000000000000000110000000000001100000000
0000000100000000000000011000000000000011111100000000000000010000000000001100000000
0000000100000000000000011000000000001111000111000000000000011000000000001000000000
0000000100000000000000011000000000011100000001110000000000011000000000011000000000
0000000100000000000000011000000000110000000000011000000000001000000000011000000000
0000000111111111111111111000000000100000000000011000000000001111111111110000000000
0000000111111111111111111000000001100000000000001000000000001111111111110000000000
0000000000000000000000000000000001100000000000001100000000000000000000000000000000
0000000000000000000000000000000001100000000000001100000000000000000000000000000000
0000000000000000000000000000000001000000000000001100000000000000000000000000000000
0000000000000000000000000000000001000000000000000100000000000000000000000000000000
0000000000000000000000000000000011000000000000000100000000000000000000000000000000
0000000000000000000000000000000001100000000000001100000000000000000000000000000000
0000000000000000000000000000000000110000000000011000000000000000000000000000000000
0000000000000000000000000000000000110000000000110000000000000000000000000000000000
0000000000000000000000000000000000011000000000110000000000000000000000000000000000
0000000000000000000000000000000000001100000001100000000000000000000000000000000000
0000000000000000000000000000000000000111111111000000000000000000000000000000000000
0000000000000000000000000000000000000000000000000000000000000000000000000000000000
0000000000000000000000000000000000000000000000000000000000000000000000000000000000
0000000000000000000000000000000000000000000000000000000000000000000000000000000000
0000000000000000000000000000000000000000000000000000000000000000000000000000000000
0000000000000000000000000000000000000000000000000000000000000000000000000000000000
0000000000000000000000000000000000000000000000000000000000000000000000000000000000
0000000000000000000000000000000000000000000000000000000000000000000000000000000000

0000000000000000000000000000000000000000000000000000000000000000000000000000000000
0000000000000000000000000000000000000000000000000000000000000000000000000000000000
0000000000000000000000000000000000000000000000000000000000000000000000000000000000
0000000000000000000000000000000000000000000000000000000000000000000000000000000000
0000000000000000000000000000000000000000000000000000000000000000000000000000000000
0000000000000000000000000000000000000000000000000000000000000000000000000000000000
0000000000000000000000000000000000000000000000000000000000000000000000000000000000
0000000000000000000000000000000000000000110000000000000000000000000000000000000000
0000000000000000000000000000000000000000110000000000000000000000000000000000000000
0000000000000000000000000000000000000001111000000000000000000000000000000000000000
0000000000000000000000000000000000000001001000000000000000000000000000000000000000
0000000000000000000000000000000000000011001100000000000000000000000000000000000000
0000000000000000000000000000000000000010001100000000000000000000000000000000000000
0000000000000000000000000000000000000110000110000000000000000000000000000000000000
0000000000000000000000000000000000000100000110000000000000000000000000000000000000
0000000000000000000000000000000000001100000011000000000000000000000000000000000000
0000000000000000000000000000000000001000000011000000000000000000000000000000000000
0000000000000000000000000000000000011000000001100000000000000000000000000000000000
0000000000001111111100000000000000010000000001100000000000001111111110000000000000
0000000000011111111110000000000000110000000000110000000000011111111111000000000000
0000000000110000000011000000000000100000000000110000000000110000000011000000000000
0000000001100000000001100000000001100000000000011000000000110000000001100000000000
0000000011000000000000110000000001000000000000001000000001100000000001100000000000
0000000110000000000000011000000011111111111111111100000001100000000000110000000000
0000000100000000000000011000000011111111111111111100000011000000000000110000000000
0000000100000000000000011000000000000000000000000000000011000000000000011000000000
0000000100000000000000011000000000000000000000000000000110000000000000011000000000
0000000100000000000000011000000000000000000000000000000110000000000000011000000000
0000000100000000000000011000000000000000000000000000000011000000000000011000000000
0000000100000000000000011000000000000000000000000000000011000000000000110000000000
0000000110000000000000011000000000000000000000000000000001100000000000110000000000
0000000110000000000000110000000000000000000000000000000001100000000001100000000000
0000000011000000000001100000000000000011111110000000000000110000000001100000000000
0000000001100000000011000000000000001111111111100000000000110000000011000000000000
0000000000111000000110000000000000011100000001110000000000011000000011000000000000
0000000000011111111100000000000000110000000000111000000000011111111110000000000000
0000000000000000000000000000000000110000000000011000000000000000000000000000000000
0000000000000000000000000000000001100000000000001100000000000000000000000000000000
0000000000000000000000000000000001000000000000001100000000000000000000000000000000
0000000000000000000000000000000001000000000000000100000000000000000000000000000000
0000000000000000000000000000000011000000000000000100000000000000000000000000000000
0000000000000000000000000000000011000000000000000100000000000000000000000000000000
0000000000000000000000000000000001000000000000000100000000000000000000000000000000
0000000000000001000000000000000001000000000000001100000011111111111111110000000000
0000000000000011110000000000000001100000000000001100000111111111111111111000000000
0000000000000110111000000000000000110000000000011000000110000000000000011000000000
0000000000011100001100000000000000110000000000011000000110000000000000011000000000
0000000000111000000111000000000000011100000001110000000110000000000000011000000000
0000000001100000000011100000000000001111101111100000000110000000000000011000000000
0000000111000000000000110000000000000011111110000000000110000000000000011000000000
0000000110000000000000011000000000000000000000000000000110000000000000011000000000
0000000110000000000000011000000000000000000000000000000110000000000000011000000000
0000000110000000000000010000000000000000000000000000000110000000000000011000000000
0000000010000000000000110000000000000000000000000000000110000000000000011000000000
0000000011000000000000110000000000000000000000000000000110000000000000011000000000
0000000011000000000000100000000000000000000000000000000110000000000000011000000000
0000000011000000000001100000000000000000000000000000000110000000000000011000000000
0000000001000000000001100000000000000000110000000000000110000000000000011000000000
0000000001100000000001000000000000000011111100000000000110000000000000011000000000
0000000001100000000011000000000000001111001111000000000110000000000000011000000000
0000000000111111111111000000000000111100000011110000000111111111111111111000000000
0000000000000000000000000000000001110000000000110000000000000000000000000000000000
0000000000000000000000000000000001100000000000011000000000000000000000000000000000
0000000000000000000000000000000001100000000000011000000000000000000000000000000000
0000000000000000000000000000000001000000000000011000000000000000000000000000000000
0000000000000000000000000000000001000000000000001000000000000000000000000000000000
0000000000000000000000000000000011000000000000001100000000000000000000000000000000
0000000000000000000000000000000011000000000000001100000000000000000000000000000000
0000000000000000000000000000000011000000000000001100000000000000000000000000000000
0000000000000000000000000000000011000000000000011000000000000000000000000000000000
0000000000000000000000000000000001100000000000011000000000000000000000000000000000
0000000000000000000000000000000000110000000000110000000000000000000000000000000000
0000000000000000000000000000000000011000000001100000000000000000000000000000000000
0000000000000000000000000000000000001100000011000000000000000000000000000000000000
0000000000000000000000000000000000001111111111000000000000000000000000000000000000
0000000000000000000000000000000000000000000000000000000000000000000000000000000000
0000000000000000000000000000000000000000000000000000000000000000000000000000000000
0000000000000000000000000000000000000000000000000000000000000000000000000000000000
0000000000000000000000000000000000000000000000000000000000000000000000000000000000
0000000000000000000000000000000000000000000000000000000000000000000000000000000000
0000000000000000000000000000000000000000000000000000000000000000000000000000000000
0000000000000000000000000000000000000000000000000000000000000000000000000000000000

0000000000000000000000000000000000000000000000000000000000000000000000000000000000
0000000000000000000000000000000000000000000000000000000000000000000000000000000000
0000000000000000000000000000000000000000000000000000000000000000000000000000000000
0000000000000000000000000000000000000000000000000000000000000000000000000000000000
0000000000000000000000000000000000000000000000000000000000000000000000000000000000
0000000000000000000000000000000000000000000000000000000000000000000000000000000000
0000000000000000000000000000000000000000000000000000000000000000000000000000000000
0000000000000000000000000000000000000000111000000000000000000000000000000000000000
0000000000000000000000000000000000000011111110000000000000000000000000000000000000
0000000000000000000000000000000000001111000111100000000000000000000000000000000000
0000000000000000000000000000000000111100000001111000000000000000000000000000000000
0000000000000000000000000000000000110000000000011000000000000000000000000000000000
0000000000000000000000000000000000100000000000001000000000000000000000000000000000
0000000000000000000000000000000000100000000000001100000000000000000000000000000000
0000000000000000000000000000000001100000000000001100000000000000000000000000000000
0000000000000000000000000000000001100000000000001100000000000000000000000000000000
0000000000000000000000000000000001100000000000000100000000000000000000000000000000
0000000000000000000000000000000001000000000000000100000000000000000000000000000000
0000000000011111111100000000000001100000000000000100000000000000011000000000000000
0000000000111111111110000000000001100000000000001100000000000000111100000000000000
0000000000110000000011000000000000110000000000011000000000000001100111000000000000
0000000001100000000011000000000000011000000000110000000000000011000011100000000000
0000000001100000000001100000000000001100000001100000000000001110000000110000000000
0000000011000000000001100000000000001111111111100000000000011100000000011100000000
0000000011000000000000110000000000000111111111000000000000110000000000001110000000
0000000110000000000000110000000000000000000000000000000001100000000000000110000000
0000000110000000000000011000000000000000000000000000000000100000000000000110000000
0000000110000000000000011000000000000000000000000000000000110000000000000110000000
0000000110000000000000110000000000000000000000000000000000110000000000000100000000
0000000011000000000000110000000000000000000000000000000000110000000000001100000000
0000000011000000000001100000000000000000000000000000000000010000000000001100000000
0000000001100000000001100000000000000000000000000000000000011000000000001000000000
0000000001100000000011000000000000000111111110000000000000011000000000011000000000
0000000000110000000011000000000000001101111011000000000000001000000000011000000000
0000000000110000000110000000000000011000000001100000000000001100000000110000000000
0000000000011111111110000000000000110000000000110000000000001111111111110000000000
0000000000000000000000000000000001100000000000011000000000000000000000000000000000
0000000000000000000000000000000011000000000000001100000000000000000000000000000000
0000000000000000000000000000000011000000000000001100000000000000000000000000000000
0000000000000000000000000000000011000000000000001100000000000000000000000000000000
0000000000000000000000000000000011000000000000001100000000000000000000000000000000
0000000000000000000000000000000011000000000000001100000000000000000000000000000000
0000000000000000000000000000000011000000000000001100000000000000000000000000000000
0000000000000000000000000000000011000000000000001100000000000000000000000000000000
0000000000000000000000000000000011000000000000001100000000000000000000000000000000
0000000000000000000000000000000001100000000000011000000000000000000000000000000000
0000000111111111111111111000000000110000000000110000000000000001111111000000000000
0000000110000000000000011000000000011000000001100000000000000111110111100000000000
0000000100000000000000011000000000001100000011000000000000001100000000111000000000
0000000100000000000000011000000000000111111110000000000000011000000000011000000000
0000000100000000000000011000000000000000000000000000000000110000000000001100000000
0000000100000000000000011000000000000000000000000000000000110000000000000110000000
0000000100000000000000011000000000000000000000000000000000100000000000000110000000
0000000100000000000000011000000000000000000000000000000001100000000000000010000000
0000000100000000000000011000000000000000000000000000000001100000000000000010000000
0000000100000000000000011000000000000000000000000000000001100000000000000010000000
0000000100000000000000011000000000000000000000000000000001100000000000000010000000
0000000100000000000000011000000000000000110000000000000000100000000000000110000000
0000000100000000000000011000000000000000110000000000000000110000000000000110000000
0000000100000000000000011000000000000001111000000000000000110000000000001100000000
0000000100000000000000011000000000000001111000000000000000011000000000011000000000
0000000100000000000000011000000000000011001100000000000000001110000000110000000000
0000000111111111111111111000000000000011001100000000000000000111111111100000000000
0000000111111111111111111000000000000110000110000000000000000000111110000000000000
0000000000000000000000000000000000000110000110000000000000000000000000000000000000
0000000000000000000000000000000000001100000011000000000000000000000000000000000000
0000000000000000000000000000000000001100000011000000000000000000000000000000000000
0000000000000000000000000000000000011000000001100000000000000000000000000000000000
0000000000000000000000000000000000011000000001100000000000000000000000000000000000
0000000000000000000000000000000000110000000000110000000000000000000000000000000000
0000000000000000000000000000000000110000000000110000000000000000000000000000000000
0000000000000000000000000000000001100000000000011000000000000000000000000000000000
0000000000000000000000000000000001100000000000011000000000000000000000000000000000
0000000000000000000000000000000011100000000000011100000000000000000000000000000000
0000000000000000000000000000000011111111111111111100000000000000000000000000000000
0000000000000000000000000000000000000000000000000000000000000000000000000000000000
0000000000000000000000000000000000000000000000000000000000000000000000000000000000
0000000000000000000000000000000000000000000000000000000000000000000000000000000000
0000000000000000000000000000000000000000000000000000000000000000000000000000000000
0000000000000000000000000000000000000000000000000000000000000000000000000000000000
0000000000000000000000000000000000000000000000000000000000000000000000000000000000
0000000000000000000000000000000000000000000000000000000000000000000000000000000000

0000000000000000000000000000000000000000000000000000000000000000000000000000000000
0000000000000000000000000000000000000000000000000000000000000000000000000000000000
0000000000000000000000000000000000000000000000000000000000000000000000000000000000
0000000000000000000000000000000000000000000000000000000000000000000000000000000000
0000000000000000000000000000000000000000000000000000000000000000000000000000000000
0000000000000000000000000000000000000000000000000000000000000000000000000000000000
0000000000000000000000000000000000000000000000000000000000000000000000000000000000
0000000000000000000000000000000000000000111000000000000000000000000000000000000000
0000000000000000000000000000000000000011111110000000000000000000000000000000000000
0000000000000000000000000000000000001111000011100000000000000000000000000000000000
0000000000000000000000000000000000111100000000111000000000000000000000000000000000
0000000000000000000000000000000000110000000000011000000000000000000000000000000000
0000000000000000000000000000000000100000000000001000000000000000000000000000000000
0000000000000000000000000000000000100000000000001100000000000000000000000000000000
0000000000000000000000000000000001100000000000001100000000000000000000000000000000
0000000000000000000000000000000001100000000000001100000000000000000000000000000000
0000000000000000000000000000000001100000000000000100000000000000000000000000000000
0000000000000000000000000000000001000000000000000110000000000000000000000000000000
0000000000001111111100000000000001100000000000000110000000000000111110000000000000
0000000000011111111110000000000001100000000000001100000000000011111111100000000000
0000000000110000000011000000000000110000000000011000000000001110000000110000000000
0000000001100000000001100000000000011000000000110000000000011100000000011000000000
0000000011000000000000110000000000001100000000110000000000011000000000001100000000
0000000110000000000000011000000000001111111111100000000000110000000000000110000000
0000000100000000000000011000000000000111111111000000000000100000000000000110000000
0000000100000000000000011000000000000000000000000000000001100000000000000010000000
0000000100000000000000011000000000000000000000000000000001100000000000000010000000
0000000100000000000000011000000000000000000000000000000001100000000000000010000000
0000000100000000000000011000000000000000000000000000000001100000000000000010000000
0000000100000000000000011000000000000000000000000000000000100000000000000110000000
0000000110000000000000011000000000000000000000000000000000110000000000000110000000
0000000111000000000000110000000000000000000000000000000000110000000000001100000000
0000000011100000000001100000000000000000011000000000000000011000000000011100000000
0000000001110000000011000000000000000001111100000000000000001100000000111000000000
0000000000111000000110000000000000000011100110000000000000000111100111110000000000
0000000000011111111100000000000000000110000011100000000000000001111111000000000000
0000000000000000000000000000000000011100000001110000000000000000000000000000000000
0000000000000000000000000000000000111000000000011000000000000000000000000000000000
0000000000000000000000000000000001100000000000001100000000000000000000000000000000
0000000000000000000000000000000001000000000000000110000000000000000000000000000000
0000000000000000000000000000000001100000000000000100000000000000000000000000000000
0000000000000000000000000000000001100000000000001100000000000000000000000000000000
0000000000000000000000000000000000100000000000001100000000000000000000000000000000
0000000000011111111100000000000000110000000000001000000000111111111111111110000000
0000000000011111111110000000000000110000000000011000000001111111111111111110000000
0000000000110000000011000000000000010000000000011000000001100000000000000010000000
0000000000100000000011000000000000010000000000010000000001100000000000000010000000
0000000001100000000001100000000000011000000000110000000001100000000000000010000000
0000000001000000000001100000000000011100000000110000000001100000000000000010000000
0000000011000000000000110000000000001111111111100000000001100000000000000010000000
0000000010000000000000110000000000000000000000000000000001100000000000000010000000
0000000110000000000000011000000000000000000000000000000001100000000000000010000000
0000000110000000000000011000000000000000000000000000000001100000000000000010000000
0000000110000000000000010000000000000000000000000000000001100000000000000010000000
0000000011000000000000110000000000000000000000000000000001100000000000000010000000
0000000011000000000000100000000000000000000000000000000001100000000000000010000000
0000000001100000000001100000000000000000000000000000000001100000000000000010000000
0000000001100000000001000000000000000000110000000000000001100000000000000010000000
0000000000110000000011000000000000000000110000000000000001100000000000000010000000
0000000000110000000010000000000000000001111000000000000001100000000000000010000000
0000000000011111111110000000000000000001111000000000000001111111111111111110000000
0000000000000000000000000000000000000011001100000000000000000000000000000000000000
0000000000000000000000000000000000000011001100000000000000000000000000000000000000
0000000000000000000000000000000000000110000110000000000000000000000000000000000000
0000000000000000000000000000000000000110000110000000000000000000000000000000000000
0000000000000000000000000000000000001100000011000000000000000000000000000000000000
0000000000000000000000000000000000001100000011000000000000000000000000000000000000
0000000000000000000000000000000000011000000001100000000000000000000000000000000000
0000000000000000000000000000000000011000000001100000000000000000000000000000000000
0000000000000000000000000000000000110000000000110000000000000000000000000000000000
0000000000000000000000000000000000110000000000110000000000000000000000000000000000
0000000000000000000000000000000001100000000000011000000000000000000000000000000000
0000000000000000000000000000000001100000000000001000000000000000000000000000000000
0000000000000000000000000000000011100000000000001100000000000000000000000000000000
0000000000000000000000000000000011111111111111111100000000000000000000000000000000
0000000000000000000000000000000000000000000000000000000000000000000000000000000000
0000000000000000000000000000000000000000000000000000000000000000000000000000000000
0000000000000000000000000000000000000000000000000000000000000000000000000000000000
0000000000000000000000000000000000000000000000000000000000000000000000000000000000
0000000000000000000000000000000000000000000000000000000000000000000000000000000000
0000000000000000000000000000000000000000000000000000000000000000000000000000000000
0000000000000000000000000000000000000000000000000000000000000000000000000000000000

== SDRs ==
10001000000000000000110000001010
00000000001100100001100000000100
00100000000010010000100000001000
00001000001001000000000100100000
00001000001001100000001000000000
00010000000000000000000001001000
00000000000001000000100000000010
10000100001000110010000010000000
00000100000001000000000010000100
00000000100000111000000100000010
00100000000000000000000000000000
00000100000000001000000000000000
01000100000001010100000000100000
00000000000001000000000001000010
00001000000100001000000000000001
00000100001000000001000000000100
00001000000100000000000000000001
11001010010000001000000010000000
00010000010000000000000000000000
00000000001000000000000000000000
00000000000000000100000000000000
10010000101001000000001000000100
10000000010000000000000000000000
00000000010000000000000000000000
00000000011000000000000100100000
01000100100000000100000000000000
00001010011000010000000010000000
00000000000000010001001000000000
01001001000101000100000010000000
00000000000001000100010000100000
00100010000000010000001011100000
00000000000000010000000000110000

00001000000000000000000000001000
00000000000110000001100000000000
00000000000010000000001010001000
10000100100000000011001100000000
00001000000000000010010100000010
10000000000000000000000001000000
00000000100000100000100000000010
01000000000000010000000010100000
10000100001000000000000000000000
00000000100000011000000100000000
00000000000000101000010000000000
00000000000000000000000000000000
00000000010000010100000000100000
00000000000001011001000001000000
00001000100100100000101000000000
10000000000100100000000000010000
10010000000100000000000000100100
11101011010000000000010010000000
00000001010100001000001000010000
00110000000000000000000000000000
00000100000001001001001000000000
10100000000000000000000000000000
01110000000100101000000010000000
00000000110000000000100000000000
00000011000000100000000000000001
00000001010000000000000000000000
00000000000000010000100010100000
00000000000100000001001000100001
01000001010000010000001000000000
01000000000000000000001000110000
00000000000010000000000001000011
00000000000001000000000001001000

10000001010000000000110000001010
00000100100100000000000010100100
00000000000110000000100000101000
10010100100000000000000000001000
00000000000001100000000001000000
00000000000000000000000000100000
00000000000001101000000000000000
10000000001001100010000010000000
10101001000000000000000000100100
00010000001000001000000001000000
11000001000000001000000000000000
00000100100000001000000000000000
01100000100000010100010000001010
01000000000000000001000000100000
10011010000100001000101001000001
00000100000011000000100000000000
10000000000000000000000011000101
00000011011000000000100010000000
00000001011000001000000000000100
10000000000011000001000010010000
00000010000000000100000000000000
10000000000000000001000000000100
11000000000000000000010010000100
01000000000000000000000000000000
00000001001000100000000000000000
10000001101000000000000000000000
00001000101000010000100010000000
00001001000000000000000010000010
10000010000000010000001010001100
00000100001001000100000001001000
01000000000000001001000000000000
00010010000010000000000011000000

10000001010000000000110000000000
00000001000100000000000010100100
00010000000100000000000000101000
10010100100000000010000000001000
00000000000001000000000001000010
00000000000000000000000000100000
00000000000001101000000000000000
10000000001000100010000000000000
10101001000000000000000010100100
00010000001000001000000001000000
11000001000000001000000000000000
10010000100000000000000000000000
00100000100000010000010000001010
01000000000000000001000001100000
00011000100100001001100000000001
00000100000011000000100000000000
10000000000000000000000011000101
01000011001000000000100010000000
00000001011000001001000000000000
10000000010011000001000010000001
00000010000000000100100000000000
10000001000000000001000000000100
11000000000000000000010000000100
01000001000010000000000000000000
00000000011000010100000000000000
10000000101000000000000000000001
00001010101000010000100000000000
00001001000000010000000100000001
10000010000000010000000000001100
00000100001001000000000101101000
01000000100000001001000000000000
00010000000000000010000011000000

10101000011100010100110000000000
00000001100100100000000010100000
00000000000001000000000010001000
00000010000000010010000000000000
00000000000000100000000000000010
00000100000000000000000000000000
10001000001000010000100000000000
10000000001000000000000000010000
00000001000000000000000000100100
00100000000000011000000100000000
10000001000000000000010000000000
10010000100000000000000000000100
00000000000000010100000000001000
00000000100001000001000000000000
00001000100000000000001000000001
10001000000000000000000000010100
00000001000000100000000000000100
01001010000000000000100011000000
00000001000000001000000000000000
00000000000000000001000000000000
00000010000000100100100000000000
10000000001000000001001000000000
01110000000000000000010000000000
01000000000010000000100000000000
01000010011000010100000000100000
01000000110001000000000000000001
00001000101010010000100010001000
00000000000000010001001100000001
00000000110100010001000000000000
01100000000000000001001001100000
00000000100000011011000001000000
01000100000000000010000011000000

10000001000101000000100000001000
00000000000100000001000000010100
00000000000010000000001010001000
01000000001000000000001100000000
00001000000010000000001000000011
00010000000000000000000101001000
00000000000001000000000000010000
10000100000000000000000000110000
10100010001001000000000000000000
00000000000000011000000101000010
00000000000000001100010000000000
00000000100000001000000000000000
00001100010000010100000000100000
00000000000001000010100010000000
00000000000100001000001000000000
00000000001100100001000000010011
10010000000000000000000001100100
00000010000000000000000010000000
00000001100100001000000000010100
00000000001000000000000000000000
00000000000000100000010000000000
10110000100000000000000000000000
01100001001100000000010010101000
00100000100000000000100100000000
00010011000000000000000000000000
01000100001000000000000000000001
10010000000000010000000001100000
00000000010000000001001000100000
01001000000100000010000000000100
01000010000001000000000001010000
01100000000000000001000000000000
00000000100000000010000000000100

10000001001100000100100000000000
00000001000110000001000000000000
00000000000000000000000000100000
11000000001000000000000100000000
00000000000001000000001001000000
00000001100100000000000000101000
00000000000000011000000000010000
00000100000000100010000000010100
00000001000001000000000010000000
00000001100000010000000101000000
01001001000100000000000000000000
10000000100000000000000000000000
00001100000000010000000000100000
00000000000001000000000000100000
00010000000000101000101000000000
00000000001100100001000000000100
10011001000000000010000010000100
00001010001001101000100000000000
00000000000000001000000000000000
10000010001000000000000000000000
00000000000000000000110100000000
10000000001000000000001000000000
10100000000000000000000000100000
01000000000010000000000000000101
10000000010000000000000000000000
00000000100101000000000001000101
00001110101000000000100000000000
00000000010010001001001000100000
00001000100100000001001000001100
00000000000001000001000001100000
01100010000000000001000001000010
00000000000000000000000001000100

10001001000100001000110000001010
00000000000100100000100000010100
00000000000010000000001010001000
00001100100000100010000100000000
00000000000001000000000001000010
00000000000000000000000001000000
00001000000000100000000000010010
00000000000000010000000010000000
10000000001000000000000010100100
00110000001000011000000001000000
10000000000000001000000000000000
10000000100000000000000010000000
00100000000000010100000000001000
01100000000000000000000000000000
10011000000000000000100000000000
00001100000011000000100000010110
10010000100100000000000011100100
00000011000000000010000010000010
00010001111000000000000000000100
00000000000001000000000000000000
00000000000000100000000000000000
00000000100000000001000000000100
00010000000101000000010110000100
01000000000000000001000001000000
00000001001000110000000000000000
00000001001100000100000000000000
10010000000000000000000000000000
00000000000000011001001000000001
11000000000000000110000010000100
00000000001000000100000001001000
00100100000010010000000000000000
10000100000000000010000011000100

00000000011100010100110001001010
00000000010000000000100000000000
00000000000100000000000010001000
10011100000000000010000000000000
00000000000001100000000001000000
00000000100100010000001000100000
10000000000000100000000010000000
10000000000000010010000010000000
10001001000000000000000000000100
00010000100000001010000000000000
11000000000000000000000000000000
10010100100000000000000000000000
01000000000000010000010000001001
01100000000001000000000000000000
00011010100100100000001000000010
10001000000111000000100000000100
00001000000000000010000010000100
00001010011001000000100010000100
00010000011000001000000000000001
10000100000001000001000000000001
00000010000000100100100000000000
00000001101000000001000000000100
10000000000001000010000010000000
01000000000010000000000000000001
00000000011000110100000100000000
00000000001100000000000000000001
10000000101000000000100000000000
00000001000000010000000000000001
00000000000100000001001000001100
01000100001001000000000001100000
00100000000010000011000000000001
10010100000000000010000011000000

