== Attributes ==
title=2x1 Challenge Problem 03
type= 2x1
result=6
window_size=(82, 82)

== Input ==
0000000000000000000000000000000000000000000000000000000000000000000000000000000000
0000000000000000000000000000000000000000000000000000000000000000000000000000000000
0000000000000000000000000000000000000000000000000000000000000000000000000000000000
0000000000000000000000000000000000000000000000000000000000000000000000000000000000
0000000000000000000000000000000000000000000000000000000000000000000000000000000000
0000000000000000000000000000000000000000000000000000000000000000000000000000000000
0000000000000000000000000000000000000000000000000000000000000000000000000000000000
0000000000000000000000000000000000000000000000000000000000000000000000000000000000
0000000000000000000000000000000000000000000000000000000000000000000000000000000000
0000000000000000000000000000000000000000000000000000000000000000000000000000000000
0000000000000000000000000000000000000000000000000000000000000000000000000000000000
0000000000000000000000000000000000000000000000000000000000000000000000000000000000
0000000000000000000000000000000000000000000000000000000000000000000000000000000000
0000000000000000000000000000000000000000000000000000000000000000000000000000000000
0000000000000000000000000000000000000000000000000000000000000000000000000000000000
0000000000000000000000000000000000000000000000000000000000000000000000000000000000
0000000000000000000000000000000000000000000000000000000000000000000000000000000000
0000000000000000000000000000000000000000000000000000000000000000000000000000000000
0000000000000000000000000000000000000000000000000000000000000000000000000000000000
0000000000000000000000000000000000000000000000000000000000000000000000000000000000
0000000000000000000000000000000000000000000000000000000000000000000000000000000000
0000000000000000000000000000000000000000000000000000000000000000000000000000000000
0000000000000000000000000000000000000000000000000000000000000000000000000000000000
0000000000000000000000000000000000000000000000000000000000000000000000000000000000
0000000000000000000000000000000000000000000000000000000000000000000000000000000000
0000000000000000000000000000000000000000000000000000000000000000000000000000000000
0000000000000000000000000000000000000000000000000000000000000000000000000000000000
0000000000000000000000000000000000000000000000000000000001111111110000000000000000
0000000000000000000000000000000000000000000000000000000111110000111100000000000000
0000000000000000000000000000000000000000000000000000011100000000000111000000000000
0000000000000000000000000000000000000000000000000000110000000000000001100000000000
0000000001100000000000000000110000000000000000000001100000000000000000110000000000
0000000011110000000000000001111000000000000000000011000000000000000000011000000000
0000000110011000000000000011001100000000000000000110000000000000000000001100000000
0000000110001100000000000110000100000000000000000110000000000000000000000100000000
0000001100000110000000001100000110000000000000001100000000000000000000000110000000
0000001100000011000000011000000010000000000000001100000000000000000000000010000000
0000001000000001100000110000000011000000000000001000000000000000000000000011000000
0000011000000000110001100000000011000000000000011000000000000000000000000011000000
0000011000000000011011000000000001000000000000011000000000000000000000000011000000
0000011000000000001110000000000001000000000000011000000000000000000000000001000000
0000011000000000000100000000000001000000000000011000000000001110000000000001000000
0000011000000000000000000000000001000000000000011000000000011111000000000001000000
0000011000000000000000000000000011000000000000011000000000110001100000000011000000
0000001000000000000000000000000011000000000000011000000001100000110000000011000000
0000001000000000000000000000000011000000000000001000000011000000011000000010000000
0000001100000000000000000000000010000000000000001100000110000000001100000110000000
0000000100000000000000000000000110000000000000000100001100000000000110000110000000
0000000110000000000000000000001100000000000000000110011000000000000011001100000000
0000000011000000000000000000001100000000000000000011110000000000000001101100000000
0000000001100000000000000000011000000000000000000011100000000000000000111000000000
0000000001110000000000000000110000000000000000000001000000000000000000010000000000
0000000000011000000000000011100000000000000000000000000000000000000000000000000000
0000000000001110000000001110000000000000000000000000000000000000000000000000000000
0000000000000011111111111100000000000000000000000000000000000000000000000000000000
0000000000000000011111000000000000000000000000000000000000000000000000000000000000
0000000000000000000000000000000000000000000000000000000000000000000000000000000000
0000000000000000000000000000000000000000000000000000000000000000000000000000000000
0000000000000000000000000000000000000000000000000000000000000000000000000000000000
0000000000000000000000000000000000000000000000000000000000000000000000000000000000
0000000000000000000000000000000000000000000000000000000000000000000000000000000000
0000000000000000000000000000000000000000000000000000000000000000000000000000000000
0000000000000000000000000000000000000000000000000000000000000000000000000000000000
0000000000000000000000000000000000000000000000000000000000000000000000000000000000
0000000000000000000000000000000000000000000000000000000000000000000000000000000000
0000000000000000000000000000000000000000000000000000000000000000000000000000000000
0000000000000000000000000000000000000000000000000000000000000000000000000000000000
0000000000000000000000000000000000000000000000000000000000000000000000000000000000
0000000000000000000000000000000000000000000000000000000000000000000000000000000000
0000000000000000000000000000000000000000000000000000000000000000000000000000000000
0000000000000000000000000000000000000000000000000000000000000000000000000000000000
0000000000000000000000000000000000000000000000000000000000000000000000000000000000
0000000000000000000000000000000000000000000000000000000000000000000000000000000000
0000000000000000000000000000000000000000000000000000000000000000000000000000000000
0000000000000000000000000000000000000000000000000000000000000000000000000000000000
0000000000000000000000000000000000000000000000000000000000000000000000000000000000
0000000000000000000000000000000000000000000000000000000000000000000000000000000000
0000000000000000000000000000000000000000000000000000000000000000000000000000000000
0000000000000000000000000000000000000000000000000000000000000000000000000000000000
0000000000000000000000000000000000000000000000000000000000000000000000000000000000
0000000000000000000000000000000000000000000000000000000000000000000000000000000000
0000000000000000000000000000000000000000000000000000000000000000000000000000000000

0000000000000000000000000000000000000000000000000000000000000000000000000000000000
0000000000000000000000000000000000000000000000000000000000000000000000000000000000
0000000000000000000000000000000000000000000000000000000000000000000000000000000000
0000000000000000000000000000000000000000000000000000000000000000000000000000000000
0000000000000000000000000000000000000000000000000000000000000000000000000000000000
0000000000000000000000000000000000000000000000000000000000000000000000000000000000
0000000000000000000000000000000000000111111110000000000000000000000000000000000000
0000000000000000000000000000000000111110000111110000000000000000000000000000000000
0000000000000000000000000000000001110000000000111000000000000000000000000000000000
0000000000000000000000000000000111000000000000001110000000000000000000000000000000
0000000000000000000000000000001110000000000000000110000000000000000000000000000000
0000000000000000000000000000001100000000000000000110000000000000000000000000000000
0000000000000000000000000000011000000000000000001100000000000000000000000000000000
0000000000000000000000000000110000000000000000011000000000000000000000000000000000
0000000000000000000000000000110000000000000000110000000000000000000000000000000000
0000000000000000000000000001100000000000000001100000000000000000000000000000000000
0000000000000000000000000001100000000000000011000000000000000000000000000000000000
0000000000000000000000000001000000000000000110000000000000000000000000000000000000
0000000000000000000000000001000000000000001100000000000000000000000000000000000000
0000000000000000000000000001000000000000011000000000000000000000000000000000000000
0000000000000000000000000001000000000000110000000000000000000000000000000000000000
0000000000000000000000000001000000000000011000000000000000000000000000000000000000
0000000000000000000000000001000000000000001100000000000000000000000000000000000000
0000000000000000000000000001100000000000000110000000000000000000000000000000000000
0000000000000000000000000001100000000000000011000000000000000000000000000000000000
0000000000000000000000000000100000000000000001100000000000000000000000000000000000
0000000000000000000000000000110000000000000000110000000000000000000000000000000000
0000000000000000000000000000010000000000000000011000000000000000000000000000000000
0000000000000000000000000000011000000000000000001100000000000000000000000000000000
0000000000000000000000000000001100000000000000000110000000000000000000000000000000
0000000000000000000000000000000110000000000000000110000000000000000000000000000000
0000000000000000000000000000000011100000000000001100000000000000000000000000000000
0000000000000000000000000000000001111000000000111000000000000000000000000000000000
0000000000000000000000000000000000011111111111100000000000000000000000000000000000
0000000000000000000000000000000000000011111100000000000000000000000000000000000000
0000000000000000000000000000000000000000000000000000000000000000000000000000000000
0000000000000000000000000000000000000000000000000000000000000000000000000000000000
0000000000000000000000000000000000000000000000000000000000000000000000000000000000
0000000000000000000000000000000000000000000000000000000000000000000000000000000000
0000000000000000000000000000000000000000000000000000000000000000000000000000000000
0000000000000000000000000000000000000000000000000000000000000000000000000000000000
0000000000000000000000000000000000000000000000000000000000000000000000000000000000
0000000000000000000000000000000000000000000000000000000000000000000000000000000000
0000000000000000000000000000000000000000000000000000000000000000000000000000000000
0000000000000000000000000000000000000000000000000000000000000000000000000000000000
0000000000000000000000000000000000000000000000000000000000000000000000000000000000
0000000000000000000000000000000000000000000000000000000000000000000000000000000000
0000000000000000000000000000000000000000000000000000000000000000000000000000000000
0000000000000000000000000000000000001111111111000000000000000000000000000000000000
0000000000000000000000000000000000111110000111110000000000000000000000000000000000
0000000000000000000000000000000001110000000000011100000000000000000000000000000000
0000000000000000000000000000000111000000000000001110000000000000000000000000000000
0000000000000000000000000000000110000000000000000011000000000000000000000000000000
0000000000000000000000000000000110000000000000000001100000000000000000000000000000
0000000000000000000000000000000011000000000000000000100000000000000000000000000000
0000000000000000000000000000000001100000000000000000110000000000000000000000000000
0000000000000000000000000000000000110000000000000000010000000000000000000000000000
0000000000000000000000000000000000011000000000000000011000000000000000000000000000
0000000000000000000000000000000000001100000000000000001000000000000000000000000000
0000000000000000000000000000000000000110000000000000001000000000000000000000000000
0000000000000000000000000000000000000011000000000000001000000000000000000000000000
0000000000000000000000000000000000000001100000000000001100000000000000000000000000
0000000000000000000000000000000000000000110000000000001100000000000000000000000000
0000000000000000000000000000000000000001100000000000001100000000000000000000000000
0000000000000000000000000000000000000011000000000000001000000000000000000000000000
0000000000000000000000000000000000000110000000000000001000000000000000000000000000
0000000000000000000000000000000000001100000000000000011000000000000000000000000000
0000000000000000000000000000000000011000000000000000011000000000000000000000000000
0000000000000000000000000000000000110000000000000000110000000000000000000000000000
0000000000000000000000000000000001100000000000000000110000000000000000000000000000
0000000000000000000000000000000011000000000000000001100000000000000000000000000000
0000000000000000000000000000000110000000000000000011000000000000000000000000000000
0000000000000000000000000000000110000000000000000110000000000000000000000000000000
0000000000000000000000000000000011100000000000011100000000000000000000000000000000
0000000000000000000000000000000001111000000001111000000000000000000000000000000000
0000000000000000000000000000000000011111111111100000000000000000000000000000000000
0000000000000000000000000000000000000001111100000000000000000000000000000000000000
0000000000000000000000000000000000000000000000000000000000000000000000000000000000
0000000000000000000000000000000000000000000000000000000000000000000000000000000000
0000000000000000000000000000000000000000000000000000000000000000000000000000000000
0000000000000000000000000000000000000000000000000000000000000000000000000000000000
0000000000000000000000000000000000000000000000000000000000000000000000000000000000

0000000000000000000000000000000000000000000000000000000000000000000000000000000000
0000000000000000000000000000000000000000000000000000000000000000000000000000000000
0000000000000000000000000000000000000000000000000000000000000000000000000000000000
0000000000000000000000000000000000000000000000000000000000000000000000000000000000
0000000000000000000000000000000000000000000000000000000000000000000000000000000000
0000000000000000000000000000000000000000000000000000000000000000000000000000000000
0000000000000000000000000000000000000000000000000000000000000000000000000000000000
0000000000000000000000000000000000000000000000000000000000000000000000000000000000
0000000000000000000000000000000000000000000000000000000000000000000000000000000000
0000000000000000000000000000000000000000000000000000000000000000000000000000000000
0000000000000000000000000000000000000000000000000000000000000000000000000000000000
0000000000000000000000000000000000000000000000000000000000000000000000000000000000
0000000000000000000000000000000000000000000000000000000000000000000000000000000000
0000000000000000000000000000000000000000000000000000000000000000000000000000000000
0000000000000000000000000000000000000000000000000000000000000000000000000000000000
0000000000000000000000000000000000000000000000000000000000000000000000000000000000
0000000000000000000000000000000000000000000000000000000000000000000000000000000000
0000000000000000000000000000000000000000000000000000000000000000000000000000000000
0000000000000000000000000000000000000000000000000000000000000000000000000000000000
0000000000000000000000000000000000000000000000000000000000000000000000000000000000
0000000000000000000000000000000000000000000000000000000000000000000000000000000000
0000000000000000000000000000000000000000000000000000000000000000000000000000000000
0000000000000000000000000000000000000000000000000000000000000000000000000000000000
0000000000000000000000000000000000000000000000000000000000000000000000000000000000
0000000000000000000000000000000000000000000000000000000000000000000000000000000000
0000000000000000000000000000000000000000000000000000000000000000000000000000000000
0000000000000000000000000000000000000000000000000000000000000000000000000000000000
0000000000000001111111111000000000000000000000000000000001111111110000000000000000
0000000000000111110000111110000000000000000000000000000111110000111110000000000000
0000000000001110000000000011100000000000000000000000001110000000000111000000000000
0000000000111000000000000001110000000000000000000000111000000000000001110000000000
0000000001100000000000000000011000000000000000000001100000000000000000011000000000
0000000011000000000000000000001100000000000000000011000000000000000000001100000000
0000000011000000000000000000001100000000000000000011000000000000000000001100000000
0000000110000000000000000000000110000000000000000110000000000000000000000110000000
0000000100000000000000000000000010000000000000000100000000000000000000000010000000
0000001100000000000000000000000011000000000000001100000000000000000000000011000000
0000001100000000000000000000000011000000000000001100000000000000000000000011000000
0000001000000000000000000000000001000000000000001000000000000000000000000001000000
0000001000000000000000000000000001000000000000001000000000000000000000000001000000
0000001000000000000000000000000001100000000000011000000000000000000000000001000000
0000001000000000000110000000000001100000000000011000000000000110000000000001000000
0000001000000000001111000000000001000000000000001000000000001111000000000001000000
0000001000000000011001100000000001000000000000001000000000011001100000000001000000
0000001000000000110000110000000001000000000000001000000000110000110000000001000000
0000001100000001100000011000000011000000000000001100000001100000011000000011000000
0000000100000011000000001100000011000000000000001100000011000000001100000010000000
0000000110000110000000000110000110000000000000000110000110000000000110000110000000
0000000010001100000000000011000110000000000000000110001100000000000011000110000000
0000000011011000000000000001101100000000000000000011011000000000000001101100000000
0000000001110000000000000000111000000000000000000001110000000000000000111000000000
0000000000100000000000000000010000000000000000000000100000000000000000010000000000
0000000000000000000000000000000000000000000000000000000000000000000000000000000000
0000000000000000000000000000000000000000000000000000000000000000000000000000000000
0000000000000000000000000000000000000000000000000000000000000000000000000000000000
0000000000000000000000000000000000000000000000000000000000000000000000000000000000
0000000000000000000000000000000000000000000000000000000000000000000000000000000000
0000000000000000000000000000000000000000000000000000000000000000000000000000000000
0000000000000000000000000000000000000000000000000000000000000000000000000000000000
0000000000000000000000000000000000000000000000000000000000000000000000000000000000
0000000000000000000000000000000000000000000000000000000000000000000000000000000000
0000000000000000000000000000000000000000000000000000000000000000000000000000000000
0000000000000000000000000000000000000000000000000000000000000000000000000000000000
0000000000000000000000000000000000000000000000000000000000000000000000000000000000
0000000000000000000000000000000000000000000000000000000000000000000000000000000000
0000000000000000000000000000000000000000000000000000000000000000000000000000000000
0000000000000000000000000000000000000000000000000000000000000000000000000000000000
0000000000000000000000000000000000000000000000000000000000000000000000000000000000
0000000000000000000000000000000000000000000000000000000000000000000000000000000000
0000000000000000000000000000000000000000000000000000000000000000000000000000000000
0000000000000000000000000000000000000000000000000000000000000000000000000000000000
0000000000000000000000000000000000000000000000000000000000000000000000000000000000
0000000000000000000000000000000000000000000000000000000000000000000000000000000000
0000000000000000000000000000000000000000000000000000000000000000000000000000000000
0000000000000000000000000000000000000000000000000000000000000000000000000000000000
0000000000000000000000000000000000000000000000000000000000000000000000000000000000
0000000000000000000000000000000000000000000000000000000000000000000000000000000000
0000000000000000000000000000000000000000000000000000000000000000000000000000000000
0000000000000000000000000000000000000000000000000000000000000000000000000000000000
0000000000000000000000000000000000000000000000000000000000000000000000000000000000
0000000000000000000000000000000000000000000000000000000000000000000000000000000000
0000000000000000000000000000000000000000000000000000000000000000000000000000000000

== Output ==
0000000000000000000000000000000000000000000000000000000000000000000000000000000000
0000000000000000000000000000000000000000000000000000000000000000000000000000000000
0000000000000000000000000000000000000000000000000000000000000000000000000000000000
0000000000000000000000000000000000000000000000000000000000000000000000000000000000
0000000000000000000000000000000000000000000000000000000000000000000000000000000000
0000000000000000000000000000000000000000000000000000000000000000000000000000000000
0000000000000000000000000000000000001111111111000000000000000000000000000000000000
0000000000000000000000000000000001111000000011110000000000000000000000000000000000
0000000000000000000000000000000011100000000000011100000000000000000000000000000000
0000000000000000000000000000000110000000000000001110000000000000000000000000000000
0000000000000000000000000000001100000000000000000011000000000000000000000000000000
0000000000000000000000000000011000000000000000000001000000000000000000000000000000
0000000000000000000000000000110000000000000000000001100000000000000000000000000000
0000000000000000000000000000110000000000000000000000110000000000000000000000000000
0000000000000000000000000001100000000000000000000000010000000000000000000000000000
0000000000000000000000000001100000000000000000000000011000000000000000000000000000
0000000000000000000000000001000000000000000000000000011000000000000000000000000000
0000000000000000000000000011000000000000000000000000011000000000000000000000000000
0000000000000000000000000011000000000000000000000000001000000000000000000000000000
0000000000000000000000000011000000000000100000000000001000000000000000000000000000
0000000000000000000000000011000000000001110000000000001000000000000000000000000000
0000000000000000000000000011000000000011011000000000001000000000000000000000000000
0000000000000000000000000011000000000110001100000000011000000000000000000000000000
0000000000000000000000000001000000001100000110000000011000000000000000000000000000
0000000000000000000000000001100000011000000011000000011000000000000000000000000000
0000000000000000000000000001100000110000000001100000010000000000000000000000000000
0000000000000000000000000000110001100000000000110000110000000000000000000000000000
0000000000000000000000000000110011000000000000011001100000000000000000000000000000
0000000000000000000000000000011110000000000000001111100000000000000000000000000000
0000000000000000000000000000001100000000000000000111000000000000000000000000000000
0000000000000000000000000000000000000000000000000000000000000000000000000000000000
0000000000000000000000000000000000000000000000000000000000000000000000000000000000
0000000000000000000000000000000000000000000000000000000000000000000000000000000000
0000000000000000000000000000000000000000000000000000000000000000000000000000000000
0000000000000000000000000000000000000000000000000000000000000000000000000000000000
0000000000000000000000000000000000000000000000000000000000000000000000000000000000
0000000000000000000000000000000000000000000000000000000000000000000000000000000000
0000000000000000000000000000000000000000000000000000000000000000000000000000000000
0000000000000000000000000000000000000000000000000000000000000000000000000000000000
0000000000000000000000000000000000000000000000000000000000000000000000000000000000
0000000000000000000000000000000000000000000000000000000000000000000000000000000000
0000000000000000000000000000000000000000000000000000000000000000000000000000000000
0000000000000000000000000000000000000000000000000000000000000000000000000000000000
0000000000000000000000000000000000000000000000000000000000000000000000000000000000
0000000000000000000000000000000000000000000000000000000000000000000000000000000000
0000000000000000000000000000000000000000000000000000000000000000000000000000000000
0000000000000000000000000000000000000000000000000000000000000000000000000000000000
0000000000000000000000000000000000000000000000000000000000000000000000000000000000
0000000000000000000000000000000000000000000000000000000000000000000000000000000000
0000000000000000000000000000000000000000000000000000000000000000000000000000000000
0000000000000000000000000000000000000000000000000000000000000000000000000000000000
0000000000000000000000000000000000000000000000000000000000000000000000000000000000
0000000000000000000000000000001100000000000000000111000000000000000000000000000000
0000000000000000000000000000011110000000000000001111100000000000000000000000000000
0000000000000000000000000000110011000000000000011001100000000000000000000000000000
0000000000000000000000000000100001100000000000110000110000000000000000000000000000
0000000000000000000000000001100000110000000001100000010000000000000000000000000000
0000000000000000000000000001100000011000000011000000011000000000000000000000000000
0000000000000000000000000001000000001100000110000000011000000000000000000000000000
0000000000000000000000000011000000000110001100000000001000000000000000000000000000
0000000000000000000000000011000000000011011000000000001000000000000000000000000000
0000000000000000000000000011000000000001110000000000001000000000000000000000000000
0000000000000000000000000011000000000000100000000000001000000000000000000000000000
0000000000000000000000000011000000000000000000000000001000000000000000000000000000
0000000000000000000000000011000000000000000000000000011000000000000000000000000000
0000000000000000000000000001000000000000000000000000011000000000000000000000000000
0000000000000000000000000001100000000000000000000000011000000000000000000000000000
0000000000000000000000000001100000000000000000000000110000000000000000000000000000
0000000000000000000000000000110000000000000000000000110000000000000000000000000000
0000000000000000000000000000110000000000000000000001100000000000000000000000000000
0000000000000000000000000000011000000000000000000011000000000000000000000000000000
0000000000000000000000000000001100000000000000000111000000000000000000000000000000
0000000000000000000000000000000110000000000000001110000000000000000000000000000000
0000000000000000000000000000000011100000000000011000000000000000000000000000000000
0000000000000000000000000000000000111100000011110000000000000000000000000000000000
0000000000000000000000000000000000001111111111000000000000000000000000000000000000
0000000000000000000000000000000000000000000000000000000000000000000000000000000000
0000000000000000000000000000000000000000000000000000000000000000000000000000000000
0000000000000000000000000000000000000000000000000000000000000000000000000000000000
0000000000000000000000000000000000000000000000000000000000000000000000000000000000
0000000000000000000000000000000000000000000000000000000000000000000000000000000000
0000000000000000000000000000000000000000000000000000000000000000000000000000000000

0000000000000000000000000000000000000000000000000000000000000000000000000000000000
0000000000000000000000000000000000000000000000000000000000000000000000000000000000
0000000000000000000000000000000000000000000000000000000000000000000000000000000000
0000000000000000000000000000000000000000000000000000000000000000000000000000000000
0000000000000000000000000000000000000000000000000000000000000000000000000000000000
0000000000000000000000000000000000000000000000000000000000000000000000000000000000
0000000000000000000000000000000000000000000000000000000000000000000000000000000000
0000000000000000000000000000000000000000000000000000000000000000000000000000000000
0000000000000000000000000000000000000000000000000000000000000000000000000000000000
0000000000000000000000000000000000000000000000000000000000000000000000000000000000
0000000000000000000000000000001100000000000000000111000000000000000000000000000000
0000000000000000000000000000011110000000000000001111100000000000000000000000000000
0000000000000000000000000000110011000000000000011001100000000000000000000000000000
0000000000000000000000000000110001100000000000110000110000000000000000000000000000
0000000000000000000000000001100000110000000001100000010000000000000000000000000000
0000000000000000000000000001100000011000000011000000011000000000000000000000000000
0000000000000000000000000001000000001100000110000000011000000000000000000000000000
0000000000000000000000000001000000000110001100000000001000000000000000000000000000
0000000000000000000000000011000000000011011000000000001000000000000000000000000000
0000000000000000000000000011000000000001110000000000001000000000000000000000000000
0000000000000000000000000011000000000000100000000000001000000000000000000000000000
0000000000000000000000000011000000000000000000000000001000000000000000000000000000
0000000000000000000000000001000000000000000000000000001000000000000000000000000000
0000000000000000000000000001000000000000000000000000011000000000000000000000000000
0000000000000000000000000001100000000000000000000000011000000000000000000000000000
0000000000000000000000000001100000000000000000000000010000000000000000000000000000
0000000000000000000000000000110000000000000000000000110000000000000000000000000000
0000000000000000000000000000110000000000000000000001100000000000000000000000000000
0000000000000000000000000000011000000000000000000001100000000000000000000000000000
0000000000000000000000000000001100000000000000000011000000000000000000000000000000
0000000000000000000000000000000110000000000000001110000000000000000000000000000000
0000000000000000000000000000000011100000000000011100000000000000000000000000000000
0000000000000000000000000000000000111000000011110000000000000000000000000000000000
0000000000000000000000000000000000001111111111000000000000000000000000000000000000
0000000000000000000000000000000000000000000000000000000000000000000000000000000000
0000000000000000000000000000000000000000000000000000000000000000000000000000000000
0000000000000000000000000000000000000000000000000000000000000000000000000000000000
0000000000000000000000000000000000000000000000000000000000000000000000000000000000
0000000000000000000000000000000000000000000000000000000000000000000000000000000000
0000000000000000000000000000000000000000000000000000000000000000000000000000000000
0000000000000000000000000000000000000000000000000000000000000000000000000000000000
0000000000000000000000000000000000000000000000000000000000000000000000000000000000
0000000000000000000000000000000000000000000000000000000000000000000000000000000000
0000000000000000000000000000000000000000000000000000000000000000000000000000000000
0000000000000000000000000000000000000000000000000000000000000000000000000000000000
0000000000000000000000000000000000000000000000000000000000000000000000000000000000
0000000000000000000000000000000000000000000000000000000000000000000000000000000000
0000000000000000000000000000000000000000000000000000000000000000000000000000000000
0000000000000000000000000000000000000000000000000000000000000000000000000000000000
0000000000000000000000000000000000000000000000000000000000000000000000000000000000
0000000000000000000000000000000000000000000000000000000000000000000000000000000000
0000000000000000000000000000000000000000000000000000000000000000000000000000000000
0000000000000000000000000000001100000000000000000111000000000000000000000000000000
0000000000000000000000000000011110000000000000001111100000000000000000000000000000
0000000000000000000000000000110011000000000000011001100000000000000000000000000000
0000000000000000000000000000110001100000000000110000110000000000000000000000000000
0000000000000000000000000001100000110000000001100000010000000000000000000000000000
0000000000000000000000000001100000011000000011000000011000000000000000000000000000
0000000000000000000000000001000000001100000110000000011000000000000000000000000000
0000000000000000000000000001000000000110001100000000001000000000000000000000000000
0000000000000000000000000011000000000011111000000000001000000000000000000000000000
0000000000000000000000000011000000000001110000000000001000000000000000000000000000
0000000000000000000000000011000000000000100000000000001000000000000000000000000000
0000000000000000000000000011000000000000000000000000001000000000000000000000000000
0000000000000000000000000001000000000000000000000000001000000000000000000000000000
0000000000000000000000000001000000000000000000000000011000000000000000000000000000
0000000000000000000000000001100000000000000000000000011000000000000000000000000000
0000000000000000000000000001100000000000000000000000010000000000000000000000000000
0000000000000000000000000000110000000000000000000000110000000000000000000000000000
0000000000000000000000000000110000000000000000000001100000000000000000000000000000
0000000000000000000000000000011000000000000000000001000000000000000000000000000000
0000000000000000000000000000001100000000000000000011000000000000000000000000000000
0000000000000000000000000000000110000000000000001110000000000000000000000000000000
0000000000000000000000000000000011100000000000011000000000000000000000000000000000
0000000000000000000000000000000000111100000011110000000000000000000000000000000000
0000000000000000000000000000000000001111111111000000000000000000000000000000000000
0000000000000000000000000000000000000000000000000000000000000000000000000000000000
0000000000000000000000000000000000000000000000000000000000000000000000000000000000
0000000000000000000000000000000000000000000000000000000000000000000000000000000000
0000000000000000000000000000000000000000000000000000000000000000000000000000000000
0000000000000000000000000000000000000000000000000000000000000000000000000000000000
0000000000000000000000000000000000000000000000000000000000000000000000000000000000

0000000000000000000000000000000000000000000000000000000000000000000000000000000000
0000000000000000000000000000000000000000000000000000000000000000000000000000000000
0000000000000000000000000000000000000000000000000000000000000000000000000000000000
0000000000000000000000000000000000000000000000000000000000000000000000000000000000
0000000000000000000000000000000000000000000000000000000000000000000000000000000000
0000000000000000000000000000000000000000000000000000000000000000000000000000000000
0000000000000000000000000000000000001111111111000000000000000000000000000000000000
0000000000000000000000000000000000111100000011110000000000000000000000000000000000
0000000000000000000000000000000011100000000000011100000000000000000000000000000000
0000000000000000000000000000000110000000000000001110000000000000000000000000000000
0000000000000000000000000000001100000000000000000110000000000000000000000000000000
0000000000000000000000000000011000000000000000001100000000000000000000000000000000
0000000000000000000000000000110000000000000000011000000000000000000000000000000000
0000000000000000000000000000110000000000000000110000000000000000000000000000000000
0000000000000000000000000001100000000000000001100000000000000000000000000000000000
0000000000000000000000000001100000000000000011000000000000000000000000000000000000
0000000000000000000000000001000000000000000110000000000000000000000000000000000000
0000000000000000000000000001000000000000001100000000000000000000000000000000000000
0000000000000000000000000011000000000000011000000000000000000000000000000000000000
0000000000000000000000000011000000000000110000000000000000000000000000000000000000
0000000000000000000000000011000000000000110000000000000000000000000000000000000000
0000000000000000000000000011000000000000011000000000000000000000000000000000000000
0000000000000000000000000001000000000000001100000000000000000000000000000000000000
0000000000000000000000000001000000000000000110000000000000000000000000000000000000
0000000000000000000000000001100000000000000011000000000000000000000000000000000000
0000000000000000000000000001100000000000000001100000000000000000000000000000000000
0000000000000000000000000000110000000000000000110000000000000000000000000000000000
0000000000000000000000000000110000000000000000011000000000000000000000000000000000
0000000000000000000000000000011000000000000000001100000000000000000000000000000000
0000000000000000000000000000001100000000000000000110000000000000000000000000000000
0000000000000000000000000000000110000000000000001110000000000000000000000000000000
0000000000000000000000000000000011100000000000011100000000000000000000000000000000
0000000000000000000000000000000000111100000011110000000000000000000000000000000000
0000000000000000000000000000000000001111111111000000000000000000000000000000000000
0000000000000000000000000000000000000000000000000000000000000000000000000000000000
0000000000000000000000000000000000000000000000000000000000000000000000000000000000
0000000000000000000000000000000000000000000000000000000000000000000000000000000000
0000000000000000000000000000000000000000000000000000000000000000000000000000000000
0000000000000000000000000000000000000000000000000000000000000000000000000000000000
0000000000000000000000000000000000000000000000000000000000000000000000000000000000
0000000000000000000000000000000000000000000000000000000000000000000000000000000000
0000000000000000000000000000000000000000000000000000000000000000000000000000000000
0000000000000000000000000000000000000000000000000000000000000000000000000000000000
0000000000000000000000000000000000000000000000000000000000000000000000000000000000
0000000000000000000000000000000000000000000000000000000000000000000000000000000000
0000000000000000000000000000000000000000000000000000000000000000000000000000000000
0000000000000000000000000000000000000000000000000000000000000000000000000000000000
0000000000000000000000000000000000000001111000000000000000000000000000000000000000
0000000000000000000000000000000000011111111111000000000000000000000000000000000000
0000000000000000000000000000000001111000000001110000000000000000000000000000000000
0000000000000000000000000000000011100000000000011100000000000000000000000000000000
0000000000000000000000000000000110000000000000000110000000000000000000000000000000
0000000000000000000000000000000110000000000000000011000000000000000000000000000000
0000000000000000000000000000000111000000000000000001100000000000000000000000000000
0000000000000000000000000000000011100000000000000000100000000000000000000000000000
0000000000000000000000000000000001110000000000000000110000000000000000000000000000
0000000000000000000000000000000000111000000000000000010000000000000000000000000000
0000000000000000000000000000000000011100000000000000011000000000000000000000000000
0000000000000000000000000000000000001110000000000000011000000000000000000000000000
0000000000000000000000000000000000000111000000000000001000000000000000000000000000
0000000000000000000000000000000000000011100000000000001000000000000000000000000000
0000000000000000000000000000000000000001100000000000001000000000000000000000000000
0000000000000000000000000000000000000001100000000000001000000000000000000000000000
0000000000000000000000000000000000000011000000000000001000000000000000000000000000
0000000000000000000000000000000000000110000000000000001000000000000000000000000000
0000000000000000000000000000000000001100000000000000011000000000000000000000000000
0000000000000000000000000000000000011000000000000000011000000000000000000000000000
0000000000000000000000000000000000110000000000000000010000000000000000000000000000
0000000000000000000000000000000001100000000000000000110000000000000000000000000000
0000000000000000000000000000000011000000000000000001100000000000000000000000000000
0000000000000000000000000000000110000000000000000001100000000000000000000000000000
0000000000000000000000000000001110000000000000000011000000000000000000000000000000
0000000000000000000000000000000110000000000000001110000000000000000000000000000000
0000000000000000000000000000000011100000000000011100000000000000000000000000000000
0000000000000000000000000000000000111100000011110000000000000000000000000000000000
0000000000000000000000000000000000001111111111000000000000000000000000000000000000
0000000000000000000000000000000000000000000000000000000000000000000000000000000000
0000000000000000000000000000000000000000000000000000000000000000000000000000000000
0000000000000000000000000000000000000000000000000000000000000000000000000000000000
0000000000000000000000000000000000000000000000000000000000000000000000000000000000
0000000000000000000000000000000000000000000000000000000000000000000000000000000000
0000000000000000000000000000000000000000000000000000000000000000000000000000000000

0000000000000000000000000000000000000000000000000000000000000000000000000000000000
0000000000000000000000000000000000000000000000000000000000000000000000000000000000
0000000000000000000000000000000000000000000000000000000000000000000000000000000000
0000000000000000000000000000000000000000000000000000000000000000000000000000000000
0000000000000000000000000000000000000000000000000000000000000000000000000000000000
0000000000000000000000000000000000000000000000000000000000000000000000000000000000
0000000000000000000000000000000000001111111111000000000000000000000000000000000000
0000000000000000000000000000000000111100000011110000000000000000000000000000000000
0000000000000000000000000000000011100000000000011100000000000000000000000000000000
0000000000000000000000000000000110000000000000000110000000000000000000000000000000
0000000000000000000000000000001100000000000000000110000000000000000000000000000000
0000000000000000000000000000011000000000000000001100000000000000000000000000000000
0000000000000000000000000000010000000000000000011100000000000000000000000000000000
0000000000000000000000000000110000000000000000110000000000000000000000000000000000
0000000000000000000000000000100000000000000001100000000000000000000000000000000000
0000000000000000000000000001100000000000000011000000000000000000000000000000000000
0000000000000000000000000001000000000000000110000000000000000000000000000000000000
0000000000000000000000000001000000000000001100000000000000000000000000000000000000
0000000000000000000000000011000000000000011000000000000000000000000000000000000000
0000000000000000000000000011000000000000110000000000000000000000000000000000000000
0000000000000000000000000011000000000000110000000000000000000000000000000000000000
0000000000000000000000000011000000000000011000000000000000000000000000000000000000
0000000000000000000000000001000000000000001100000000000000000000000000000000000000
0000000000000000000000000001000000000000000110000000000000000000000000000000000000
0000000000000000000000000001100000000000000011000000000000000000000000000000000000
0000000000000000000000000000100000000000000001100000000000000000000000000000000000
0000000000000000000000000000110000000000000000110000000000000000000000000000000000
0000000000000000000000000000010000000000000000011100000000000000000000000000000000
0000000000000000000000000000011000000000000000001100000000000000000000000000000000
0000000000000000000000000000001100000000000000000110000000000000000000000000000000
0000000000000000000000000000000110000000000000000110000000000000000000000000000000
0000000000000000000000000000000011100000000000011100000000000000000000000000000000
0000000000000000000000000000000000111100000011110000000000000000000000000000000000
0000000000000000000000000000000000001111111111000000000000000000000000000000000000
0000000000000000000000000000000000000000000000000000000000000000000000000000000000
0000000000000000000000000000000000000000000000000000000000000000000000000000000000
0000000000000000000000000000000000000000000000000000000000000000000000000000000000
0000000000000000000000000000000000000000000000000000000000000000000000000000000000
0000000000000000000000000000000000000000000000000000000000000000000000000000000000
0000000000000000000000000000000000000000000000000000000000000000000000000000000000
0000000000000000000000000000000000000000000000000000000000000000000000000000000000
0000000000000000000000000000000000000000000000000000000000000000000000000000000000
0000000000000000000000000000000000000000000000000000000000000000000000000000000000
0000000000000000000000000000000000000000000000000000000000000000000000000000000000
0000000000000000000000000000000000000000000000000000000000000000000000000000000000
0000000000000000000000000000000000000000000000000000000000000000000000000000000000
0000000000000000000000000000000000000000000000000000000000000000000000000000000000
0000000000000000000000000000000000000001111000000000000000000000000000000000000000
0000000000000000000000000000000000011111111111000000000000000000000000000000000000
0000000000000000000000000000000001111000000001110000000000000000000000000000000000
0000000000000000000000000000000011100000000000011100000000000000000000000000000000
0000000000000000000000000000000110000000000000000110000000000000000000000000000000
0000000000000000000000000000001100000000000000000110000000000000000000000000000000
0000000000000000000000000000011000000000000000001100000000000000000000000000000000
0000000000000000000000000000110000000000000000011000000000000000000000000000000000
0000000000000000000000000000110000000000000000110000000000000000000000000000000000
0000000000000000000000000001100000000000000001100000000000000000000000000000000000
0000000000000000000000000001100000000000000011000000000000000000000000000000000000
0000000000000000000000000001000000000000000110000000000000000000000000000000000000
0000000000000000000000000001000000000000001100000000000000000000000000000000000000
0000000000000000000000000011000000000000011000000000000000000000000000000000000000
0000000000000000000000000011000000000000110000000000000000000000000000000000000000
0000000000000000000000000011000000000000111000000000000000000000000000000000000000
0000000000000000000000000011000000000000011100000000000000000000000000000000000000
0000000000000000000000000001000000000000001110000000000000000000000000000000000000
0000000000000000000000000001000000000000000111000000000000000000000000000000000000
0000000000000000000000000001100000000000000011100000000000000000000000000000000000
0000000000000000000000000000100000000000000001110000000000000000000000000000000000
0000000000000000000000000000110000000000000000111000000000000000000000000000000000
0000000000000000000000000000010000000000000000011100000000000000000000000000000000
0000000000000000000000000000011000000000000000001110000000000000000000000000000000
0000000000000000000000000000001100000000000000000110000000000000000000000000000000
0000000000000000000000000000000110000000000000001110000000000000000000000000000000
0000000000000000000000000000000011100000000000011100000000000000000000000000000000
0000000000000000000000000000000000111100000011110000000000000000000000000000000000
0000000000000000000000000000000000001111111111000000000000000000000000000000000000
0000000000000000000000000000000000000000000000000000000000000000000000000000000000
0000000000000000000000000000000000000000000000000000000000000000000000000000000000
0000000000000000000000000000000000000000000000000000000000000000000000000000000000
0000000000000000000000000000000000000000000000000000000000000000000000000000000000
0000000000000000000000000000000000000000000000000000000000000000000000000000000000
0000000000000000000000000000000000000000000000000000000000000000000000000000000000

0000000000000000000000000000000000000000000000000000000000000000000000000000000000
0000000000000000000000000000000000000000000000000000000000000000000000000000000000
0000000000000000000000000000000000000000000000000000000000000000000000000000000000
0000000000000000000000000000000000000000000000000000000000000000000000000000000000
0000000000000000000000000000000000000000000000000000000000000000000000000000000000
0000000000000000000000000000000000000000000000000000000000000000000000000000000000
0000000000000000000000000000000000001111111111000000000000000000000000000000000000
0000000000000000000000000000000000111100000011110000000000000000000000000000000000
0000000000000000000000000000000011100000000000011100000000000000000000000000000000
0000000000000000000000000000000110000000000000000110000000000000000000000000000000
0000000000000000000000000000000110000000000000000011000000000000000000000000000000
0000000000000000000000000000000111000000000000000001100000000000000000000000000000
0000000000000000000000000000000011100000000000000000100000000000000000000000000000
0000000000000000000000000000000001110000000000000000110000000000000000000000000000
0000000000000000000000000000000000111000000000000000010000000000000000000000000000
0000000000000000000000000000000000011100000000000000011000000000000000000000000000
0000000000000000000000000000000000001110000000000000011000000000000000000000000000
0000000000000000000000000000000000000111000000000000001000000000000000000000000000
0000000000000000000000000000000000000011100000000000001000000000000000000000000000
0000000000000000000000000000000000000001100000000000001000000000000000000000000000
0000000000000000000000000000000000000001100000000000001000000000000000000000000000
0000000000000000000000000000000000000011100000000000001000000000000000000000000000
0000000000000000000000000000000000000111000000000000001000000000000000000000000000
0000000000000000000000000000000000001110000000000000011000000000000000000000000000
0000000000000000000000000000000000011100000000000000011000000000000000000000000000
0000000000000000000000000000000000111000000000000000010000000000000000000000000000
0000000000000000000000000000000001110000000000000000110000000000000000000000000000
0000000000000000000000000000000011100000000000000000100000000000000000000000000000
0000000000000000000000000000000111000000000000000001100000000000000000000000000000
0000000000000000000000000000000110000000000000000011000000000000000000000000000000
0000000000000000000000000000000110000000000000000110000000000000000000000000000000
0000000000000000000000000000000011100000000000011100000000000000000000000000000000
0000000000000000000000000000000000111100000011110000000000000000000000000000000000
0000000000000000000000000000000000001111111111000000000000000000000000000000000000
0000000000000000000000000000000000000000000000000000000000000000000000000000000000
0000000000000000000000000000000000000000000000000000000000000000000000000000000000
0000000000000000000000000000000000000000000000000000000000000000000000000000000000
0000000000000000000000000000000000000000000000000000000000000000000000000000000000
0000000000000000000000000000000000000000000000000000000000000000000000000000000000
0000000000000000000000000000000000000000000000000000000000000000000000000000000000
0000000000000000000000000000000000000000000000000000000000000000000000000000000000
0000000000000000000000000000000000000000000000000000000000000000000000000000000000
0000000000000000000000000000000000000000000000000000000000000000000000000000000000
0000000000000000000000000000000000000000000000000000000000000000000000000000000000
0000000000000000000000000000000000000000000000000000000000000000000000000000000000
0000000000000000000000000000000000000000000000000000000000000000000000000000000000
0000000000000000000000000000000000000000000000000000000000000000000000000000000000
0000000000000000000000000000000000000001111000000000000000000000000000000000000000
0000000000000000000000000000000000011111111111000000000000000000000000000000000000
0000000000000000000000000000000000111000000001110000000000000000000000000000000000
0000000000000000000000000000000011100000000000011100000000000000000000000000000000
0000000000000000000000000000000110000000000000000110000000000000000000000000000000
0000000000000000000000000000000110000000000000000011000000000000000000000000000000
0000000000000000000000000000000111000000000000000001100000000000000000000000000000
0000000000000000000000000000000011100000000000000000100000000000000000000000000000
0000000000000000000000000000000001110000000000000000110000000000000000000000000000
0000000000000000000000000000000000111000000000000000010000000000000000000000000000
0000000000000000000000000000000000011100000000000000011000000000000000000000000000
0000000000000000000000000000000000001110000000000000011000000000000000000000000000
0000000000000000000000000000000000000111000000000000001000000000000000000000000000
0000000000000000000000000000000000000011100000000000001000000000000000000000000000
0000000000000000000000000000000000000000110000000000001000000000000000000000000000
0000000000000000000000000000000000000001100000000000001000000000000000000000000000
0000000000000000000000000000000000000011000000000000001000000000000000000000000000
0000000000000000000000000000000000000110000000000000001000000000000000000000000000
0000000000000000000000000000000000001100000000000000011000000000000000000000000000
0000000000000000000000000000000000011000000000000000011000000000000000000000000000
0000000000000000000000000000000000110000000000000000010000000000000000000000000000
0000000000000000000000000000000001100000000000000000110000000000000000000000000000
0000000000000000000000000000000011000000000000000001100000000000000000000000000000
0000000000000000000000000000000110000000000000000001100000000000000000000000000000
0000000000000000000000000000000110000000000000000011000000000000000000000000000000
0000000000000000000000000000000111000000000000001110000000000000000000000000000000
0000000000000000000000000000000011100000000000011100000000000000000000000000000000
0000000000000000000000000000000000111100000011110000000000000000000000000000000000
0000000000000000000000000000000000001111111111000000000000000000000000000000000000
0000000000000000000000000000000000000000000000000000000000000000000000000000000000
0000000000000000000000000000000000000000000000000000000000000000000000000000000000
0000000000000000000000000000000000000000000000000000000000000000000000000000000000
0000000000000000000000000000000000000000000000000000000000000000000000000000000000
0000000000000000000000000000000000000000000000000000000000000000000000000000000000
0000000000000000000000000000000000000000000000000000000000000000000000000000000000

0000000000000000000000000000000000000000000000000000000000000000000000000000000000
0000000000000000000000000000000000000000000000000000000000000000000000000000000000
0000000000000000000000000000000000000000000000000000000000000000000000000000000000
0000000000000000000000000000000000000000000000000000000000000000000000000000000000
0000000000000000000000000000000000000000000000000000000000000000000000000000000000
0000000000000000000000000000000000000000000000000000000000000000000000000000000000
0000000000000000000000000000000000001111111111000000000000000000000000000000000000
0000000000000000000000000000000000111100000011110000000000000000000000000000000000
0000000000000000000000000000000011100000000000011100000000000000000000000000000000
0000000000000000000000000000000110000000000000000110000000000000000000000000000000
0000000000000000000000000000000110000000000000000011000000000000000000000000000000
0000000000000000000000000000000111000000000000000001100000000000000000000000000000
0000000000000000000000000000000011100000000000000000100000000000000000000000000000
0000000000000000000000000000000001110000000000000000110000000000000000000000000000
0000000000000000000000000000000000111000000000000000010000000000000000000000000000
0000000000000000000000000000000000011100000000000000011000000000000000000000000000
0000000000000000000000000000000000001110000000000000001000000000000000000000000000
0000000000000000000000000000000000000111000000000000001000000000000000000000000000
0000000000000000000000000000000000000011100000000000001000000000000000000000000000
0000000000000000000000000000000000000001110000000000001100000000000000000000000000
0000000000000000000000000000000000000001110000000000001100000000000000000000000000
0000000000000000000000000000000000000011100000000000001000000000000000000000000000
0000000000000000000000000000000000000111000000000000001000000000000000000000000000
0000000000000000000000000000000000001110000000000000001000000000000000000000000000
0000000000000000000000000000000000011100000000000000011000000000000000000000000000
0000000000000000000000000000000000111000000000000000010000000000000000000000000000
0000000000000000000000000000000001110000000000000000110000000000000000000000000000
0000000000000000000000000000000011100000000000000000100000000000000000000000000000
0000000000000000000000000000000111000000000000000001100000000000000000000000000000
0000000000000000000000000000000110000000000000000011000000000000000000000000000000
0000000000000000000000000000000110000000000000000110000000000000000000000000000000
0000000000000000000000000000000011100000000000011100000000000000000000000000000000
0000000000000000000000000000000000111100000011110000000000000000000000000000000000
0000000000000000000000000000000000001111111111000000000000000000000000000000000000
0000000000000000000000000000000000000000000000000000000000000000000000000000000000
0000000000000000000000000000000000000000000000000000000000000000000000000000000000
0000000000000000000000000000000000000000000000000000000000000000000000000000000000
0000000000000000000000000000000000000000000000000000000000000000000000000000000000
0000000000000000000000000000000000000000000000000000000000000000000000000000000000
0000000000000000000000000000000000000000000000000000000000000000000000000000000000
0000000000000000000000000000000000000000000000000000000000000000000000000000000000
0000000000000000000000000000000000000000000000000000000000000000000000000000000000
0000000000000000000000000000000000000000000000000000000000000000000000000000000000
0000000000000000000000000000000000000000000000000000000000000000000000000000000000
0000000000000000000000000000000000000000000000000000000000000000000000000000000000
0000000000000000000000000000000000000000000000000000000000000000000000000000000000
0000000000000000000000000000000000000000000000000000000000000000000000000000000000
0000000000000000000000000000000000000001111000000000000000000000000000000000000000
0000000000000000000000000000000000001111111111100000000000000000000000000000000000
0000000000000000000000000000000000111000000001110000000000000000000000000000000000
0000000000000000000000000000000011100000000000011100000000000000000000000000000000
0000000000000000000000000000000110000000000000000110000000000000000000000000000000
0000000000000000000000000000001100000000000000000110000000000000000000000000000000
0000000000000000000000000000011000000000000000001100000000000000000000000000000000
0000000000000000000000000000010000000000000000011000000000000000000000000000000000
0000000000000000000000000000110000000000000000110000000000000000000000000000000000
0000000000000000000000000000100000000000000001100000000000000000000000000000000000
0000000000000000000000000001100000000000000011000000000000000000000000000000000000
0000000000000000000000000001100000000000000110000000000000000000000000000000000000
0000000000000000000000000001000000000000001100000000000000000000000000000000000000
0000000000000000000000000001000000000000011000000000000000000000000000000000000000
0000000000000000000000000001000000000000110000000000000000000000000000000000000000
0000000000000000000000000001000000000000011000000000000000000000000000000000000000
0000000000000000000000000001000000000000001100000000000000000000000000000000000000
0000000000000000000000000001000000000000000110000000000000000000000000000000000000
0000000000000000000000000001100000000000000011000000000000000000000000000000000000
0000000000000000000000000001100000000000000001100000000000000000000000000000000000
0000000000000000000000000000100000000000000000110000000000000000000000000000000000
0000000000000000000000000000110000000000000000011000000000000000000000000000000000
0000000000000000000000000000011000000000000000001100000000000000000000000000000000
0000000000000000000000000000011000000000000000000110000000000000000000000000000000
0000000000000000000000000000001100000000000000000110000000000000000000000000000000
0000000000000000000000000000000111000000000000001110000000000000000000000000000000
0000000000000000000000000000000011100000000000011100000000000000000000000000000000
0000000000000000000000000000000000111100000011110000000000000000000000000000000000
0000000000000000000000000000000000001111111111000000000000000000000000000000000000
0000000000000000000000000000000000000000000000000000000000000000000000000000000000
0000000000000000000000000000000000000000000000000000000000000000000000000000000000
0000000000000000000000000000000000000000000000000000000000000000000000000000000000
0000000000000000000000000000000000000000000000000000000000000000000000000000000000
0000000000000000000000000000000000000000000000000000000000000000000000000000000000
0000000000000000000000000000000000000000000000000000000000000000000000000000000000

== SDRs ==
00000000010000011000000000000100
00100000010000000000000000000010
00100000000001000000010010100000
00010000101000000000000000000010
00001010001100000000010000000000
00000000000000000000000100010011
01000000000000100000110010100000
00000000001001000000000100000000
01000000001001000000010000000000
10010000001000000000000001000000
10001000000100101001000000000010
00000001000000000000000100000000
01000010100000010000000000000000
00100100000001100001000000100001
00001000000001000000000000001000
00000101010000000000000000000010
00000000000000110100000000100110
00000001010000000000100001000100
00000001000000000000001001000001
00110100001000100000000000110000
00000000000000000000000000010000
00000000000000000000000100010000
10000000000010100110000010101000
00000000000000000000000000000000
01000001000000000000000010100000
01000000000000000100100000001000
10000000000000011000000000001001
00000010000001001000000000000000
00000000000000010000000000000100
10000010000000010000110001000000
00000000000100000000000100100010
00000000000000010010000000000000

00100000000000010010001000001010
01000101000001010000000010000000
00000000000101000000001000000000
10100100000000101001000000000001
00000000000001000000001000000000
00000110000100000010001010000000
00010100000000101000100000000000
01001000000000111000100000100000
00000000001000000000100000000000
00000000000000001010000000000000
00000000000000000000000000010000
00000110100000000001000100000000
10000000000000000010001000000000
10100011010000000101001000000100
00010000101100001001001100000010
00000100010000000000100000000100
00010100000100000000000000010001
00001000000100000000000001011000
00000000100100010000100100000100
00000010000010000000000100010000
00100010000001000000010000000000
00000000000101000011000001011001
00010000000101000000100110000000
00000000000000000000000001010000
01010000000000100010010000001000
01000010000001000000000001000001
01001000000010001010000011100010
01000100110000000000000000100000
11000000010000010101010000000000
00000000000000000000000000000000
01010000010000010000000000000100
00000100010010000000010000000000

00000100100000011000001000000100
10100000000010000000000000000011
00000000000010000000010100100000
00000000101000000000001000000010
00001000000001000000000000000000
00000000110110000000000100000011
01010000001000100000110000000000
00000001010000100000000010000001
00000000000001000000000000100000
00010000001000000010000000000000
00000010010010101000100000000000
00000010000000000000000010000000
00000000110000000000000000000000
00100100000001000000000001100001
00000000100011010000100001101001
00001001010000100000000000000010
00000000000000000010000000001010
00000000010000010000000010000100
00010100000100000000100010000010
00000000001000000000000000000000
00000000000000000000100000010000
00000000101000000000000000000000
00000000000000111011000000000000
00010000010000010000000000001000
00000000010000100000000100000000
11000000000000000100000010000000
00001010010001001000000000000000
00000000100001000000101000000000
00000000000100000000000000000000
00000000001000010000000000000000
01000000000000000001000101110000
00001000100000000000000000000000

01000000010000000000001000000010
01100100100001000000000000000000
00000000000001000000001000000000
10000100001000100000000000000001
00000000000001000100001000000000
00000000000000000010000010000000
00000100000000111000000010000001
00000000010000110000110000000000
10000000001000000000100100000011
10001000001000000000000100000000
00000000100000000010000000000001
00100010000000100001010000000000
10000000000000010010001000000000
00000000011000000010000000011000
00000000000000000001000000000000
00000100010100000001100001110100
00000101000100001000000000000001
00111000000000010001000000011000
00000001000000000010100000000110
10000100000000000100000010000010
00010110100100100000001010000000
01001000000101000000000000100000
00000000001000000000000000100000
10001000000000000000001000000000
00000000000100010010000000000000
01000000000101010100000000000001
01010000000011010010000100110010
00010000000000000000000000100000
00001010010000000100010001000000
00000000000000000001001000000000
01000010100000100000100000100000
00000100000000000000010010100100

00000000010000000000000000000000
00100100110000110000000000000000
00000000010001100000001000100100
10000010000001100000000100000000
00100000000001000110001000000010
00000000000000000010000010100000
00001000010000101100000010000000
00000000000000010000100000000000
10000000001000000000100100000001
10001001001000001010000000000000
10001000000000100000000000000001
00000100001000101001010000000000
00000010000000010010001000000000
00000000010000000000000000010100
00000000001000000001000000010000
00000000001111000100100000010100
00010000000100001000000000000001
00100001000000010001000000010000
00000000100000000000100000000110
01000010000000000000000000000000
00011110100100000100001110000000
00000000000101000001010000001000
00000000000000000000000000000000
10101100000000000001001000000000
00010000000000010000000000000000
01000010000000110000000000000001
01011000000010000011001100100010
01010100000000000000000000100000
00000010010000010100000000000000
00100000000101000001000000000000
01000010100000000000000000000001
00000000100010010000110000100100

00100000000000010010001000001000
01100101100001000000000010000000
00000000010101000000001000000000
10100100010001101001000000000001
00000000000001000000001000000000
00000110000000000010000010010000
00000100000000101000000000000000
00101000000000010000100000100010
00000000001000000000100000000000
10000000000000001000000000000000
00000000000000100000000000010000
10000110100000000001010100000000
10000000000000000010000000000000
00100011010000000111000000010100
00010100101100001001001110010010
00000100010000001000000000000100
00010100000100001000000000010000
00001001000100000000000001010000
10000001100100010000100100000000
00000010000010000100000000000000
00101010000100000000011000000000
00010000100101000011000001010001
00010000000001000000100110000000
10000100000000000000000000010000
00010000000000100010010000001000
01000010000001010001000001000001
01000000000010001010000001100010
10000110010000000000001000100000
01000000110000010101010000000000
00000000000001000000001000000000
00000010000000000010000000000100
00000100010010000000110010000000

00100100000000010010001000000000
01000100000001010000010000000000
00000000010000000000000000000100
10100010000001100000000100000000
00000000000000000100001000000000
00000000010000000010000000100000
10000100001000001000000000100000
00000000000000010000000000100010
10000000001000000000000000000100
10000000000000000010000100000000
10000000100000100010000000000001
10000100101000000001000000010000
00100000000000010010101000000000
00100010010100000000000000010000
00010000001100001001000000011010
00000100010101001000100011010000
00010000000001000000000000000001
01001000000100000000000001010000
00000000100000000000100000000000
11000100000010000100000000000000
00000110000000100000001100000010
00011000000101001001000000010000
00000000000101000000000100000000
10000100000000000000000000000000
10010000100000010000010000000010
01100011010000010000000000000001
00000000000010010010010000100010
01000001000000000001001000100000
01000010110000000000000000000000
00000000000000000001001000000000
00000000100000010010000000000000
00000100010010000000010000100000

01000000010000000000110000101010
00100000100000000000000010000000
00000000010000000000000000100000
00100100101001101000000000000001
00000000000001000000000000000000
00000100000000000010100011000000
00000000000000101000000010100001
00101000000000000000000010000000
00000101100000000000000000000001
10000000000000001000000000000000
00000000000000100000000001000000
10100100101100000001010100000000
00000000000000000011000000000000
00000010010000000000000000000100
00100010000000000000000110000000
10000000011010001000000001000100
00000000000101001000000100000000
00000101000000011000000001000000
00000000000000000000000100000001
00000010000000000110000000000000
00101100100100000000011000000000
10000000100100000000000001010000
00010000001000000000000110000000
10001000000000001001001000001000
01000000000000110000000000000000
01100010010001000000000001000101
01000000000010000000000101110000
01000110000000000000000000100000
00000000110000100101010000000000
00000000000001000000000100010000
00000010100000100000000000010100
00000101000010010000000010001100

01000000010000000010110000000000
00000000000001000000000010000000
00000000010000000000000000100100
00100010100001100000000100000000
00000000000000000100000100000000
00000001010000000010000001100000
10000000001000101000010010101000
00100000110000000000000010000000
10000101100000000000000000000100
10000000000000001000000100000100
10000000000000100000000000000000
10100100001000000001010000010000
00100000000000010000101000000000
00100010010000000000000000010000
00100010000000100000000000001000
10000100011010000000100011010100
00010000000001000000000100000000
01000000000000001000000001010000
00000000000000000000000000000001
00000100010000000110000000000000
00000100100000000000001100000000
11001000000100000000000000110000
00010000001100000000000000000000
11001000000001001001001000001000
10000000100000010000000000000000
00100011010000000000000000000101
00000000000010010000000101100010
01000101000000000000000000100000
00000010110000000000000000000000
00000000000000000001000100010000
00000000100000110000000000010100
00000100000011000000000000100100

