== Attributes ==
title=2x1 Challenge Problem 02
type= 2x1
result=4
window_size=(82, 82)

== Input ==
0000000000000000000000000000000000000000000000000000000000000000000000000000000000
0000000000000000000000000000000000000000000000000000000000000000000000000000000000
0000000000000000000000000000000000000000000000000000000000000000000000000000000000
0000000000000000000000000000000000000000000000000000000000000000000000000000000000
0000000000000000000000000000000000000000000000000000000000000000000000000000000000
0000000000000000000000000000000000000000000000000000000000000000000000000000000000
0000000000000000000000000000000000000000000000000000000000000000000000000000000000
0000000000000000000000000000000000000000000000000000000000000000000000000000000000
0000000000000000000000000000000000000000000000000000000000000000000000000000000000
0000000000000000000000000000000000000000000000000000000000000000000000000000000000
0000000000000000000000000000000000000000000000000000000000000000000000000000000000
0000000000000000000000000000000000000000000000000000000000000000000000000000000000
0000000000000000000000000000000000000000000000000000000000000000000000000000000000
0000000000000000000000000000000000000000000000000000000000000000000000000000000000
0000000000000000000000000000000000000000000000000000000000000000000000000000000000
0000000000000000000000000000000000000000000000000000000000000000000000000000000000
0000000000000000000000000000000000000000000000000000000000000000000000000000000000
0000000000000000000000000000000000000000000000000000000000000000000000000000000000
0000000000000000000000000000000000000000000000000000000000000000000000000000000000
0000000000000000000000000000000000000000000000000000000000000000000000000000000000
0000000000000000000000000000000000000000000000000000000000000000000000000000000000
0000000000000000000000000000000000000000000000000000000000000000000000000000000000
0000000000000000000000000000000000000000000000000000000000000000000000000000000000
0000000000000000000000000000000000000000000000000000000000000000000000000000000000
0000000000000000000000000000000000000000000000000000000000000000000000000000000000
0000000000000000000000000000000000000000000000000000000000000000000000000000000000
0000000000000000000000000000000000000000000000000000000000000000000000000000000000
0000000000000001111111110000000000000000000000000000000001111111110000000000000000
0000000000000111100000111110000000000000000000000000000111110000111100000000000000
0000000000011100000000000111000000000000000000000000011100000000000111000000000000
0000000000110000000000000001100000000000000000000000110000000000000001100000000000
0000000001100000000000000000110000000000000000000001100000000000000000110000000000
0000000000110000000000000000011000000000000000000011000000000000000000011000000000
0000000000011000000000000000001100000000000000000110000000000000000000001100000000
0000000000001100000000000000000100000000000000000110000000000000000000000100000000
0000000000000110000000000000000110000000000000001100000000000000000000000110000000
0000000000000011000000000000000010000000000000001100000000000000000000000010000000
0000000000000001100000000000000011000000000000001000000000000000000000000011000000
0000000000000000110000000000000011000000000000011000000000000000000000000011000000
0000000000000000011000000000000001000000000000011000000000000000000000000011000000
0000000000000000001100000000000001000000000000011000000000000000000000000001000000
0000000000000000001100000000000001000000000000011000000000001110000000000001000000
0000000000000000011000000000000001000000000000011000000000011111000000000001000000
0000000000000000110000000000000011000000000000011000000000110001100000000011000000
0000000000000001100000000000000011000000000000011000000001100000110000000011000000
0000000000000011000000000000000011000000000000001000000011000000011000000010000000
0000000000000110000000000000000010000000000000001100000110000000001100000110000000
0000000000001100000000000000000110000000000000000100001100000000000110000110000000
0000000000011000000000000000001100000000000000000110011000000000000011001100000000
0000000000110000000000000000001100000000000000000011110000000000000001101100000000
0000000001100000000000000000011000000000000000000011100000000000000000111000000000
0000000001110000000000000000110000000000000000000001000000000000000000010000000000
0000000000011000000000000011100000000000000000000000000000000000000000000000000000
0000000000001110000000001110000000000000000000000000000000000000000000000000000000
0000000000000011111111111100000000000000000000000000000000000000000000000000000000
0000000000000000011111000000000000000000000000000000000000000000000000000000000000
0000000000000000000000000000000000000000000000000000000000000000000000000000000000
0000000000000000000000000000000000000000000000000000000000000000000000000000000000
0000000000000000000000000000000000000000000000000000000000000000000000000000000000
0000000000000000000000000000000000000000000000000000000000000000000000000000000000
0000000000000000000000000000000000000000000000000000000000000000000000000000000000
0000000000000000000000000000000000000000000000000000000000000000000000000000000000
0000000000000000000000000000000000000000000000000000000000000000000000000000000000
0000000000000000000000000000000000000000000000000000000000000000000000000000000000
0000000000000000000000000000000000000000000000000000000000000000000000000000000000
0000000000000000000000000000000000000000000000000000000000000000000000000000000000
0000000000000000000000000000000000000000000000000000000000000000000000000000000000
0000000000000000000000000000000000000000000000000000000000000000000000000000000000
0000000000000000000000000000000000000000000000000000000000000000000000000000000000
0000000000000000000000000000000000000000000000000000000000000000000000000000000000
0000000000000000000000000000000000000000000000000000000000000000000000000000000000
0000000000000000000000000000000000000000000000000000000000000000000000000000000000
0000000000000000000000000000000000000000000000000000000000000000000000000000000000
0000000000000000000000000000000000000000000000000000000000000000000000000000000000
0000000000000000000000000000000000000000000000000000000000000000000000000000000000
0000000000000000000000000000000000000000000000000000000000000000000000000000000000
0000000000000000000000000000000000000000000000000000000000000000000000000000000000
0000000000000000000000000000000000000000000000000000000000000000000000000000000000
0000000000000000000000000000000000000000000000000000000000000000000000000000000000
0000000000000000000000000000000000000000000000000000000000000000000000000000000000
0000000000000000000000000000000000000000000000000000000000000000000000000000000000
0000000000000000000000000000000000000000000000000000000000000000000000000000000000

0000000000000000000000000000000000000000000000000000000000000000000000000000000000
0000000000000000000000000000000000000000000000000000000000000000000000000000000000
0000000000000000000000000000000000000000000000000000000000000000000000000000000000
0000000000000000000000000000000000000000000000000000000000000000000000000000000000
0000000000000000000000000000000000000000000000000000000000000000000000000000000000
0000000000000000000000000000000000000000000000000000000000000000000000000000000000
0000000000000000000000000000000000000000000000000000000000000000000000000000000000
0000000000000000000000000000000000000000000000000000000000000000000000000000000000
0000000000000000000000000000000000000000000000000000000000000000000000000000000000
0000000000000000000000000000000000000000000000000000000000000000000000000000000000
0000000000000000000000000000000000000000000000000000000000000000000000000000000000
0000000000000000000000000000000000000000000000000000000000000000000000000000000000
0000000000000000000000000000000000000000000000000000000000000000000000000000000000
0000000000000000000000000000000000000000000000000000000000000000000000000000000000
0000000000000000000000000000000000000000000000000000000000000000000000000000000000
0000000000000000000000000000000000000000000000000000000000000000000000000000000000
0000000000000000000000000000000000000000000000000000000000000000000000000000000000
0000000000000000000000000000000000000000000000000000000000000000000000000000000000
0000000000000000000000000000000000000000000000000000000000000000000000000000000000
0000000000000000000000000000000000000000000000000000000000000000000000000000000000
0000000000000000000000000000000000000000000000000000000000000000000000000000000000
0000000000000000000000000000000000000000000000000000000000000000000000000000000000
0000000000000000000000000000000000000000000000000000000000000000000000000000000000
0000000000000000000000000000000000000000000000000000000000000000000000000000000000
0000000000000000000000000000000000000000000000000000000000000000000000000000000000
0000000000000000000000000000000000000000000000000000000000000000000000000000000000
0000000000000000000000000000000000000000000000000000000000000000000000000000000000
0000000000000000000000000000000000000000000000000000000000000000000000000000000000
0000000000000000000000000000000000000000000000000000000000000000000000000000000000
0000000000000000000000000000000000000000000000000000000000000000000000000000000000
0000000000000000000000000000000000000000000000000000000000000000000000000000000000
0000000000000000000000000000001100000000000000000011000000000000000000000000000000
0000000000000000000000000000001110000000000000000111100000000000000000000000000000
0000000000000000000000000000011011000000000000001100100000000000000000000000000000
0000000000000000000000000000110001100000000000011000110000000000000000000000000000
0000000000000000000000000000100000110000000000110000010000000000000000000000000000
0000000000000000000000000001100000011000000001100000011000000000000000000000000000
0000000000000000000000000001100000001100000011000000001000000000000000000000000000
0000000000000000000000000001000000000110000110000000001000000000000000000000000000
0000000000000000000000000001000000000011001100000000001000000000000000000000000000
0000000000000000000000000001000000000001111000000000001100000000000000000000000000
0000000000000000000000000001000000000000110000000000001100000000000000000000000000
0000000000000000000000000001000000000000000000000000001100000000000000000000000000
0000000000000000000000000001000000000000000000000000001000000000000000000000000000
0000000000000000000000000001100000000000000000000000001000000000000000000000000000
0000000000000000000000000001100000000000000000000000011000000000000000000000000000
0000000000000000000000000000100000000000000000000000011000000000000000000000000000
0000000000000000000000000000110000000000000000000000110000000000000000000000000000
0000000000000000000000000000010000000000000000000000110000000000000000000000000000
0000000000000000000000000000011000000000000000000001100000000000000000000000000000
0000000000000000000000000000001100000000000000000011000000000000000000000000000000
0000000000000000000000000000000110000000000000000110000000000000000000000000000000
0000000000000000000000000000000011100000000000001100000000000000000000000000000000
0000000000000000000000000000000001111000000001111000000000000000000000000000000000
0000000000000000000000000000000000011111111111100000000000000000000000000000000000
0000000000000000000000000000000000000011111100000000000000000000000000000000000000
0000000000000000000000000000000000000000000000000000000000000000000000000000000000
0000000000000000000000000000000000000000000000000000000000000000000000000000000000
0000000000000000000000000000000000000000000000000000000000000000000000000000000000
0000000000000000000000000000000000000000000000000000000000000000000000000000000000
0000000000000000000000000000000000000000000000000000000000000000000000000000000000
0000000000000000000000000000000000000000000000000000000000000000000000000000000000
0000000000000000000000000000000000000000000000000000000000000000000000000000000000
0000000000000000000000000000000000000000000000000000000000000000000000000000000000
0000000000000000000000000000000000000000000000000000000000000000000000000000000000
0000000000000000000000000000000000000000000000000000000000000000000000000000000000
0000000000000000000000000000000000000000000000000000000000000000000000000000000000
0000000000000000000000000000000000000000000000000000000000000000000000000000000000
0000000000000000000000000000000000000000000000000000000000000000000000000000000000
0000000000000000000000000000000000000000000000000000000000000000000000000000000000
0000000000000000000000000000000000000000000000000000000000000000000000000000000000
0000000000000000000000000000000000000000000000000000000000000000000000000000000000
0000000000000000000000000000000000000000000000000000000000000000000000000000000000
0000000000000000000000000000000000000000000000000000000000000000000000000000000000
0000000000000000000000000000000000000000000000000000000000000000000000000000000000
0000000000000000000000000000000000000000000000000000000000000000000000000000000000
0000000000000000000000000000000000000000000000000000000000000000000000000000000000
0000000000000000000000000000000000000000000000000000000000000000000000000000000000
0000000000000000000000000000000000000000000000000000000000000000000000000000000000
0000000000000000000000000000000000000000000000000000000000000000000000000000000000
0000000000000000000000000000000000000000000000000000000000000000000000000000000000
0000000000000000000000000000000000000000000000000000000000000000000000000000000000

0000000000000000000000000000000000000000000000000000000000000000000000000000000000
0000000000000000000000000000000000000000000000000000000000000000000000000000000000
0000000000000000000000000000000000000000000000000000000000000000000000000000000000
0000000000000000000000000000000000000000000000000000000000000000000000000000000000
0000000000000000000000000000000000000000000000000000000000000000000000000000000000
0000000000000000000000000000000000000000000000000000000000000000000000000000000000
0000000000000000000000000000000000000000000000000000000000000000000000000000000000
0000000000000000000000000000000000000000000000000000000000000000000000000000000000
0000000000000000000000000000000000000000000000000000000000000000000000000000000000
0000000000000000000000000000000000000000000000000000000000000000000000000000000000
0000000000000000000000000000000000000000000000000000000000000000000000000000000000
0000000000000000000000000000000000000000000000000000000000000000000000000000000000
0000000000000000000000000000000000000000000000000000000000000000000000000000000000
0000000000000000000000000000000000000000000000000000000000000000000000000000000000
0000000000000000000000000000000000000000000000000000000000000000000000000000000000
0000000000000000000000000000000000000000000000000000000000000000000000000000000000
0000000000000000000000000000000000000000000000000000000000000000000000000000000000
0000000000000000000000000000000000000000000000000000000000000000000000000000000000
0000000000000000000000000000000000000000000000000000000000000000000000000000000000
0000000000000000000000000000000000000000000000000000000000000000000000000000000000
0000000000000000000000000000000000000000000000000000000000000000000000000000000000
0000000000000000000000000000000000000000000000000000000000000000000000000000000000
0000000000000000000000000000000000000000000000000000000000000000000000000000000000
0000000000000000000000000000000000000000000000000000000000000000000000000000000000
0000000000000000000000000000000000000000000000000000000000000000000000000000000000
0000000000000000000000000000000000000000000000000000000000000000000000000000000000
0000000000000000000000000000000000000000000000000000000000000000000000000000000000
0000000000000000111111111000000000000000000000000000000000111111110000000000000000
0000000000000111110000111110000000000000000000000000000111110000111110000000000000
0000000000001110000000000111000000000000000000000000001110000000000111000000000000
0000000000111000000000000001110000000000000000000000111000000000000001110000000000
0000000001110000000000000000011000000000000000000001100000000000000000111000000000
0000000001000000000000000000001100000000000000000011000000000000000000001000000000
0000000011000000000000000000001100000000000000000011000000000000000000001100000000
0000000110000000000000000000000110000000000000000110000000000000000000000110000000
0000000100000000000000000000000010000000000000000100000000000000000000000010000000
0000001100000000000000000000000011000000000000001100000000000000000000000011000000
0000001100000000000000000000000011000000000000001100000000000000000000000011000000
0000001000000000000000000000000001000000000000001000000000000000000000000001000000
0000001000000000000000000000000001000000000000001000000000000000000000000001000000
0000001000000000000000000000000001100000000000011000000000000000000000000001000000
0000001000000000000110000000000001100000000000011000000000000110000000000001000000
0000001000000000001111000000000001000000000000001000000000001111000000000001000000
0000001000000000011001100000000001000000000000001000000000011001100000000001000000
0000001000000000110000110000000001000000000000001000000000110000110000000001000000
0000001100000001100000011000000011000000000000001100000001100000011000000011000000
0000000100000011000000001100000011000000000000001100000011000000001100000011000000
0000000110000110000000000110000110000000000000000110000110000000000110000110000000
0000000110001100000000000011000110000000000000000110001100000000000011000110000000
0000000011011000000000000001101100000000000000000011011000000000000001101100000000
0000000001110000000000000000111000000000000000000001110000000000000000111000000000
0000000000100000000000000000010000000000000000000000100000000000000000010000000000
0000000000000000000000000000000000000000000000000000000000000000000000000000000000
0000000000000000000000000000000000000000000000000000000000000000000000000000000000
0000000000000000000000000000000000000000000000000000000000000000000000000000000000
0000000000000000000000000000000000000000000000000000000000000000000000000000000000
0000000000000000000000000000000000000000000000000000000000000000000000000000000000
0000000000000000000000000000000000000000000000000000000000000000000000000000000000
0000000000000000000000000000000000000000000000000000000000000000000000000000000000
0000000000000000000000000000000000000000000000000000000000000000000000000000000000
0000000000000000000000000000000000000000000000000000000000000000000000000000000000
0000000000000000000000000000000000000000000000000000000000000000000000000000000000
0000000000000000000000000000000000000000000000000000000000000000000000000000000000
0000000000000000000000000000000000000000000000000000000000000000000000000000000000
0000000000000000000000000000000000000000000000000000000000000000000000000000000000
0000000000000000000000000000000000000000000000000000000000000000000000000000000000
0000000000000000000000000000000000000000000000000000000000000000000000000000000000
0000000000000000000000000000000000000000000000000000000000000000000000000000000000
0000000000000000000000000000000000000000000000000000000000000000000000000000000000
0000000000000000000000000000000000000000000000000000000000000000000000000000000000
0000000000000000000000000000000000000000000000000000000000000000000000000000000000
0000000000000000000000000000000000000000000000000000000000000000000000000000000000
0000000000000000000000000000000000000000000000000000000000000000000000000000000000
0000000000000000000000000000000000000000000000000000000000000000000000000000000000
0000000000000000000000000000000000000000000000000000000000000000000000000000000000
0000000000000000000000000000000000000000000000000000000000000000000000000000000000
0000000000000000000000000000000000000000000000000000000000000000000000000000000000
0000000000000000000000000000000000000000000000000000000000000000000000000000000000
0000000000000000000000000000000000000000000000000000000000000000000000000000000000
0000000000000000000000000000000000000000000000000000000000000000000000000000000000
0000000000000000000000000000000000000000000000000000000000000000000000000000000000
0000000000000000000000000000000000000000000000000000000000000000000000000000000000

== Output ==
0000000000000000000000000000000000000000000000000000000000000000000000000000000000
0000000000000000000000000000000000000000000000000000000000000000000000000000000000
0000000000000000000000000000000000000000000000000000000000000000000000000000000000
0000000000000000000000000000000000000000000000000000000000000000000000000000000000
0000000000000000000000000000000000000000000000000000000000000000000000000000000000
0000000000000000000000000000000000000000000000000000000000000000000000000000000000
0000000000000000000000000000000000000000000000000000000000000000000000000000000000
0000000000000000000000000000000000000000000000000000000000000000000000000000000000
0000000000000000000000000000000000000000000000000000000000000000000000000000000000
0000000000000000000000000000000000000000000000000000000000000000000000000000000000
0000000000000000000000000000000000000000000000000000000000000000000000000000000000
0000000000000000000000000000000000000000000000000000000000000000000000000000000000
0000000000000000000000000000000000000000000000000000000000000000000000000000000000
0000000000000000000000000000000000000000000000000000000000000000000000000000000000
0000000000000000000000000000000000000000000000000000000000000000000000000000000000
0000000000000000000000000000000000000000000000000000000000000000000000000000000000
0000000000000000000000000000000000000000000000000000000000000000000000000000000000
0000000000000000000000000000000000000000000000000000000000000000000000000000000000
0000000000000000000000000000000000000000000000000000000000000000000000000000000000
0000000000000000000000000000000000000000000000000000000000000000000000000000000000
0000000000000000000000000000000000000000000000000000000000000000000000000000000000
0000000000000000000000000000000000000000000000000000000000000000000000000000000000
0000000000000000000000000000000000000000000000000000000000000000000000000000000000
0000000000000000000000000000000000000000000000000000000000000000000000000000000000
0000000000000000000000000000000000000000000000000000000000000000000000000000000000
0000000000000000000000000000000000000000000000000000000000000000000000000000000000
0000000000000000000000000000000000000000110000000000000000000000000000000000000000
0000000000000000000000000000000000011111111111000000000000000000000000000000000000
0000000000000000000000000000000001111000000011110000000000000000000000000000000000
0000000000000000000000000000000011100000000000011100000000000000000000000000000000
0000000000000000000000000000000110000000000000001110000000000000000000000000000000
0000000000000000000000000000001100000000000000000110000000000000000000000000000000
0000000000000000000000000000011000000000000000001100000000000000000000000000000000
0000000000000000000000000000110000000000000000011000000000000000000000000000000000
0000000000000000000000000000110000000000000000110000000000000000000000000000000000
0000000000000000000000000001100000000000000001100000000000000000000000000000000000
0000000000000000000000000001100000000000000011000000000000000000000000000000000000
0000000000000000000000000001000000000000000110000000000000000000000000000000000000
0000000000000000000000000011000000000000001100000000000000000000000000000000000000
0000000000000000000000000011000000000000011000000000000000000000000000000000000000
0000000000000000000000000011000000000000110000000000000000000000000000000000000000
0000000000000000000000000011000000000000110000000000000000000000000000000000000000
0000000000000000000000000011000000000000011000000000000000000000000000000000000000
0000000000000000000000000011000000000000001100000000000000000000000000000000000000
0000000000000000000000000001000000000000000110000000000000000000000000000000000000
0000000000000000000000000001100000000000000011000000000000000000000000000000000000
0000000000000000000000000001100000000000000001100000000000000000000000000000000000
0000000000000000000000000000110000000000000000110000000000000000000000000000000000
0000000000000000000000000000110000000000000000011000000000000000000000000000000000
0000000000000000000000000000011000000000000000001100000000000000000000000000000000
0000000000000000000000000000001100000000000000000110000000000000000000000000000000
0000000000000000000000000000000110000000000000001110000000000000000000000000000000
0000000000000000000000000000000011100000000000011100000000000000000000000000000000
0000000000000000000000000000000000111100000011110000000000000000000000000000000000
0000000000000000000000000000000000001111111111000000000000000000000000000000000000
0000000000000000000000000000000000000000000000000000000000000000000000000000000000
0000000000000000000000000000000000000000000000000000000000000000000000000000000000
0000000000000000000000000000000000000000000000000000000000000000000000000000000000
0000000000000000000000000000000000000000000000000000000000000000000000000000000000
0000000000000000000000000000000000000000000000000000000000000000000000000000000000
0000000000000000000000000000000000000000000000000000000000000000000000000000000000
0000000000000000000000000000000000000000000000000000000000000000000000000000000000
0000000000000000000000000000000000000000000000000000000000000000000000000000000000
0000000000000000000000000000000000000000000000000000000000000000000000000000000000
0000000000000000000000000000000000000000000000000000000000000000000000000000000000
0000000000000000000000000000000000000000000000000000000000000000000000000000000000
0000000000000000000000000000000000000000000000000000000000000000000000000000000000
0000000000000000000000000000000000000000000000000000000000000000000000000000000000
0000000000000000000000000000000000000000000000000000000000000000000000000000000000
0000000000000000000000000000000000000000000000000000000000000000000000000000000000
0000000000000000000000000000000000000000000000000000000000000000000000000000000000
0000000000000000000000000000000000000000000000000000000000000000000000000000000000
0000000000000000000000000000000000000000000000000000000000000000000000000000000000
0000000000000000000000000000000000000000000000000000000000000000000000000000000000
0000000000000000000000000000000000000000000000000000000000000000000000000000000000
0000000000000000000000000000000000000000000000000000000000000000000000000000000000
0000000000000000000000000000000000000000000000000000000000000000000000000000000000
0000000000000000000000000000000000000000000000000000000000000000000000000000000000
0000000000000000000000000000000000000000000000000000000000000000000000000000000000
0000000000000000000000000000000000000000000000000000000000000000000000000000000000
0000000000000000000000000000000000000000000000000000000000000000000000000000000000
0000000000000000000000000000000000000000000000000000000000000000000000000000000000

0000000000000000000000000000000000000000000000000000000000000000000000000000000000
0000000000000000000000000000000000000000000000000000000000000000000000000000000000
0000000000000000000000000000000000000000000000000000000000000000000000000000000000
0000000000000000000000000000000000000000000000000000000000000000000000000000000000
0000000000000000000000000000000000000000000000000000000000000000000000000000000000
0000000000000000000000000000000000000000000000000000000000000000000000000000000000
0000000000000000000000000000000000000000000000000000000000000000000000000000000000
0000000000000000000000000000000000000000000000000000000000000000000000000000000000
0000000000000000000000000000000000000000000000000000000000000000000000000000000000
0000000000000000000000000000000000000000000000000000000000000000000000000000000000
0000000000000000000000000000000000000000000000000000000000000000000000000000000000
0000000000000000000000000000000000000000000000000000000000000000000000000000000000
0000000000000000000000000000000000000000000000000000000000000000000000000000000000
0000000000000000000000000000000000000000000000000000000000000000000000000000000000
0000000000000000000000000000000000000000000000000000000000000000000000000000000000
0000000000000000000000000000000000000000000000000000000000000000000000000000000000
0000000000000000000000000000000000000000000000000000000000000000000000000000000000
0000000000000000000000000000000000000000000000000000000000000000000000000000000000
0000000000000000000000000000000000000000000000000000000000000000000000000000000000
0000000000000000000000000000000000000000000000000000000000000000000000000000000000
0000000000000000000000000000000000000000000000000000000000000000000000000000000000
0000000000000000000000000000000000000000000000000000000000000000000000000000000000
0000000000000000000000000000000000000000000000000000000000000000000000000000000000
0000000000000000000000000000000000000000000000000000000000000000000000000000000000
0000000000000000000000000000000000000000000000000000000000000000000000000000000000
0000000000000000000000000000000000000000000000000000000000000000000000000000000000
0000000000000000000000000000000000000000110000000000000000000000000000000000000000
0000000000000000000000000000000000011111111111000000000000000000000000000000000000
0000000000000000000000000000000001111000000011110000000000000000000000000000000000
0000000000000000000000000000000011100000000000011100000000000000000000000000000000
0000000000000000000000000000000110000000000000001110000000000000000000000000000000
0000000000000000000000000000001100000000000000000011000000000000000000000000000000
0000000000000000000000000000011000000000000000000001100000000000000000000000000000
0000000000000000000000000000110000000000000000000001100000000000000000000000000000
0000000000000000000000000000110000000000000000000000110000000000000000000000000000
0000000000000000000000000001100000000000000000000000010000000000000000000000000000
0000000000000000000000000001100000000000000000000000011000000000000000000000000000
0000000000000000000000000001000000000000000000000000011000000000000000000000000000
0000000000000000000000000001000000000000000000000000001000000000000000000000000000
0000000000000000000000000011000000000000000000000000001000000000000000000000000000
0000000000000000000000000011000000000000100000000000001000000000000000000000000000
0000000000000000000000000011000000000001110000000000001000000000000000000000000000
0000000000000000000000000011000000000011011000000000001000000000000000000000000000
0000000000000000000000000001000000000110001100000000001000000000000000000000000000
0000000000000000000000000001000000001100000110000000011000000000000000000000000000
0000000000000000000000000001100000011000000011000000011000000000000000000000000000
0000000000000000000000000001100000110000000001100000010000000000000000000000000000
0000000000000000000000000000110001100000000000110000110000000000000000000000000000
0000000000000000000000000000110011000000000000011001100000000000000000000000000000
0000000000000000000000000000011110000000000000001111100000000000000000000000000000
0000000000000000000000000000001100000000000000000111000000000000000000000000000000
0000000000000000000000000000000000000000000000000000000000000000000000000000000000
0000000000000000000000000000000000000000000000000000000000000000000000000000000000
0000000000000000000000000000000000000000000000000000000000000000000000000000000000
0000000000000000000000000000000000000000000000000000000000000000000000000000000000
0000000000000000000000000000000000000000000000000000000000000000000000000000000000
0000000000000000000000000000000000000000000000000000000000000000000000000000000000
0000000000000000000000000000000000000000000000000000000000000000000000000000000000
0000000000000000000000000000000000000000000000000000000000000000000000000000000000
0000000000000000000000000000000000000000000000000000000000000000000000000000000000
0000000000000000000000000000000000000000000000000000000000000000000000000000000000
0000000000000000000000000000000000000000000000000000000000000000000000000000000000
0000000000000000000000000000000000000000000000000000000000000000000000000000000000
0000000000000000000000000000000000000000000000000000000000000000000000000000000000
0000000000000000000000000000000000000000000000000000000000000000000000000000000000
0000000000000000000000000000000000000000000000000000000000000000000000000000000000
0000000000000000000000000000000000000000000000000000000000000000000000000000000000
0000000000000000000000000000000000000000000000000000000000000000000000000000000000
0000000000000000000000000000000000000000000000000000000000000000000000000000000000
0000000000000000000000000000000000000000000000000000000000000000000000000000000000
0000000000000000000000000000000000000000000000000000000000000000000000000000000000
0000000000000000000000000000000000000000000000000000000000000000000000000000000000
0000000000000000000000000000000000000000000000000000000000000000000000000000000000
0000000000000000000000000000000000000000000000000000000000000000000000000000000000
0000000000000000000000000000000000000000000000000000000000000000000000000000000000
0000000000000000000000000000000000000000000000000000000000000000000000000000000000
0000000000000000000000000000000000000000000000000000000000000000000000000000000000
0000000000000000000000000000000000000000000000000000000000000000000000000000000000
0000000000000000000000000000000000000000000000000000000000000000000000000000000000
0000000000000000000000000000000000000000000000000000000000000000000000000000000000
0000000000000000000000000000000000000000000000000000000000000000000000000000000000
0000000000000000000000000000000000000000000000000000000000000000000000000000000000

0000000000000000000000000000000000000000000000000000000000000000000000000000000000
0000000000000000000000000000000000000000000000000000000000000000000000000000000000
0000000000000000000000000000000000000000000000000000000000000000000000000000000000
0000000000000000000000000000000000000000000000000000000000000000000000000000000000
0000000000000000000000000000000000000000000000000000000000000000000000000000000000
0000000000000000000000000000000000000000000000000000000000000000000000000000000000
0000000000000000000000000000000000000000000000000000000000000000000000000000000000
0000000000000000000000000000000000000000000000000000000000000000000000000000000000
0000000000000000000000000000000000000000000000000000000000000000000000000000000000
0000000000000000000000000000000000000000000000000000000000000000000000000000000000
0000000000000000000000000000000000000000000000000000000000000000000000000000000000
0000000000000000000000000000000000000000000000000000000000000000000000000000000000
0000000000000000000000000000000000000000000000000000000000000000000000000000000000
0000000000000000000000000000000000000000000000000000000000000000000000000000000000
0000000000000000000000000000000000000000000000000000000000000000000000000000000000
0000000000000000000000000000000000000000000000000000000000000000000000000000000000
0000000000000000000000000000000000000000000000000000000000000000000000000000000000
0000000000000000000000000000000000000000000000000000000000000000000000000000000000
0000000000000000000000000000000000000000000000000000000000000000000000000000000000
0000000000000000000000000000000000000000000000000000000000000000000000000000000000
0000000000000000000000000000000000000000000000000000000000000000000000000000000000
0000000000000000000000000000000000000000000000000000000000000000000000000000000000
0000000000000000000000000000000000000000000000000000000000000000000000000000000000
0000000000000000000000000000000000000000000000000000000000000000000000000000000000
0000000000000000000000000000000000000000000000000000000000000000000000000000000000
0000000000000000000000000000000000000000000000000000000000000000000000000000000000
0000000000000000000000000000000000000000000000000000000000000000000000000000000000
0000000000000000000000000000000000001111111111000000000000000000000000000000000000
0000000000000000000000000000000000111100000011110000000000000000000000000000000000
0000000000000000000000000000000011100000000000011100000000000000000000000000000000
0000000000000000000000000000000111000000000000001110000000000000000000000000000000
0000000000000000000000000000001100000000000000000011000000000000000000000000000000
0000000000000000000000000000011000000000000000000001100000000000000000000000000000
0000000000000000000000000000010000000000000000000001100000000000000000000000000000
0000000000000000000000000000110000000000000000000000110000000000000000000000000000
0000000000000000000000000000100000000000000000000000010000000000000000000000000000
0000000000000000000000000001100000000000000000000000011000000000000000000000000000
0000000000000000000000000001100000000000000000000000011000000000000000000000000000
0000000000000000000000000001000000000000000000000000001000000000000000000000000000
0000000000000000000000000001000000000000000000000000001000000000000000000000000000
0000000000000000000000000011111111111111100000000000001000000000000000000000000000
0000000000000000000000000001111111111111110000000000001000000000000000000000000000
0000000000000000000000000000000000000000110000000000001000000000000000000000000000
0000000000000000000000000000000000000000110000000000001000000000000000000000000000
0000000000000000000000000000000000000000110000000000011000000000000000000000000000
0000000000000000000000000000000000000000110000000000011000000000000000000000000000
0000000000000000000000000000000000000000110000000000010000000000000000000000000000
0000000000000000000000000000000000000000110000000000110000000000000000000000000000
0000000000000000000000000000000000000000110000000001100000000000000000000000000000
0000000000000000000000000000000000000000110000000001100000000000000000000000000000
0000000000000000000000000000000000000000110000000011000000000000000000000000000000
0000000000000000000000000000000000000000110000001110000000000000000000000000000000
0000000000000000000000000000000000000000110000011100000000000000000000000000000000
0000000000000000000000000000000000000000110011110000000000000000000000000000000000
0000000000000000000000000000000000000000111111000000000000000000000000000000000000
0000000000000000000000000000000000000000000000000000000000000000000000000000000000
0000000000000000000000000000000000000000000000000000000000000000000000000000000000
0000000000000000000000000000000000000000000000000000000000000000000000000000000000
0000000000000000000000000000000000000000000000000000000000000000000000000000000000
0000000000000000000000000000000000000000000000000000000000000000000000000000000000
0000000000000000000000000000000000000000000000000000000000000000000000000000000000
0000000000000000000000000000000000000000000000000000000000000000000000000000000000
0000000000000000000000000000000000000000000000000000000000000000000000000000000000
0000000000000000000000000000000000000000000000000000000000000000000000000000000000
0000000000000000000000000000000000000000000000000000000000000000000000000000000000
0000000000000000000000000000000000000000000000000000000000000000000000000000000000
0000000000000000000000000000000000000000000000000000000000000000000000000000000000
0000000000000000000000000000000000000000000000000000000000000000000000000000000000
0000000000000000000000000000000000000000000000000000000000000000000000000000000000
0000000000000000000000000000000000000000000000000000000000000000000000000000000000
0000000000000000000000000000000000000000000000000000000000000000000000000000000000
0000000000000000000000000000000000000000000000000000000000000000000000000000000000
0000000000000000000000000000000000000000000000000000000000000000000000000000000000
0000000000000000000000000000000000000000000000000000000000000000000000000000000000
0000000000000000000000000000000000000000000000000000000000000000000000000000000000
0000000000000000000000000000000000000000000000000000000000000000000000000000000000
0000000000000000000000000000000000000000000000000000000000000000000000000000000000
0000000000000000000000000000000000000000000000000000000000000000000000000000000000
0000000000000000000000000000000000000000000000000000000000000000000000000000000000
0000000000000000000000000000000000000000000000000000000000000000000000000000000000
0000000000000000000000000000000000000000000000000000000000000000000000000000000000
0000000000000000000000000000000000000000000000000000000000000000000000000000000000

0000000000000000000000000000000000000000000000000000000000000000000000000000000000
0000000000000000000000000000000000000000000000000000000000000000000000000000000000
0000000000000000000000000000000000000000000000000000000000000000000000000000000000
0000000000000000000000000000000000000000000000000000000000000000000000000000000000
0000000000000000000000000000000000000000000000000000000000000000000000000000000000
0000000000000000000000000000000000000000000000000000000000000000000000000000000000
0000000000000000000000000000000000000000000000000000000000000000000000000000000000
0000000000000000000000000000000000000000000000000000000000000000000000000000000000
0000000000000000000000000000000000000000000000000000000000000000000000000000000000
0000000000000000000000000000000000000000000000000000000000000000000000000000000000
0000000000000000000000000000000000000000000000000000000000000000000000000000000000
0000000000000000000000000000000000000000000000000000000000000000000000000000000000
0000000000000000000000000000000000000000000000000000000000000000000000000000000000
0000000000000000000000000000000000000000000000000000000000000000000000000000000000
0000000000000000000000000000000000000000000000000000000000000000000000000000000000
0000000000000000000000000000000000000000000000000000000000000000000000000000000000
0000000000000000000000000000000000000000000000000000000000000000000000000000000000
0000000000000000000000000000000000000000000000000000000000000000000000000000000000
0000000000000000000000000000000000000000000000000000000000000000000000000000000000
0000000000000000000000000000000000000000000000000000000000000000000000000000000000
0000000000000000000000000000000000000000000000000000000000000000000000000000000000
0000000000000000000000000000000000000000000000000000000000000000000000000000000000
0000000000000000000000000000000000000000000000000000000000000000000000000000000000
0000000000000000000000000000000000000000000000000000000000000000000000000000000000
0000000000000000000000000000000000000000000000000000000000000000000000000000000000
0000000000000000000000000000000000000000000000000000000000000000000000000000000000
0000000000000000000000000000000000000000110000000000000000000000000000000000000000
0000000000000000000000000000000000001111111111000000000000000000000000000000000000
0000000000000000000000000000000000111000000011110000000000000000000000000000000000
0000000000000000000000000000000011100000000000011100000000000000000000000000000000
0000000000000000000000000000000110000000000000000110000000000000000000000000000000
0000000000000000000000000000000110000000000000000011000000000000000000000000000000
0000000000000000000000000000000111000000000000000001100000000000000000000000000000
0000000000000000000000000000000011100000000000000000100000000000000000000000000000
0000000000000000000000000000000001110000000000000000110000000000000000000000000000
0000000000000000000000000000000000111000000000000000010000000000000000000000000000
0000000000000000000000000000000000011100000000000000011000000000000000000000000000
0000000000000000000000000000000000001110000000000000011000000000000000000000000000
0000000000000000000000000000000000000111000000000000001000000000000000000000000000
0000000000000000000000000000000000000011100000000000001000000000000000000000000000
0000000000000000000000000000000000000001100000000000001000000000000000000000000000
0000000000000000000000000000000000000001100000000000001000000000000000000000000000
0000000000000000000000000000000000000011000000000000001000000000000000000000000000
0000000000000000000000000000000000000110000000000000001000000000000000000000000000
0000000000000000000000000000000000001100000000000000011000000000000000000000000000
0000000000000000000000000000000000011000000000000000011000000000000000000000000000
0000000000000000000000000000000000110000000000000000010000000000000000000000000000
0000000000000000000000000000000001100000000000000000110000000000000000000000000000
0000000000000000000000000000000011000000000000000001100000000000000000000000000000
0000000000000000000000000000000110000000000000000001100000000000000000000000000000
0000000000000000000000000000000110000000000000000011000000000000000000000000000000
0000000000000000000000000000000110000000000000001110000000000000000000000000000000
0000000000000000000000000000000011100000000000011100000000000000000000000000000000
0000000000000000000000000000000000111100000011110000000000000000000000000000000000
0000000000000000000000000000000000001111111111000000000000000000000000000000000000
0000000000000000000000000000000000000000000000000000000000000000000000000000000000
0000000000000000000000000000000000000000000000000000000000000000000000000000000000
0000000000000000000000000000000000000000000000000000000000000000000000000000000000
0000000000000000000000000000000000000000000000000000000000000000000000000000000000
0000000000000000000000000000000000000000000000000000000000000000000000000000000000
0000000000000000000000000000000000000000000000000000000000000000000000000000000000
0000000000000000000000000000000000000000000000000000000000000000000000000000000000
0000000000000000000000000000000000000000000000000000000000000000000000000000000000
0000000000000000000000000000000000000000000000000000000000000000000000000000000000
0000000000000000000000000000000000000000000000000000000000000000000000000000000000
0000000000000000000000000000000000000000000000000000000000000000000000000000000000
0000000000000000000000000000000000000000000000000000000000000000000000000000000000
0000000000000000000000000000000000000000000000000000000000000000000000000000000000
0000000000000000000000000000000000000000000000000000000000000000000000000000000000
0000000000000000000000000000000000000000000000000000000000000000000000000000000000
0000000000000000000000000000000000000000000000000000000000000000000000000000000000
0000000000000000000000000000000000000000000000000000000000000000000000000000000000
0000000000000000000000000000000000000000000000000000000000000000000000000000000000
0000000000000000000000000000000000000000000000000000000000000000000000000000000000
0000000000000000000000000000000000000000000000000000000000000000000000000000000000
0000000000000000000000000000000000000000000000000000000000000000000000000000000000
0000000000000000000000000000000000000000000000000000000000000000000000000000000000
0000000000000000000000000000000000000000000000000000000000000000000000000000000000
0000000000000000000000000000000000000000000000000000000000000000000000000000000000
0000000000000000000000000000000000000000000000000000000000000000000000000000000000
0000000000000000000000000000000000000000000000000000000000000000000000000000000000
0000000000000000000000000000000000000000000000000000000000000000000000000000000000

0000000000000000000000000000000000000000000000000000000000000000000000000000000000
0000000000000000000000000000000000000000000000000000000000000000000000000000000000
0000000000000000000000000000000000000000000000000000000000000000000000000000000000
0000000000000000000000000000000000000000000000000000000000000000000000000000000000
0000000000000000000000000000000000000000000000000000000000000000000000000000000000
0000000000000000000000000000000000000000000000000000000000000000000000000000000000
0000000000000000000000000000000000000000000000000000000000000000000000000000000000
0000000000000000000000000000000000000000000000000000000000000000000000000000000000
0000000000000000000000000000000000000000000000000000000000000000000000000000000000
0000000000000000000000000000000000000000000000000000000000000000000000000000000000
0000000000000000000000000000000000000000000000000000000000000000000000000000000000
0000000000000000000000000000000000000000000000000000000000000000000000000000000000
0000000000000000000000000000000000000000000000000000000000000000000000000000000000
0000000000000000000000000000000000000000000000000000000000000000000000000000000000
0000000000000000000000000000000000000000000000000000000000000000000000000000000000
0000000000000000000000000000000000000000000000000000000000000000000000000000000000
0000000000000000000000000000000000000000000000000000000000000000000000000000000000
0000000000000000000000000000000000000000000000000000000000000000000000000000000000
0000000000000000000000000000000000000000000000000000000000000000000000000000000000
0000000000000000000000000000000000000000000000000000000000000000000000000000000000
0000000000000000000000000000000000000000000000000000000000000000000000000000000000
0000000000000000000000000000000000000000000000000000000000000000000000000000000000
0000000000000000000000000000000000000000000000000000000000000000000000000000000000
0000000000000000000000000000000000000000000000000000000000000000000000000000000000
0000000000000000000000000000000000000000000000000000000000000000000000000000000000
0000000000000000000000000000000000000000000000000000000000000000000000000000000000
0000000000000000000000000000000000000000000000000000000000000000000000000000000000
0000000000000000000000000000000000000000111111000000000000000000000000000000000000
0000000000000000000000000000000000000000110011110000000000000000000000000000000000
0000000000000000000000000000000000000000110000011100000000000000000000000000000000
0000000000000000000000000000000000000000110000000110000000000000000000000000000000
0000000000000000000000000000000000000000110000000011000000000000000000000000000000
0000000000000000000000000000000000000000110000000001100000000000000000000000000000
0000000000000000000000000000000000000000110000000000100000000000000000000000000000
0000000000000000000000000000000000000000110000000000110000000000000000000000000000
0000000000000000000000000000000000000000110000000000010000000000000000000000000000
0000000000000000000000000000000000000000110000000000011000000000000000000000000000
0000000000000000000000000000000000000000110000000000011000000000000000000000000000
0000000000000000000000000000000000000000110000000000001000000000000000000000000000
0000000000000000000000000000000000000000110000000000001100000000000000000000000000
0000000000000000000000000001111111111111110000000000001100000000000000000000000000
0000000000000000000000000001111111111111110000000000001100000000000000000000000000
0000000000000000000000000001000000000000000000000000001100000000000000000000000000
0000000000000000000000000001000000000000000000000000001000000000000000000000000000
0000000000000000000000000001100000000000000000000000011000000000000000000000000000
0000000000000000000000000001100000000000000000000000011000000000000000000000000000
0000000000000000000000000000100000000000000000000000011000000000000000000000000000
0000000000000000000000000000110000000000000000000000110000000000000000000000000000
0000000000000000000000000000011000000000000000000000100000000000000000000000000000
0000000000000000000000000000011000000000000000000001100000000000000000000000000000
0000000000000000000000000000001100000000000000000011000000000000000000000000000000
0000000000000000000000000000000111000000000000000110000000000000000000000000000000
0000000000000000000000000000000011100000000000011100000000000000000000000000000000
0000000000000000000000000000000000111100000011110000000000000000000000000000000000
0000000000000000000000000000000000001111111111000000000000000000000000000000000000
0000000000000000000000000000000000000000010000000000000000000000000000000000000000
0000000000000000000000000000000000000000000000000000000000000000000000000000000000
0000000000000000000000000000000000000000000000000000000000000000000000000000000000
0000000000000000000000000000000000000000000000000000000000000000000000000000000000
0000000000000000000000000000000000000000000000000000000000000000000000000000000000
0000000000000000000000000000000000000000000000000000000000000000000000000000000000
0000000000000000000000000000000000000000000000000000000000000000000000000000000000
0000000000000000000000000000000000000000000000000000000000000000000000000000000000
0000000000000000000000000000000000000000000000000000000000000000000000000000000000
0000000000000000000000000000000000000000000000000000000000000000000000000000000000
0000000000000000000000000000000000000000000000000000000000000000000000000000000000
0000000000000000000000000000000000000000000000000000000000000000000000000000000000
0000000000000000000000000000000000000000000000000000000000000000000000000000000000
0000000000000000000000000000000000000000000000000000000000000000000000000000000000
0000000000000000000000000000000000000000000000000000000000000000000000000000000000
0000000000000000000000000000000000000000000000000000000000000000000000000000000000
0000000000000000000000000000000000000000000000000000000000000000000000000000000000
0000000000000000000000000000000000000000000000000000000000000000000000000000000000
0000000000000000000000000000000000000000000000000000000000000000000000000000000000
0000000000000000000000000000000000000000000000000000000000000000000000000000000000
0000000000000000000000000000000000000000000000000000000000000000000000000000000000
0000000000000000000000000000000000000000000000000000000000000000000000000000000000
0000000000000000000000000000000000000000000000000000000000000000000000000000000000
0000000000000000000000000000000000000000000000000000000000000000000000000000000000
0000000000000000000000000000000000000000000000000000000000000000000000000000000000
0000000000000000000000000000000000000000000000000000000000000000000000000000000000
0000000000000000000000000000000000000000000000000000000000000000000000000000000000

0000000000000000000000000000000000000000000000000000000000000000000000000000000000
0000000000000000000000000000000000000000000000000000000000000000000000000000000000
0000000000000000000000000000000000000000000000000000000000000000000000000000000000
0000000000000000000000000000000000000000000000000000000000000000000000000000000000
0000000000000000000000000000000000000000000000000000000000000000000000000000000000
0000000000000000000000000000000000000000000000000000000000000000000000000000000000
0000000000000000000000000000000000000000000000000000000000000000000000000000000000
0000000000000000000000000000000000000000000000000000000000000000000000000000000000
0000000000000000000000000000000000000000000000000000000000000000000000000000000000
0000000000000000000000000000000000000000000000000000000000000000000000000000000000
0000000000000000000000000000000000000000000000000000000000000000000000000000000000
0000000000000000000000000000000000000000000000000000000000000000000000000000000000
0000000000000000000000000000000000000000000000000000000000000000000000000000000000
0000000000000000000000000000000000000000000000000000000000000000000000000000000000
0000000000000000000000000000000000000000000000000000000000000000000000000000000000
0000000000000000000000000000000000000000000000000000000000000000000000000000000000
0000000000000000000000000000000000000000000000000000000000000000000000000000000000
0000000000000000000000000000000000000000000000000000000000000000000000000000000000
0000000000000000000000000000000000000000000000000000000000000000000000000000000000
0000000000000000000000000000000000000000000000000000000000000000000000000000000000
0000000000000000000000000000000000000000000000000000000000000000000000000000000000
0000000000000000000000000000000000000000000000000000000000000000000000000000000000
0000000000000000000000000000000000000000000000000000000000000000000000000000000000
0000000000000000000000000000000000000000000000000000000000000000000000000000000000
0000000000000000000000000000000000000000000000000000000000000000000000000000000000
0000000000000000000000000000000000000000000000000000000000000000000000000000000000
0000000000000000000000000000000000000000000000000000000000000000000000000000000000
0000000000000000000000000000000000000000000000000000000000000000000000000000000000
0000000000000000000000000000000000000000000000000000000000000000000000000000000000
0000000000000000000000000000000000000000000000000000000000000000000000000000000000
0000000000000000000000000000000000000000000000000000000000000000000000000000000000
0000000000000000000000000000001110000000000000000111000000000000000000000000000000
0000000000000000000000000000011111000000000000001111100000000000000000000000000000
0000000000000000000000000000010011100000000000011100100000000000000000000000000000
0000000000000000000000000000110001110000000000111000110000000000000000000000000000
0000000000000000000000000000100000111000000001110000010000000000000000000000000000
0000000000000000000000000001100000011100000011100000011000000000000000000000000000
0000000000000000000000000001100000001110000111000000001000000000000000000000000000
0000000000000000000000000001000000000111001110000000001000000000000000000000000000
0000000000000000000000000001000000000011111100000000001000000000000000000000000000
0000000000000000000000000001000000000001111000000000001100000000000000000000000000
0000000000000000000000000001000000000000000000000000001100000000000000000000000000
0000000000000000000000000001000000000000000000000000001000000000000000000000000000
0000000000000000000000000001000000000000000000000000001000000000000000000000000000
0000000000000000000000000001100000000000000000000000011000000000000000000000000000
0000000000000000000000000001100000000000000000000000011000000000000000000000000000
0000000000000000000000000000100000000000000000000000010000000000000000000000000000
0000000000000000000000000000110000000000000000000000110000000000000000000000000000
0000000000000000000000000000010000000000000000000000100000000000000000000000000000
0000000000000000000000000000011000000000000000000001100000000000000000000000000000
0000000000000000000000000000001100000000000000000011000000000000000000000000000000
0000000000000000000000000000000110000000000000000110000000000000000000000000000000
0000000000000000000000000000000011100000000000011100000000000000000000000000000000
0000000000000000000000000000000000111100000011110000000000000000000000000000000000
0000000000000000000000000000000000001111111111000000000000000000000000000000000000
0000000000000000000000000000000000000000000000000000000000000000000000000000000000
0000000000000000000000000000000000000000000000000000000000000000000000000000000000
0000000000000000000000000000000000000000000000000000000000000000000000000000000000
0000000000000000000000000000000000000000000000000000000000000000000000000000000000
0000000000000000000000000000000000000000000000000000000000000000000000000000000000
0000000000000000000000000000000000000000000000000000000000000000000000000000000000
0000000000000000000000000000000000000000000000000000000000000000000000000000000000
0000000000000000000000000000000000000000000000000000000000000000000000000000000000
0000000000000000000000000000000000000000000000000000000000000000000000000000000000
0000000000000000000000000000000000000000000000000000000000000000000000000000000000
0000000000000000000000000000000000000000000000000000000000000000000000000000000000
0000000000000000000000000000000000000000000000000000000000000000000000000000000000
0000000000000000000000000000000000000000000000000000000000000000000000000000000000
0000000000000000000000000000000000000000000000000000000000000000000000000000000000
0000000000000000000000000000000000000000000000000000000000000000000000000000000000
0000000000000000000000000000000000000000000000000000000000000000000000000000000000
0000000000000000000000000000000000000000000000000000000000000000000000000000000000
0000000000000000000000000000000000000000000000000000000000000000000000000000000000
0000000000000000000000000000000000000000000000000000000000000000000000000000000000
0000000000000000000000000000000000000000000000000000000000000000000000000000000000
0000000000000000000000000000000000000000000000000000000000000000000000000000000000
0000000000000000000000000000000000000000000000000000000000000000000000000000000000
0000000000000000000000000000000000000000000000000000000000000000000000000000000000
0000000000000000000000000000000000000000000000000000000000000000000000000000000000
0000000000000000000000000000000000000000000000000000000000000000000000000000000000
0000000000000000000000000000000000000000000000000000000000000000000000000000000000
0000000000000000000000000000000000000000000000000000000000000000000000000000000000

== SDRs ==
00010001100000011000001000000100
00000000110000000000000000000010
00100000000001000000000110000000
00001000101000000000000000000010
00001010001101000000010000000010
00001000100000000000000100010011
01000000000000100000110000000000
00000000001000000000000110000011
00000000001000000000010000000000
10010000001000000000000001000000
10001000000110101001000000000010
00000010000000000000000000000000
01000010000000000000000000000000
00100110100001100000000000100001
00000000100001100000001000000000
00000101000010000001000000000010
00000000000000110010000100001110
00000001010000000010100001000100
00000001000000001000000001000001
00100100001000101000000000100000
00000100000000000000000000010000
00000000000000000000000100010000
10000000000010101010001010100000
00010000000010000000000000000000
11000001010000000000000110000000
11000000000000000110100010000000
00000000000000001000000010000001
00000010001000001010001000000001
00001001000000010000000000000100
00000010000000010000100001100000
00000000000100000001000000100000
00001001000000010010000000000000

00001001000000000110000000010000
00000000000010000000000010000000
00000000000001100000000000000000
00000100011101000001000110000010
00000000000000111000100001000001
00101001001000010100001000000000
00001000000101000110000000000000
00000000000000100000001000000010
00000000000000000000001001100000
11001100000010000000101000001000
00000100001010100000011000100110
11000000010101000000011100000010
00000000000110100000010010010000
10000000100010010001011010000010
00000101100010010100010001100000
01100000001000000010010010000000
00010000000001010000000100000000
01011000000000000000001000000000
00100000000000000000001000000000
00100001100000000000000100000000
00000001100000000000000011110100
00000100001000110100000100000001
11000000100000000000001000010001
11000000000000000000001000000100
11010000000010000000001001010000
00100011000000000010001000000100
00010101010000000100000001001100
00001000000000000101000001000110
00001000000000000010000000000000
10000100000001111000010000000000
10010010000000000000001010000000
10001001001110001010000000000000

00000100100000011000001000000100
10100000000010000000000000000011
00000000000010000000010100100000
00000000101000000000001000000010
00001000000001000000000000000000
00000000110010000000000100000011
01010000001000100000110000000000
00000001010000100000000010000001
00000000000001000000000000100000
00010000001000000010000000000000
00000010010000101000100000000000
00000000000000000000000010000000
00000000110000000000000000000000
00100100000001000000000001100001
00000000100011010000000001101001
00001001010000100000000000000010
00000000000000000010000000001010
00000000010000010000000110000100
00010100000100000000100010000010
00000000001000000000000000000000
00000000000000000000100000010000
00000000101000000000000000000000
00000000000000111011100000000000
00010000010010010000000000001000
00000000010000100000000100000000
11000000000000000100000010000000
00001010010001001000000000000000
00000000101001000000101000000000
00000000000100000000000000000000
00000000001000010000000000000000
01000000000000000001000101110000
00001000100000000000000000000000

00000000000000000000001001010000
00000000010100000000010010000000
00010000000000000000000000000001
00100000000001000000000000000001
00010000000000100000001000000000
01000100000010010100000001100000
00000000010100000000000000000000
00100001000000110011000010000100
00010010001000000010000001000000
11000000000000000000000000010000
00000000001000010000110000000000
01100001000001000000000000100000
00001000000010100000100010000000
10001000000011000100010000000010
11100000000000010000000000000000
00000000010000001010001010101001
00000000000001000000000000000000
01000000010000000000001000000100
00000000100001010000000100100000
00000101001010010000000100001001
01100000100000100100011011100000
00000000101000000000000000010000
10010000000101000010001000000001
00100010000000000000001010000100
01010001000000000000000000000010
00100001010001000000001000000000
00000100001000000100000000001100
11001000000011000100000000100010
01100000010000010001000000100000
10011000000001100000010000000000
10100000000000000001000010000000
10000011000010000000001100001000

00000000000000001000001000010100
00000001011100000001001000000000
00110000000000000000000000000000
00000000010000000000000000000000
10010100000000000000010000000000
01000010000000000000000000100000
00000010001100000010000000011000
00000001010000000000001000000000
00011000000000000010000001100010
00000010000000000000001000100000
00100000001000000000101000000100
01000011000001000000000000000000
00000000000010000000100000000000
00000000100000010101010001000010
10000000000010010100010000000010
00000001110000000000000000001001
00000000000010011000000001000110
00000000010010001000000000100100
00000000000000000000000000000010
00000001001010010000001100001001
01100000100000000100011000100000
00000000000000010000000001110000
10010000000100001000001000000000
01100000100000010110000010000100
01000101000000000000000000000000
00100000000000100000101010001000
00000100001000000000000000001100
01000000110010000001100100100000
01101000000000000000100000100000
10010000001000000000000010000000
10010000000001000000001101100010
10000001000010000000001000011001

00000000000000100000010010000100
00000000000110000000110010100000
00010000000100001000000000100000
00000010000000000010000000000000
10011000000000000000110000000100
00010000010000000000000001000000
00001000000000101000000000000000
00100000000000010010000010000000
01010010000000000010000000000110
00000000000001000000011000110000
00100001111000100001111001000101
10100010000001000000010010000010
00000000000001001000000000000000
10000001101000000101001100000000
01000000010000000100000000000010
00000001001000001010000000000001
01000000001001110011000001010000
00100000000000001000001000100000
00100000000001000000010000000010
00000000000010000001001101001000
01000000100000000000001000101000
00000000001000110000000101110001
00100011000101000100000100000000
00010000000000010000000111000100
00010001010000000000000000000000
01000000000000000000100000001000
00100001001010000000010000000000
01000010101000000001100000100110
00100100000000000000101000000000
10011100000001100000010000100000
10010000000000000000000001010010
10000000000010000010000000011100

00000000000010001000000000010100
00000000000000000000000010000000
00100000000001001000000000100000
00000010001000000010000110000001
10010000010000000000000001000100
01000000000000000100000000010000
00001001000100000010000010000000
00100000000000100000000000000001
00000000000000000000001000000000
00000010000001000000001100100000
00101000111000111000001001100000
10010010000101000000000000000000
00000000000000000000100000000000
10001000100010000101010101000000
00000000010010010110010001000010
01000001011000001010010010000001
00010000000010001000000100000000
01001000000000000100000000000100
00000010000000000000010000000001
00100001000000000000000100001000
00100000100000000000001100100000
00000100000000110000001101011001
10000000000101001100001100000001
11000000000000000001010000000100
00010100100000000000001000000000
10100010000000000000000000000100
00000001000000000000000010000100
01000010010000000001100001000110
00000001000000000011000000100010
10010100000000000000000010000000
10010000000000010000001000000001
00001001001110000000001000000100

00000001000000000000000000010100
00000001000100000000000000100000
00010010000000001000000000000000
00000010000100000001000100000000
10010000000100101000100001000101
00010001010000000000000000000000
00000000000100101000000100101000
00100000000000010010001010000001
01000000000000000000000000100100
10000100000000000010111100010000
00000001001000000001001001100001
11010000010001000000010010100010
00000000000100001000100100000000
10001000101010010101011000000000
10100001000010000100000001000010
00000000001000000010000010000001
01000100001001010010000100000100
01100000000000000100000000100100
00100000000001000001010000100010
00100001000010000000000100000000
00100000100001000000010110010000
00000000000000010000001100000000
10000000000001000101000000000001
10000000000000000001000000000100
10010100000000000000000000001100
01000000000000000010101000000101
01100101010000000000010000000100
00001010010001000001000000000110
00101101000000000010100000000010
10011100000000100000000000000000
00000000000010000000001000000010
10001001001100000010000000010000

00001001000000000110000000011000
00000000000010000000000010000000
00010000000001000000000000100000
00100000011101000001000110000010
00000000000000101000000001000001
00100001001000010100000000000000
00000000000101000010000000000000
00000000000000100000101000000110
00000000000000000000001001100001
10000000000000000000101000001000
00100000001000100000010000100010
10010000010101000000011100000000
00000000000110100000000010010000
10000000000010010001011010000010
00000000000000010000010001100010
01100000001000000010010010000000
00010000000001010000000100000000
01001000000000000100000000000000
00100000000000100000001000000000
00100001100000000000000100000000
00100000100000000100010011110100
00000100001000110000001100000001
11000000000100000000001000000001
11000100000000000000001000000100
01010000000010000000001001000000
00100011000000000010000000000100
00010100001000000100000001001100
00001010000001000101000001000110
00001000000000000000000000010000
10000100000001111000010000000000
10010010000000000001001010000000
00001001001110000010000000000000

