== Attributes ==
title=2x1 Challenge Problem 01
type= 2x1
result=1
window_size=(82, 82)

== Input ==
0000000000000000000000000000000000000000000000000000000000000000000000000000000000
0000000000000000000000000000000000000000000000000000000000000000000000000000000000
0000000000000000000000000000000000000000000000000000000000000000000000000000000000
0000000000000000000000000000000000000000000000000000000000000000000000000000000000
0000000000000000000000000000000000000000000000000000000000000000000000000000000000
0000000000000000000000000000000000000000000000000000000000000000000000000000000000
0000000000000000000000000000000000000000000000000000000000000000000000000000000000
0000000000000000000000000000000000000000000000000000000000000000000000000000000000
0000000000000000000000000000000000000000000000000000000000000000000000000000000000
0000000000000000000000000000000000000000000000000000000000000000000000000000000000
0000000000000000000000000000000000000000000000000000000000000000000000000000000000
0000000000000000000000000000000000000000000000000000000000000000000000000000000000
0000000000000000000000000000000000000000000000000000000000000000000000000000000000
0000000000000000000000000000011111111111111111111111100000000000000000000000000000
0000000000000000000000000000111111111111111111111111110000000000000000000000000000
0000000000000000000000000001100000000000000000000000111000000000000000000000000000
0000000000000000000000000011000000000000000000000000011100000000000000000000000000
0000000000000000000000000110000000000000000000000000001110000000000000000000000000
0000000000000000000000001100000000000000000000000000000111000000000000000000000000
0000000000000000000000011000000000000000000000000000000011100000000000000000000000
0000000000000000000000110000000000000000000000000000000001110000000000000000000000
0000000000000000000001100000000000000000000000000000000000111000000000000000000000
0000000000000000000011000000000000000000000000000000000000011100000000000000000000
0000000000000000000110000000000000000000000000000000000000001110000000000000000000
0000000000000000001100000000000000000000000000000000000000000111000000000000000000
0000000000000000011000000000000000000000000000000000000000000011100000000000000000
0000000000000000110000000000000000000000000000000000000000000001110000000000000000
0000000000000001100000000000000000000000000000000000000000000000111000000000000000
0000000000000011000000000000000000000000000000000000000000000000011100000000000000
0000000000000110000000000000000000000000000000000000000000000000001110000000000000
0000000000001100000000000000000000000000000000000000000000000000000110000000000000
0000000000001100000000000000000000000000000000000000000000000000000110000000000000
0000000000001100000000000000000000000000000000000000000000000000000110000000000000
0000000000001100000000000000000000000000000000000000000000000000000110000000000000
0000000000001100000000000000000000000000000000000000000000000000000110000000000000
0000000000001100000000000000000000000000000000000000000000000000000110000000000000
0000000000001100000000000000000000000000000000000000000000000000000110000000000000
0000000000001100000000000000000000000000000000000000000000000000000110000000000000
0000000000001100000000000000000000000000000000000000000000000000000110000000000000
0000000000001100000000000000000000000000000000000000000000000000000110000000000000
0000000000001100000000000000000000000000000000000000000000000000000110000000000000
0000000000001100000000000000000000000000000000000000000000000000000110000000000000
0000000000001100000000000000000000000000000000000000000000000000000110000000000000
0000000000001100000000000000000000000000000000000000000000000000000110000000000000
0000000000001100000000000000000000000000000000000000000000000000000110000000000000
0000000000001100000000000000000000000000000000000000000000000000000110000000000000
0000000000001100000000000000000000000000000000000000000000000000000110000000000000
0000000000001100000000000000000000000000000000000000000000000000000110000000000000
0000000000001100000000000000000000000000000000000000000000000000000110000000000000
0000000000001100000000000000000000000000000000000000000000000000000110000000000000
0000000000001100000000000000000000000000000000000000000000000000000110000000000000
0000000000001100000000000000000000000000000000000000000000000000000110000000000000
0000000000001100000000000000000000000000000000000000000000000000000110000000000000
0000000000000110000000000000000000000000000000000000000000000000001110000000000000
0000000000000011000000000000000000000000000000000000000000000000011100000000000000
0000000000000001100000000000000000000000000000000000000000000000111000000000000000
0000000000000000110000000000000000000000000000000000000000000001110000000000000000
0000000000000000011000000000000000000000000000000000000000000011100000000000000000
0000000000000000001100000000000000000000000000000000000000000111000000000000000000
0000000000000000000110000000000000000000000000000000000000001110000000000000000000
0000000000000000000011000000000000000000000000000000000000011100000000000000000000
0000000000000000000001100000000000000000000000000000000000111000000000000000000000
0000000000000000000000110000000000000000000000000000000001110000000000000000000000
0000000000000000000000011000000000000000000000000000000011100000000000000000000000
0000000000000000000000001100000000000000000000000000000111000000000000000000000000
0000000000000000000000000110000000000000000000000000001110000000000000000000000000
0000000000000000000000000011000000000000000000000000011100000000000000000000000000
0000000000000000000000000001100000000000000000000000111000000000000000000000000000
0000000000000000000000000000111111111111111111111111110000000000000000000000000000
0000000000000000000000000000011111111111111111111111000000000000000000000000000000
0000000000000000000000000000000000000000000000000000000000000000000000000000000000
0000000000000000000000000000000000000000000000000000000000000000000000000000000000
0000000000000000000000000000000000000000000000000000000000000000000000000000000000
0000000000000000000000000000000000000000000000000000000000000000000000000000000000
0000000000000000000000000000000000000000000000000000000000000000000000000000000000
0000000000000000000000000000000000000000000000000000000000000000000000000000000000
0000000000000000000000000000000000000000000000000000000000000000000000000000000000
0000000000000000000000000000000000000000000000000000000000000000000000000000000000
0000000000000000000000000000000000000000000000000000000000000000000000000000000000
0000000000000000000000000000000000000000000000000000000000000000000000000000000000
0000000000000000000000000000000000000000000000000000000000000000000000000000000000
0000000000000000000000000000000000000000000000000000000000000000000000000000000000

0000000000000000000000000000000000000000000000000000000000000000000000000000000000
0000000000000000000000000000000000000000000000000000000000000000000000000000000000
0000000000000000000000000000000000000000000000000000000000000000000000000000000000
0000000000000000000000000000000000000000000000000000000000000000000000000000000000
0000000000000000000000000000000000000000000000000000000000000000000000000000000000
0000000000000000000000000000000000000000000000000000000000000000000000000000000000
0000000000000000000000000000000000000000000000000000000000000000000000000000000000
0000000000000000000000000000000000000000000000000000000000000000000000000000000000
0000000000000000000000000000000000000000000000000000000000000000000000000000000000
0000000000000000000000000000000000000000000000000000000000000000000000000000000000
0000000000000000000000000000000000000000000000000000000000000000000000000000000000
0000000000000000000000000000000000000000000000000000000000000000000000000000000000
0000000000000000000000000000000000000000000000000000000000000000000000000000000000
0000000000000111111111111111111111111111111111111111111111111111111110000000000000
0000000000000111111111111111111111111111111111111111111111111111111110000000000000
0000000000000100000000000000000000000000000000000000000000000000000010000000000000
0000000000000100000000000000000000000000000000000000000000000000000010000000000000
0000000000000100000000000000000000000000000000000000000000000000000010000000000000
0000000000000100000000000000000000000000000000000000000000000000000010000000000000
0000000000000100000000000000000000000000000000000000000000000000000010000000000000
0000000000000100000000000000000000000000000000000000000000000000000010000000000000
0000000000000100000000000000000000000000000000000000000000000000000010000000000000
0000000000000100000000000000000000000000000000000000000000000000000010000000000000
0000000000000100000000000000000000000000000000000000000000000000000010000000000000
0000000000000100000000000000000000000000000000000000000000000000000010000000000000
0000000000000100000000000000000000000000000000000000000000000000000010000000000000
0000000000000100000000000000000000000000000000000000000000000000000010000000000000
0000000000000100000000000000000000000000000000000000000000000000000010000000000000
0000000000000100000000000000000000000000000000000000000000000000000010000000000000
0000000000000100000000000000000000000000000000000000000000000000000010000000000000
0000000000000100000000000000000000000000000000000000000000000000000010000000000000
0000000000000100000000000000000000000000000000000000000000000000000010000000000000
0000000000000100000000000000000000000000000000000000000000000000000010000000000000
0000000000000100000000000000000000000000000000000000000000000000000010000000000000
0000000000000100000000000000000000000000000000000000000000000000000010000000000000
0000000000000100000000000000000000000000000000000000000000000000000010000000000000
0000000000000100000000000000000000000000000000000000000000000000000010000000000000
0000000000000100000000000000000000000000000000000000000000000000000010000000000000
0000000000000100000000000000000000000000000000000000000000000000000010000000000000
0000000000000100000000000000000000000000000000000000000000000000000010000000000000
0000000000000100000000000000000000000000000000000000000000000000000010000000000000
0000000000000100000000000000000000000000000000000000000000000000000010000000000000
0000000000000100000000000000000000000000000000000000000000000000000010000000000000
0000000000000100000000000000000000000000000000000000000000000000000010000000000000
0000000000000100000000000000000000000000000000000000000000000000000010000000000000
0000000000000100000000000000000000000000000000000000000000000000000010000000000000
0000000000000100000000000000000000000000000000000000000000000000000010000000000000
0000000000000100000000000000000000000000000000000000000000000000000010000000000000
0000000000000100000000000000000000000000000000000000000000000000000010000000000000
0000000000000100000000000000000000000000000000000000000000000000000010000000000000
0000000000000100000000000000000000000000000000000000000000000000000010000000000000
0000000000000100000000000000000000000000000000000000000000000000000010000000000000
0000000000000100000000000000000000000000000000000000000000000000000010000000000000
0000000000000100000000000000000000000000000000000000000000000000000010000000000000
0000000000000100000000000000000000000000000000000000000000000000000010000000000000
0000000000000100000000000000000000000000000000000000000000000000000010000000000000
0000000000000100000000000000000000000000000000000000000000000000000010000000000000
0000000000000100000000000000000000000000000000000000000000000000000010000000000000
0000000000000100000000000000000000000000000000000000000000000000000010000000000000
0000000000000100000000000000000000000000000000000000000000000000000010000000000000
0000000000000100000000000000000000000000000000000000000000000000000010000000000000
0000000000000100000000000000000000000000000000000000000000000000000010000000000000
0000000000000100000000000000000000000000000000000000000000000000000010000000000000
0000000000000100000000000000000000000000000000000000000000000000000010000000000000
0000000000000100000000000000000000000000000000000000000000000000000010000000000000
0000000000000100000000000000000000000000000000000000000000000000000010000000000000
0000000000000100000000000000000000000000000000000000000000000000000010000000000000
0000000000000100000000000000000000000000000000000000000000000000000010000000000000
0000000000000111111111111111111111111111111111111111111111111111111110000000000000
0000000000000111111111111111111111111111111111111111111111111111111110000000000000
0000000000000000000000000000000000000000000000000000000000000000000000000000000000
0000000000000000000000000000000000000000000000000000000000000000000000000000000000
0000000000000000000000000000000000000000000000000000000000000000000000000000000000
0000000000000000000000000000000000000000000000000000000000000000000000000000000000
0000000000000000000000000000000000000000000000000000000000000000000000000000000000
0000000000000000000000000000000000000000000000000000000000000000000000000000000000
0000000000000000000000000000000000000000000000000000000000000000000000000000000000
0000000000000000000000000000000000000000000000000000000000000000000000000000000000
0000000000000000000000000000000000000000000000000000000000000000000000000000000000
0000000000000000000000000000000000000000000000000000000000000000000000000000000000
0000000000000000000000000000000000000000000000000000000000000000000000000000000000
0000000000000000000000000000000000000000000000000000000000000000000000000000000000

0000000000000000000000000000000000000000000000000000000000000000000000000000000000
0000000000000000000000000000000000000000000000000000000000000000000000000000000000
0000000000000000000000000000000000000000000000000000000000000000000000000000000000
0000000000000000000000000000000000000000000000000000000000000000000000000000000000
0000000000000000000000000000000000000000000000000000000000000000000000000000000000
0000000000000000000000000000000000000000000000000000000000000000000000000000000000
0000000000000000000000000000000000000000000000000000000000000000000000000000000000
0000000000000000000000000000000000000000000000000000000000000000000000000000000000
0000000000000000000000000000000000000000000000000000000000000000000000000000000000
0000000000000000000000000000000000000000000000000000000000000000000000000000000000
0000000000000000000000000000000000000000000000000000000000000000000000000000000000
0000000000000000000000000000000000000000000000000000000000000000000000000000000000
0000000000000000000000000000000000000000000000000000000000000000000000000000000000
0000000000000000000000000001111111111111111111111111111000000000000000000000000000
0000000000000000000000000011111111111111111111111111111100000000000000000000000000
0000000000000000000000000010000000000000000000000000000110000000000000000000000000
0000000000000000000000000110000000000000000000000000000110000000000000000000000000
0000000000000000000000000100000000000000000000000000000011000000000000000000000000
0000000000000000000000001100000000000000000000000000000011000000000000000000000000
0000000000000000000000001000000000000000000000000000000001100000000000000000000000
0000000000000000000000011000000000000000000000000000000001100000000000000000000000
0000000000000000000000010000000000000000000000000000000000110000000000000000000000
0000000000000000000000110000000000000000000000000000000000110000000000000000000000
0000000000000000000000100000000000000000000000000000000000011000000000000000000000
0000000000000000000001100000000000000000000000000000000000011000000000000000000000
0000000000000000000001000000000000000000000000000000000000001100000000000000000000
0000000000000000000011000000000000000000000000000000000000001100000000000000000000
0000000000000000000010000000000000000000000000000000000000000110000000000000000000
0000000000000000000110000000000000000000000000000000000000000110000000000000000000
0000000000000000000100000000000000000000000000000000000000000011000000000000000000
0000000000000000001100000000000000000000000000000000000000000011000000000000000000
0000000000000000001000000000000000000000000000000000000000000001100000000000000000
0000000000000000011000000000000000000000000000000000000000000001100000000000000000
0000000000000000010000000000000000000000000000000000000000000000110000000000000000
0000000000000000110000000000000000000000000000000000000000000000110000000000000000
0000000000000000100000000000000000000000000000000000000000000000011000000000000000
0000000000000001100000000000000000000000000000000000000000000000011000000000000000
0000000000000001000000000000000000000000000000000000000000000000001100000000000000
0000000000000011000000000000000000000000000000000000000000000000001100000000000000
0000000000000010000000000000000000000000000000000000000000000000000110000000000000
0000000000000110000000000000000000000000000000000000000000000000000110000000000000
0000000000000110000000000000000000000000000000000000000000000000000010000000000000
0000000000000110000000000000000000000000000000000000000000000000000110000000000000
0000000000000011000000000000000000000000000000000000000000000000000100000000000000
0000000000000011000000000000000000000000000000000000000000000000001100000000000000
0000000000000001100000000000000000000000000000000000000000000000001000000000000000
0000000000000001100000000000000000000000000000000000000000000000011000000000000000
0000000000000000110000000000000000000000000000000000000000000000010000000000000000
0000000000000000110000000000000000000000000000000000000000000000110000000000000000
0000000000000000011000000000000000000000000000000000000000000000100000000000000000
0000000000000000011000000000000000000000000000000000000000000001100000000000000000
0000000000000000001100000000000000000000000000000000000000000001000000000000000000
0000000000000000001100000000000000000000000000000000000000000011000000000000000000
0000000000000000000110000000000000000000000000000000000000000010000000000000000000
0000000000000000000110000000000000000000000000000000000000000110000000000000000000
0000000000000000000011000000000000000000000000000000000000000100000000000000000000
0000000000000000000011000000000000000000000000000000000000001100000000000000000000
0000000000000000000001100000000000000000000000000000000000001000000000000000000000
0000000000000000000001100000000000000000000000000000000000011000000000000000000000
0000000000000000000000110000000000000000000000000000000000010000000000000000000000
0000000000000000000000110000000000000000000000000000000000110000000000000000000000
0000000000000000000000011000000000000000000000000000000000100000000000000000000000
0000000000000000000000011000000000000000000000000000000001100000000000000000000000
0000000000000000000000001100000000000000000000000000000001000000000000000000000000
0000000000000000000000001100000000000000000000000000000011000000000000000000000000
0000000000000000000000000110000000000000000000000000000010000000000000000000000000
0000000000000000000000000110000000000000000000000000000110000000000000000000000000
0000000000000000000000000011000000000000000000000000000100000000000000000000000000
0000000000000000000000000011111111111111111111111111111100000000000000000000000000
0000000000000000000000000001111111111111111111111111111000000000000000000000000000
0000000000000000000000000000000000000000000000000000000000000000000000000000000000
0000000000000000000000000000000000000000000000000000000000000000000000000000000000
0000000000000000000000000000000000000000000000000000000000000000000000000000000000
0000000000000000000000000000000000000000000000000000000000000000000000000000000000
0000000000000000000000000000000000000000000000000000000000000000000000000000000000
0000000000000000000000000000000000000000000000000000000000000000000000000000000000
0000000000000000000000000000000000000000000000000000000000000000000000000000000000
0000000000000000000000000000000000000000000000000000000000000000000000000000000000
0000000000000000000000000000000000000000000000000000000000000000000000000000000000
0000000000000000000000000000000000000000000000000000000000000000000000000000000000
0000000000000000000000000000000000000000000000000000000000000000000000000000000000
0000000000000000000000000000000000000000000000000000000000000000000000000000000000

== Output ==
0000000000000000000000000000000000000000000000000000000000000000000000000000000000
0000000000000000000000000000000000000000000000000000000000000000000000000000000000
0000000000000000000000000000000000000000000000000000000000000000000000000000000000
0000000000000000000000000000000000000000000000000000000000000000000000000000000000
0000000000000000000000000000000000000000000000000000000000000000000000000000000000
0000000000000000000000000000000000000000000000000000000000000000000000000000000000
0000000000000000000000000000000000000000000000000000000000000000000000000000000000
0000000000000000000000000000000000000000000000000000000000000000000000000000000000
0000000000000000000000000000000000000000000000000000000000000000000000000000000000
0000000000000000000000000000000000000000000000000000000000000000000000000000000000
0000000000000000000000000000000000000000000000000000000000000000000000000000000000
0000000000000000000000000000000000000000000000000000000000000000000000000000000000
0000000000000000000000000000000000000000000000000000000000000000000000000000000000
0000000000000000000000000000000000000000110000000000000000000000000000000000000000
0000000000000000000000000000000000000001110000000000000000000000000000000000000000
0000000000000000000000000000000000000001111000000000000000000000000000000000000000
0000000000000000000000000000000000000011011000000000000000000000000000000000000000
0000000000000000000000000000000000000011001100000000000000000000000000000000000000
0000000000000000000000000000000000000110001100000000000000000000000000000000000000
0000000000000000000000000000000000000110000110000000000000000000000000000000000000
0000000000000000000000000000000000001100000110000000000000000000000000000000000000
0000000000000000000000000000000000001100000011000000000000000000000000000000000000
0000000000000000000000000000000000011000000011000000000000000000000000000000000000
0000000000000000000000000000000000011000000001100000000000000000000000000000000000
0000000000000000000000000000000000110000000001100000000000000000000000000000000000
0000000000000000000000000000000000110000000000110000000000000000000000000000000000
0000000000000000000000000000000001100000000000110000000000000000000000000000000000
0000000000000000000000000000000001100000000000011000000000000000000000000000000000
0000000000000000000000000000000011000000000000011000000000000000000000000000000000
0000000000000000000000000000000011000000000000001100000000000000000000000000000000
0000000000000000000000000000000110000000000000001100000000000000000000000000000000
0000000000000000000000000000000110000000000000000110000000000000000000000000000000
0000000000000000000000000000001100000000000000000110000000000000000000000000000000
0000000000000000000000000000001100000000000000000011000000000000000000000000000000
0000000000000000000000000000011000000000000000000011000000000000000000000000000000
0000000000000000000000000000011000000000000000000001100000000000000000000000000000
0000000000000000000000000000110000000000000000000001100000000000000000000000000000
0000000000000000000000000000110000000000000000000000110000000000000000000000000000
0000000000000000000000000001100000000000000000000000110000000000000000000000000000
0000000000000000000000000001100000000000000000000000011000000000000000000000000000
0000000000000000000000000011000000000000000000000000011000000000000000000000000000
0000000000000000000000000011000000000000000000000000001100000000000000000000000000
0000000000000000000000000110000000000000000000000000001100000000000000000000000000
0000000000000000000000000110000000000000000000000000000110000000000000000000000000
0000000000000000000000001100000000000000000000000000000110000000000000000000000000
0000000000000000000000001100000000000000000000000000000011000000000000000000000000
0000000000000000000000011000000000000000000000000000000011000000000000000000000000
0000000000000000000000011000000000000000000000000000000001100000000000000000000000
0000000000000000000000110000000000000000000000000000000001100000000000000000000000
0000000000000000000000110000000000000000000000000000000000110000000000000000000000
0000000000000000000001100000000000000000000000000000000000110000000000000000000000
0000000000000000000001100000000000000000000000000000000000011000000000000000000000
0000000000000000000011000000000000000000000000000000000000011000000000000000000000
0000000000000000000011000000000000000000000000000000000000001100000000000000000000
0000000000000000000110000000000000000000000000000000000000001100000000000000000000
0000000000000000000110000000000000000000000000000000000000000110000000000000000000
0000000000000000001100000000000000000000000000000000000000000110000000000000000000
0000000000000000001100000000000000000000000000000000000000000011000000000000000000
0000000000000000011000000000000000000000000000000000000000000011000000000000000000
0000000000000000011000000000000000000000000000000000000000000001100000000000000000
0000000000000000110000000000000000000000000000000000000000000001100000000000000000
0000000000000000110000000000000000000000000000000000000000000000110000000000000000
0000000000000001100000000000000000000000000000000000000000000000110000000000000000
0000000000000001100000000000000000000000000000000000000000000000011000000000000000
0000000000000011000000000000000000000000000000000000000000000000011000000000000000
0000000000000011000000000000000000000000000000000000000000000000001100000000000000
0000000000000110000000000000000000000000000000000000000000000000001100000000000000
0000000000000110000000000000000000000000000000000000000000000000000110000000000000
0000000000000111111111111111111111111111111111111111111111111111111110000000000000
0000000000000000000000000000000000000000000000000000000000000000000000000000000000
0000000000000000000000000000000000000000000000000000000000000000000000000000000000
0000000000000000000000000000000000000000000000000000000000000000000000000000000000
0000000000000000000000000000000000000000000000000000000000000000000000000000000000
0000000000000000000000000000000000000000000000000000000000000000000000000000000000
0000000000000000000000000000000000000000000000000000000000000000000000000000000000
0000000000000000000000000000000000000000000000000000000000000000000000000000000000
0000000000000000000000000000000000000000000000000000000000000000000000000000000000
0000000000000000000000000000000000000000000000000000000000000000000000000000000000
0000000000000000000000000000000000000000000000000000000000000000000000000000000000
0000000000000000000000000000000000000000000000000000000000000000000000000000000000
0000000000000000000000000000000000000000000000000000000000000000000000000000000000
0000000000000000000000000000000000000000000000000000000000000000000000000000000000

0000000000000000000000000000000000000000000000000000000000000000000000000000000000
0000000000000000000000000000000000000000000000000000000000000000000000000000000000
0000000000000000000000000000000000000000000000000000000000000000000000000000000000
0000000000000000000000000000000000000000000000000000000000000000000000000000000000
0000000000000000000000000000000000000000000000000000000000000000000000000000000000
0000000000000000000000000000000000000000000000000000000000000000000000000000000000
0000000000000000000000000000000000000000000000000000000000000000000000000000000000
0000000000000000000000000000000000000000000000000000000000000000000000000000000000
0000000000000000000000000000000000000000000000000000000000000000000000000000000000
0000000000000000000000000000000000000000000000000000000000000000000000000000000000
0000000000000000000000000000000000000000000000000000000000000000000000000000000000
0000000000000000000000000000000000000000000000000000000000000000000000000000000000
0000000000000000000000000000000000000000000000000000000000000000000000000000000000
0000000000000111111111111111111111111111111111111111111111111111111110000000000000
0000000000000100000000000000000000000000000000000000000000000000000110000000000000
0000000000000100000000000000000000000000000000000000000000000000000010000000000000
0000000000000100000000000000000000000000000000000000000000000000000010000000000000
0000000000000100000000000000000000000000000000000000000000000000000010000000000000
0000000000000100000000000000000000000000000000000000000000000000000010000000000000
0000000000000100000000000000000000000000000000000000000000000000000010000000000000
0000000000000100000000000000000000000000000000000000000000000000000010000000000000
0000000000000100000000000000000000000000000000000000000000000000000010000000000000
0000000000000100000000000000000000000000000000000000000000000000000010000000000000
0000000000000100000000000000000000000000000000000000000000000000000010000000000000
0000000000000100000000000000000000000000000000000000000000000000000010000000000000
0000000000000100000000000000000000000000000000000000000000000000000010000000000000
0000000000000100000000000000000000000000000000000000000000000000000010000000000000
0000000000000100000000000000000000000000000000000000000000000000000010000000000000
0000000000000100000000000000000000000000000000000000000000000000000010000000000000
0000000000000100000000000000000000000000000000000000000000000000000010000000000000
0000000000000100000000000000000000000000000000000000000000000000000010000000000000
0000000000000100000000000000000000000000000000000000000000000000000010000000000000
0000000000000100000000000000000000000000000000000000000000000000000010000000000000
0000000000000100000000000000000000000000000000000000000000000000000010000000000000
0000000000000100000000000000000000000000000000000000000000000000000010000000000000
0000000000000100000000000000000000000000000000000000000000000000000010000000000000
0000000000000100000000000000000000000000000000000000000000000000000010000000000000
0000000000000100000000000000000000000000000000000000000000000000000010000000000000
0000000000000100000000000000000000000000000000000000000000000000000010000000000000
0000000000000100000000000000000000000000000000000000000000000000000010000000000000
0000000000000100000000000000000000000000000000000000000000000000000010000000000000
0000000000000100000000000000000000000000000000000000000000000000000010000000000000
0000000000000100000000000000000000000000000000000000000000000000000010000000000000
0000000000000100000000000000000000000000000000000000000000000000000010000000000000
0000000000000100000000000000000000000000000000000000000000000000000010000000000000
0000000000000100000000000000000000000000000000000000000000000000000010000000000000
0000000000000100000000000000000000000000000000000000000000000000000010000000000000
0000000000000100000000000000000000000000000000000000000000000000000010000000000000
0000000000000100000000000000000000000000000000000000000000000000000010000000000000
0000000000000100000000000000000000000000000000000000000000000000000010000000000000
0000000000000100000000000000000000000000000000000000000000000000000010000000000000
0000000000000100000000000000000000000000000000000000000000000000000010000000000000
0000000000000100000000000000000000000000000000000000000000000000000010000000000000
0000000000000100000000000000000000000000000000000000000000000000000010000000000000
0000000000000100000000000000000000000000000000000000000000000000000010000000000000
0000000000000100000000000000000000000000000000000000000000000000000010000000000000
0000000000000100000000000000000000000000000000000000000000000000000010000000000000
0000000000000100000000000000000000000000000000000000000000000000000010000000000000
0000000000000100000000000000000000000000000000000000000000000000000010000000000000
0000000000000100000000000000000000000000000000000000000000000000000010000000000000
0000000000000100000000000000000000000000000000000000000000000000000010000000000000
0000000000000100000000000000000000000000000000000000000000000000000010000000000000
0000000000000100000000000000000000000000000000000000000000000000000010000000000000
0000000000000100000000000000000000000000000000000000000000000000000010000000000000
0000000000000100000000000000000000000000000000000000000000000000000010000000000000
0000000000000100000000000000000000000000000000000000000000000000000010000000000000
0000000000000100000000000000000000000000000000000000000000000000000010000000000000
0000000000000100000000000000000000000000000000000000000000000000000110000000000000
0000000000000111111111111111111111111111111111111111111111111111111110000000000000
0000000000000000000000000000000000000000000000000000000000000000000000000000000000
0000000000000000000000000000000000000000000000000000000000000000000000000000000000
0000000000000000000000000000000000000000000000000000000000000000000000000000000000
0000000000000000000000000000000000000000000000000000000000000000000000000000000000
0000000000000000000000000000000000000000000000000000000000000000000000000000000000
0000000000000000000000000000000000000000000000000000000000000000000000000000000000
0000000000000000000000000000000000000000000000000000000000000000000000000000000000
0000000000000000000000000000000000000000000000000000000000000000000000000000000000
0000000000000000000000000000000000000000000000000000000000000000000000000000000000
0000000000000000000000000000000000000000000000000000000000000000000000000000000000
0000000000000000000000000000000000000000000000000000000000000000000000000000000000
0000000000000000000000000000000000000000000000000000000000000000000000000000000000
0000000000000000000000000000000000000000000000000000000000000000000000000000000000

0000000000000000000000000000000000000000000000000000000000000000000000000000000000
0000000000000000000000000000000000000000000000000000000000000000000000000000000000
0000000000000000000000000000000000000000000000000000000000000000000000000000000000
0000000000000000000000000000000000000000000000000000000000000000000000000000000000
0000000000000000000000000000000000000000000000000000000000000000000000000000000000
0000000000000000000000000000000000000000000000000000000000000000000000000000000000
0000000000000000000000000000000000000000000000000000000000000000000000000000000000
0000000000000000000000000000000000000000000000000000000000000000000000000000000000
0000000000000000000000000000000000000000000000000000000000000000000000000000000000
0000000000000000000000000000000000000000000000000000000000000000000000000000000000
0000000000000000000000000000000000000000000000000000000000000000000000000000000000
0000000000000000000000000000000000000000000000000000000000000000000000000000000000
0000000000000000000000000000000000000000000000000000000000000000000000000000000000
0000000000000000000000000000000000000000110000000000000000000000000000000000000000
0000000000000000000000000000000000000011111000000000000000000000000000000000000000
0000000000000000000000000000000000000111001110000000000000000000000000000000000000
0000000000000000000000000000000000001100000111000000000000000000000000000000000000
0000000000000000000000000000000000111000000001100000000000000000000000000000000000
0000000000000000000000000000000001110000000000111000000000000000000000000000000000
0000000000000000000000000000000011000000000000011100000000000000000000000000000000
0000000000000000000000000000000110000000000000000110000000000000000000000000000000
0000000000000000000000000000011100000000000000000011100000000000000000000000000000
0000000000000000000000000000111000000000000000000001110000000000000000000000000000
0000000000000000000000000001100000000000000000000000011000000000000000000000000000
0000000000000000000000000111000000000000000000000000001110000000000000000000000000
0000000000000000000000001110000000000000000000000000000111000000000000000000000000
0000000000000000000000011000000000000000000000000000000001100000000000000000000000
0000000000000000000001110000000000000000000000000000000000110000000000000000000000
0000000000000000000011100000000000000000000000000000000000011100000000000000000000
0000000000000000000110000000000000000000000000000000000000000110000000000000000000
0000000000000000011100000000000000000000000000000000000000000011000000000000000000
0000000000000000111000000000000000000000000000000000000000000001110000000000000000
0000000000000001100000000000000000000000000000000000000000000000111000000000000000
0000000000000011000000000000000000000000000000000000000000000000001100000000000000
0000000000000110000000000000000000000000000000000000000000000000000110000000000000
0000000000000110000000000000000000000000000000000000000000000000000110000000000000
0000000000000110000000000000000000000000000000000000000000000000000110000000000000
0000000000000010000000000000000000000000000000000000000000000000000100000000000000
0000000000000011000000000000000000000000000000000000000000000000001100000000000000
0000000000000011000000000000000000000000000000000000000000000000001100000000000000
0000000000000011000000000000000000000000000000000000000000000000001000000000000000
0000000000000001000000000000000000000000000000000000000000000000011000000000000000
0000000000000001100000000000000000000000000000000000000000000000011000000000000000
0000000000000001100000000000000000000000000000000000000000000000011000000000000000
0000000000000000100000000000000000000000000000000000000000000000010000000000000000
0000000000000000110000000000000000000000000000000000000000000000110000000000000000
0000000000000000110000000000000000000000000000000000000000000000110000000000000000
0000000000000000010000000000000000000000000000000000000000000000100000000000000000
0000000000000000011000000000000000000000000000000000000000000001100000000000000000
0000000000000000011000000000000000000000000000000000000000000001100000000000000000
0000000000000000001000000000000000000000000000000000000000000001000000000000000000
0000000000000000001100000000000000000000000000000000000000000011000000000000000000
0000000000000000001100000000000000000000000000000000000000000011000000000000000000
0000000000000000001100000000000000000000000000000000000000000010000000000000000000
0000000000000000000100000000000000000000000000000000000000000110000000000000000000
0000000000000000000110000000000000000000000000000000000000000110000000000000000000
0000000000000000000110000000000000000000000000000000000000000100000000000000000000
0000000000000000000010000000000000000000000000000000000000001100000000000000000000
0000000000000000000011000000000000000000000000000000000000001100000000000000000000
0000000000000000000011000000000000000000000000000000000000001100000000000000000000
0000000000000000000001000000000000000000000000000000000000001000000000000000000000
0000000000000000000001100000000000000000000000000000000000011000000000000000000000
0000000000000000000001100000000000000000000000000000000000011000000000000000000000
0000000000000000000000100000000000000000000000000000000000010000000000000000000000
0000000000000000000000110000000000000000000000000000000000110000000000000000000000
0000000000000000000000110000000000000000000000000000000000110000000000000000000000
0000000000000000000000110000000000000000000000000000000000100000000000000000000000
0000000000000000000000011000000000000000000000000000000001100000000000000000000000
0000000000000000000000011111111111111111111111111111111111100000000000000000000000
0000000000000000000000000000000000000000000000000000000000000000000000000000000000
0000000000000000000000000000000000000000000000000000000000000000000000000000000000
0000000000000000000000000000000000000000000000000000000000000000000000000000000000
0000000000000000000000000000000000000000000000000000000000000000000000000000000000
0000000000000000000000000000000000000000000000000000000000000000000000000000000000
0000000000000000000000000000000000000000000000000000000000000000000000000000000000
0000000000000000000000000000000000000000000000000000000000000000000000000000000000
0000000000000000000000000000000000000000000000000000000000000000000000000000000000
0000000000000000000000000000000000000000000000000000000000000000000000000000000000
0000000000000000000000000000000000000000000000000000000000000000000000000000000000
0000000000000000000000000000000000000000000000000000000000000000000000000000000000
0000000000000000000000000000000000000000000000000000000000000000000000000000000000
0000000000000000000000000000000000000000000000000000000000000000000000000000000000

0000000000000000000000000000000000000000000000000000000000000000000000000000000000
0000000000000000000000000000000000000000000000000000000000000000000000000000000000
0000000000000000000000000000000000000000000000000000000000000000000000000000000000
0000000000000000000000000000000000000000000000000000000000000000000000000000000000
0000000000000000000000000000000000000000000000000000000000000000000000000000000000
0000000000000000000000000000000000000000000000000000000000000000000000000000000000
0000000000000000000000000000000000000000000000000000000000000000000000000000000000
0000000000000000000000000000000000000000000000000000000000000000000000000000000000
0000000000000000000000000000000000000000000000000000000000000000000000000000000000
0000000000000000000000000000000000000000000000000000000000000000000000000000000000
0000000000000000000000000000000000000000000000000000000000000000000000000000000000
0000000000000000000000000000000000000000000000000000000000000000000000000000000000
0000000000000000000000000000000000000000000000000000000000000000000000000000000000
0000000000000000000000000011111111111111111111111111111100000000000000000000000000
0000000000000000000000000011000000000000000000000000001100000000000000000000000000
0000000000000000000000000110000000000000000000000000000110000000000000000000000000
0000000000000000000000000110000000000000000000000000000110000000000000000000000000
0000000000000000000000001100000000000000000000000000000011000000000000000000000000
0000000000000000000000001100000000000000000000000000000011000000000000000000000000
0000000000000000000000011000000000000000000000000000000001100000000000000000000000
0000000000000000000000011000000000000000000000000000000001100000000000000000000000
0000000000000000000000110000000000000000000000000000000000110000000000000000000000
0000000000000000000000110000000000000000000000000000000000110000000000000000000000
0000000000000000000001100000000000000000000000000000000000011000000000000000000000
0000000000000000000001100000000000000000000000000000000000011000000000000000000000
0000000000000000000011000000000000000000000000000000000000001100000000000000000000
0000000000000000000011000000000000000000000000000000000000001100000000000000000000
0000000000000000000110000000000000000000000000000000000000000110000000000000000000
0000000000000000000110000000000000000000000000000000000000000110000000000000000000
0000000000000000001100000000000000000000000000000000000000000011000000000000000000
0000000000000000001100000000000000000000000000000000000000000011000000000000000000
0000000000000000011000000000000000000000000000000000000000000001100000000000000000
0000000000000000011000000000000000000000000000000000000000000001100000000000000000
0000000000000000110000000000000000000000000000000000000000000000110000000000000000
0000000000000000110000000000000000000000000000000000000000000000110000000000000000
0000000000000001100000000000000000000000000000000000000000000000011000000000000000
0000000000000001100000000000000000000000000000000000000000000000011000000000000000
0000000000000011000000000000000000000000000000000000000000000000001100000000000000
0000000000000011000000000000000000000000000000000000000000000000001100000000000000
0000000000000110000000000000000000000000000000000000000000000000000110000000000000
0000000000000110000000000000000000000000000000000000000000000000000110000000000000
0000000000000110000000000000000000000000000000000000000000000000000110000000000000
0000000000000110000000000000000000000000000000000000000000000000000110000000000000
0000000000000011000000000000000000000000000000000000000000000000001100000000000000
0000000000000011000000000000000000000000000000000000000000000000001100000000000000
0000000000000001100000000000000000000000000000000000000000000000011000000000000000
0000000000000001100000000000000000000000000000000000000000000000011000000000000000
0000000000000000110000000000000000000000000000000000000000000000110000000000000000
0000000000000000110000000000000000000000000000000000000000000000110000000000000000
0000000000000000011000000000000000000000000000000000000000000001100000000000000000
0000000000000000011000000000000000000000000000000000000000000001100000000000000000
0000000000000000001100000000000000000000000000000000000000000011000000000000000000
0000000000000000001100000000000000000000000000000000000000000011000000000000000000
0000000000000000000110000000000000000000000000000000000000000110000000000000000000
0000000000000000000110000000000000000000000000000000000000000110000000000000000000
0000000000000000000011000000000000000000000000000000000000001100000000000000000000
0000000000000000000011000000000000000000000000000000000000001100000000000000000000
0000000000000000000001100000000000000000000000000000000000011000000000000000000000
0000000000000000000001100000000000000000000000000000000000011000000000000000000000
0000000000000000000000110000000000000000000000000000000000110000000000000000000000
0000000000000000000000110000000000000000000000000000000000110000000000000000000000
0000000000000000000000011000000000000000000000000000000001100000000000000000000000
0000000000000000000000011000000000000000000000000000000001100000000000000000000000
0000000000000000000000001100000000000000000000000000000011000000000000000000000000
0000000000000000000000001100000000000000000000000000000011000000000000000000000000
0000000000000000000000000110000000000000000000000000000110000000000000000000000000
0000000000000000000000000110000000000000000000000000000110000000000000000000000000
0000000000000000000000000011000000000000000000000000001100000000000000000000000000
0000000000000000000000000011111111111111111111111111111100000000000000000000000000
0000000000000000000000000000000000000000000000000000000000000000000000000000000000
0000000000000000000000000000000000000000000000000000000000000000000000000000000000
0000000000000000000000000000000000000000000000000000000000000000000000000000000000
0000000000000000000000000000000000000000000000000000000000000000000000000000000000
0000000000000000000000000000000000000000000000000000000000000000000000000000000000
0000000000000000000000000000000000000000000000000000000000000000000000000000000000
0000000000000000000000000000000000000000000000000000000000000000000000000000000000
0000000000000000000000000000000000000000000000000000000000000000000000000000000000
0000000000000000000000000000000000000000000000000000000000000000000000000000000000
0000000000000000000000000000000000000000000000000000000000000000000000000000000000
0000000000000000000000000000000000000000000000000000000000000000000000000000000000
0000000000000000000000000000000000000000000000000000000000000000000000000000000000
0000000000000000000000000000000000000000000000000000000000000000000000000000000000

0000000000000000000000000000000000000000000000000000000000000000000000000000000000
0000000000000000000000000000000000000000000000000000000000000000000000000000000000
0000000000000000000000000000000000000000000000000000000000000000000000000000000000
0000000000000000000000000000000000000000000000000000000000000000000000000000000000
0000000000000000000000000000000000000000000000000000000000000000000000000000000000
0000000000000000000000000000000000000000000000000000000000000000000000000000000000
0000000000000000000000000000000000000000000000000000000000000000000000000000000000
0000000000000000000000000000000000000000000000000000000000000000000000000000000000
0000000000000000000000000000000000000000000000000000000000000000000000000000000000
0000000000000000000000000000000000000000000000000000000000000000000000000000000000
0000000000000000000000000000000000000000000000000000000000000000000000000000000000
0000000000000000000000000000000000000000000000000000000000000000000000000000000000
0000000000000000000000000000000000000000000000000000000000000000000000000000000000
0000000000000000000000000000000000000001111000000000000000000000000000000000000000
0000000000000000000000000000000000000111111110000000000000000000000000000000000000
0000000000000000000000000000000000011110000111100000000000000000000000000000000000
0000000000000000000000000000000001111000000001111000000000000000000000000000000000
0000000000000000000000000000000111100000000000011110000000000000000000000000000000
0000000000000000000000000000011110000000000000000111100000000000000000000000000000
0000000000000000000000000001111000000000000000000001111000000000000000000000000000
0000000000000000000000000111100000000000000000000000011110000000000000000000000000
0000000000000000000000011110000000000000000000000000000111100000000000000000000000
0000000000000000000001111000000000000000000000000000000001111000000000000000000000
0000000000000000000111100000000000000000000000000000000000011110000000000000000000
0000000000000000001110000000000000000000000000000000000000000111000000000000000000
0000000000000000001100000000000000000000000000000000000000000001000000000000000000
0000000000000000001000000000000000000000000000000000000000000001000000000000000000
0000000000000000001000000000000000000000000000000000000000000001100000000000000000
0000000000000000011000000000000000000000000000000000000000000001100000000000000000
0000000000000000011000000000000000000000000000000000000000000001100000000000000000
0000000000000000011000000000000000000000000000000000000000000000100000000000000000
0000000000000000010000000000000000000000000000000000000000000000110000000000000000
0000000000000000110000000000000000000000000000000000000000000000110000000000000000
0000000000000000110000000000000000000000000000000000000000000000110000000000000000
0000000000000000110000000000000000000000000000000000000000000000010000000000000000
0000000000000000100000000000000000000000000000000000000000000000010000000000000000
0000000000000000100000000000000000000000000000000000000000000000011000000000000000
0000000000000001100000000000000000000000000000000000000000000000011000000000000000
0000000000000001100000000000000000000000000000000000000000000000011000000000000000
0000000000000001100000000000000000000000000000000000000000000000001000000000000000
0000000000000001000000000000000000000000000000000000000000000000001100000000000000
0000000000000011000000000000000000000000000000000000000000000000001100000000000000
0000000000000011000000000000000000000000000000000000000000000000001100000000000000
0000000000000011000000000000000000000000000000000000000000000000000100000000000000
0000000000000010000000000000000000000000000000000000000000000000000100000000000000
0000000000000010000000000000000000000000000000000000000000000000000110000000000000
0000000000000110000000000000000000000000000000000000000000000000000110000000000000
0000000000000110000000000000000000000000000000000000000000000000000110000000000000
0000000000000110000000000000000000000000000000000000000000000000000010000000000000
0000000000000110000000000000000000000000000000000000000000000000000110000000000000
0000000000000011000000000000000000000000000000000000000000000000001100000000000000
0000000000000001100000000000000000000000000000000000000000000000001100000000000000
0000000000000001100000000000000000000000000000000000000000000000011000000000000000
0000000000000000110000000000000000000000000000000000000000000000110000000000000000
0000000000000000011000000000000000000000000000000000000000000001100000000000000000
0000000000000000001100000000000000000000000000000000000000000011000000000000000000
0000000000000000000110000000000000000000000000000000000000000011000000000000000000
0000000000000000000110000000000000000000000000000000000000000110000000000000000000
0000000000000000000011000000000000000000000000000000000000001100000000000000000000
0000000000000000000001100000000000000000000000000000000000011000000000000000000000
0000000000000000000000110000000000000000000000000000000000011000000000000000000000
0000000000000000000000110000000000000000000000000000000000110000000000000000000000
0000000000000000000000011000000000000000000000000000000001100000000000000000000000
0000000000000000000000001100000000000000000000000000000011000000000000000000000000
0000000000000000000000000110000000000000000000000000000110000000000000000000000000
0000000000000000000000000011000000000000000000000000000110000000000000000000000000
0000000000000000000000000011000000000000000000000000001100000000000000000000000000
0000000000000000000000000001100000000000000000000000011000000000000000000000000000
0000000000000000000000000000111111111111111111111111110000000000000000000000000000
0000000000000000000000000000000000000000000000000000000000000000000000000000000000
0000000000000000000000000000000000000000000000000000000000000000000000000000000000
0000000000000000000000000000000000000000000000000000000000000000000000000000000000
0000000000000000000000000000000000000000000000000000000000000000000000000000000000
0000000000000000000000000000000000000000000000000000000000000000000000000000000000
0000000000000000000000000000000000000000000000000000000000000000000000000000000000
0000000000000000000000000000000000000000000000000000000000000000000000000000000000
0000000000000000000000000000000000000000000000000000000000000000000000000000000000
0000000000000000000000000000000000000000000000000000000000000000000000000000000000
0000000000000000000000000000000000000000000000000000000000000000000000000000000000
0000000000000000000000000000000000000000000000000000000000000000000000000000000000
0000000000000000000000000000000000000000000000000000000000000000000000000000000000
0000000000000000000000000000000000000000000000000000000000000000000000000000000000

0000000000000000000000000000000000000000000000000000000000000000000000000000000000
0000000000000000000000000000000000000000000000000000000000000000000000000000000000
0000000000000000000000000000000000000000000000000000000000000000000000000000000000
0000000000000000000000000000000000000000000000000000000000000000000000000000000000
0000000000000000000000000000000000000000000000000000000000000000000000000000000000
0000000000000000000000000000000000000000000000000000000000000000000000000000000000
0000000000000000000000000000000000000000000000000000000000000000000000000000000000
0000000000000000000000000000000000000000000000000000000000000000000000000000000000
0000000000000000000000000000000000000000000000000000000000000000000000000000000000
0000000000000000000000000000000000000000000000000000000000000000000000000000000000
0000000000000000000000000000000000000000000000000000000000000000000000000000000000
0000000000000000000000000000000000000000000000000000000000000000000000000000000000
0000000000000000000000000000000000000000000000000000000000000000000000000000000000
0000000000000000000000000000011111111111111111111111110000000000000000000000000000
0000000000000000000000000000110000000000000000000000111000000000000000000000000000
0000000000000000000000000001100000000000000000000000011100000000000000000000000000
0000000000000000000000000011000000000000000000000000001110000000000000000000000000
0000000000000000000000000110000000000000000000000000000111000000000000000000000000
0000000000000000000000001100000000000000000000000000000011100000000000000000000000
0000000000000000000000011000000000000000000000000000000001110000000000000000000000
0000000000000000000000110000000000000000000000000000000000111000000000000000000000
0000000000000000000001100000000000000000000000000000000000011100000000000000000000
0000000000000000000011000000000000000000000000000000000000001110000000000000000000
0000000000000000000110000000000000000000000000000000000000000111000000000000000000
0000000000000000001100000000000000000000000000000000000000000011100000000000000000
0000000000000000011000000000000000000000000000000000000000000001110000000000000000
0000000000000000110000000000000000000000000000000000000000000000111000000000000000
0000000000000001100000000000000000000000000000000000000000000000011100000000000000
0000000000000011000000000000000000000000000000000000000000000000001110000000000000
0000000000000110000000000000000000000000000000000000000000000000000110000000000000
0000000000000100000000000000000000000000000000000000000000000000000010000000000000
0000000000000100000000000000000000000000000000000000000000000000000010000000000000
0000000000000100000000000000000000000000000000000000000000000000000010000000000000
0000000000000100000000000000000000000000000000000000000000000000000010000000000000
0000000000000100000000000000000000000000000000000000000000000000000010000000000000
0000000000000100000000000000000000000000000000000000000000000000000010000000000000
0000000000000100000000000000000000000000000000000000000000000000000010000000000000
0000000000000100000000000000000000000000000000000000000000000000000010000000000000
0000000000000100000000000000000000000000000000000000000000000000000010000000000000
0000000000000100000000000000000000000000000000000000000000000000000010000000000000
0000000000000100000000000000000000000000000000000000000000000000000010000000000000
0000000000000100000000000000000000000000000000000000000000000000000010000000000000
0000000000000100000000000000000000000000000000000000000000000000000010000000000000
0000000000000100000000000000000000000000000000000000000000000000000010000000000000
0000000000000100000000000000000000000000000000000000000000000000000010000000000000
0000000000000100000000000000000000000000000000000000000000000000000010000000000000
0000000000000100000000000000000000000000000000000000000000000000000010000000000000
0000000000000100000000000000000000000000000000000000000000000000000010000000000000
0000000000000100000000000000000000000000000000000000000000000000000010000000000000
0000000000000100000000000000000000000000000000000000000000000000000010000000000000
0000000000000100000000000000000000000000000000000000000000000000000010000000000000
0000000000000100000000000000000000000000000000000000000000000000000010000000000000
0000000000000110000000000000000000000000000000000000000000000000000110000000000000
0000000000000011000000000000000000000000000000000000000000000000001110000000000000
0000000000000001100000000000000000000000000000000000000000000000011100000000000000
0000000000000000110000000000000000000000000000000000000000000000111000000000000000
0000000000000000011000000000000000000000000000000000000000000001110000000000000000
0000000000000000001100000000000000000000000000000000000000000011100000000000000000
0000000000000000000110000000000000000000000000000000000000000111000000000000000000
0000000000000000000011000000000000000000000000000000000000001110000000000000000000
0000000000000000000001100000000000000000000000000000000000011100000000000000000000
0000000000000000000000110000000000000000000000000000000000111000000000000000000000
0000000000000000000000011000000000000000000000000000000001110000000000000000000000
0000000000000000000000001100000000000000000000000000000011100000000000000000000000
0000000000000000000000000110000000000000000000000000000111000000000000000000000000
0000000000000000000000000011000000000000000000000000001110000000000000000000000000
0000000000000000000000000001100000000000000000000000011100000000000000000000000000
0000000000000000000000000000110000000000000000000000111000000000000000000000000000
0000000000000000000000000000011111111111111111111111110000000000000000000000000000
0000000000000000000000000000000000000000000000000000000000000000000000000000000000
0000000000000000000000000000000000000000000000000000000000000000000000000000000000
0000000000000000000000000000000000000000000000000000000000000000000000000000000000
0000000000000000000000000000000000000000000000000000000000000000000000000000000000
0000000000000000000000000000000000000000000000000000000000000000000000000000000000
0000000000000000000000000000000000000000000000000000000000000000000000000000000000
0000000000000000000000000000000000000000000000000000000000000000000000000000000000
0000000000000000000000000000000000000000000000000000000000000000000000000000000000
0000000000000000000000000000000000000000000000000000000000000000000000000000000000
0000000000000000000000000000000000000000000000000000000000000000000000000000000000
0000000000000000000000000000000000000000000000000000000000000000000000000000000000
0000000000000000000000000000000000000000000000000000000000000000000000000000000000
0000000000000000000000000000000000000000000000000000000000000000000000000000000000

== SDRs ==
00010000000000000000001100000100
10000000000000100100000000000010
00000000011001000100000010000000
00000000101000010000000000000000
10000000000000000000001000000000
00001110101100000000100000000000
00000000000000110000000000000000
00100000000000010000000000000000
00001000000001000000000001000100
10000001000000010000001000010000
00001000000000000010001001000000
00001101011000000000000000010000
00000000000000100010100000000000
01000010000000000000000010000100
00010100101000000000000000000000
10000000001111000100000000000100
00100001000000001000100000001010
00011000001000001010000010000111
01000000000001000000100010010000
00000110010100010000000000001010
00000010000010001000000000000000
00000000000000000000010000100000
00001000010100001010100000000000
00000000000000001000010000000000
00001000000100000000000001000001
00000000100001100000000000100001
00010000000000010001100000100001
10100001000000010010000000001010
00000100010001010101001000000000
00000010000000000000001000100000
00000000000001101000000000000000
01110001000100000010000001000000

00110000000000010000100100000100
00010000000000100000110000000001
00000000010000100000000010000000
00000000000001000000000000001000
10000000000000101000001000000000
00000010101000001010000000000000
10010101000000000000000000010000
00000000000010101000000000010001
00001010000000000001000000000110
00001001000000010001000001000000
00100100000000000000000010000000
01011000010000000000000000010000
00100100100000010010000000000000
00000001000000000111000100000100
00010010001000000000000000000000
00000000000000000010000000000000
00000000000000000100010000010010
00010000001100001010100010000011
00000000000011000000001011010100
00000010000000000000000000000000
00110000000010011000000000000000
00000001000000000000000000100000
00111010000000001010000000000000
00000000001000000000000000001100
00000010000000000001010000000001
00000000000000100001000000010001
00000000000000010000010000000010
01100000000000000000000100001000
00000000010001011110000000000000
00000000000000000000000000011000
00100100111001100000000000010000
00100000000100000000000000000000

10010001000000000001010000010000
00100100000000010000100000011000
00000100010000100000001010000000
00000000000000000100010000001100
00000000001000000000001100000110
01001101001010000010000000000000
00000000000000100000100000000000
00000000000100000000000001100001
00001000000000010000000000100100
00000000000000000010011011000000
00101000000000000000000010000000
00000100111000000000000000000000
00110000001000010010101000100000
00000010000000100000000100100100
10000000001000001000000000000000
00000000000000000100000000000100
10100000000000000000000000010010
00001000001000000010000000001000
01000000100010000000000001010100
00000010100000000000000000001000
00000010101010001110000000100001
10000001000000010000000010100000
10001000000000001000001000100000
00001000011000000000000000000000
00110000000000000001010000000001
00000000000000100000000000000001
00000000100000010000110100000000
01000001000000011000001100101000
00000000000001010110010110000000
00000000000000000000001000001000
00100010000000000000000000000000
00100000000000000000000001000000

00000000010000001000000000000000
01010000001000000000010011000000
00001000100001000000000010100000
00000100000001100000000001010000
00000000000100010000001000000000
00000010000000001000000010000011
10010000000101010000000000000000
10110000000010100000000000000011
00001000000000100100000000100100
00010000011001000000000000000000
00100000000000010010100010100000
11110000000000000000000000000000
00000000100010110000000010000000
00000000000000000000001000110010
00000000001000000100000000100000
00000001010000000000010010000010
00011011000000010000000001000000
00000000000000100000100000000010
00010000000010000000100000001100
00000000001000010000100000000001
01010000001010001101000000001001
10000010110000000110000000100001
10000001000000000000010000000000
00000000000000000010101110000000
00000011000000000001010000000010
00000100000111000001010000000000
00010000000000000000000000000000
00001000000000000000000000000000
00000000010000000000000000010001
10010000000010010000000010000000
00000011001001100000000100100000
00000000000000000000010000000000

00110000000000100000000000000100
00010000001000100001010001001011
00000000010000000000001000010000
00000000001001100000000000001000
10100000000100000000100000000000
00000010000000001010000010000000
10010101100001000000001000010100
00000000000001101000000000010101
00001010000000000101000000000010
00011000000000010001100001010001
00100100000000001000000010100000
01011000010000000000000000011000
00100100100000100000000000000000
00000000000000000110000101110001
00010000001001000000000001000000
00000000000000000010000110000000
01000011100010000000010000001000
00010000000110000000100010000011
00000000000011000100000010100100
01000000000100000000000000000000
00111000000000011000000000000000
10000111000000000100000010100000
00111010001000000010101000000000
10011101001010001010000100001110
00000010000000000001010000010000
00000000010000000001010000010001
00001000000000000000010000000010
00100000000100000100000000010000
00110100010000001010000000000000
00000010000100100001000000001011
00000100111010001100000000010100
00100001000100000000100100000001

00000001000000101000000000000100
00001100000100000000010010000101
00000101000000000010001010000000
00000000000000010000001000001000
00000000000001000011000000000000
01001000100010010000001000000000
00000000000001000000000000000000
10000000000000000000000000100000
00000000010000100100000001000000
00000000000000001000100100000010
00000000000000001000001100000000
00000000001000000000000000000010
00110000100000000010100000100000
00000000000000000000100000100000
10000000000000010001100100000010
00000001000001000000000000110000
00000001000000000001000101000010
10100000000100000001010010000000
00000000000100000010100001000000
00000000000000000000000010001010
00000000100010010000001001000000
11100100000000000100010000000000
00000000000000000000000000000000
00101000000000000001000000000001
00000000000000000001100000000000
01000000000100100100000000000000
10011000010000000000100100000010
01101000000100001000000000000001
00000001000000000110000000101000
01000000001001000011000010000010
00000001001000000010010000100000
10100001000000001000000000000000

10011001010000000001010000010100
00100000000000000000000000111000
00000100010000000000001011000000
00000000000000100100010000011100
00000000001000000011000000000100
01001111000000000010000000000000
00000000000001100010101000000000
00000000000001000000000001100000
00001000010000010001100001100000
00000100000001000010011011000000
01101000000000000000100110000000
00000000100000000000000000110000
00110000001000100000001010100000
00100010000000100000000100100010
10000000000000001000000101000000
00100000000000000100000000000000
10000000000000000000000000010000
00000000000000000001000000001000
00000000100010000000000000000100
00000000000000000000100000001000
00000010001010000110000000000001
10000001000000011000000010000010
10001000010000000000001000000000
00011000011000000010000000000100
10010100000000000001010000000000
00000000000100000000010000000000
10011000100000000100100000000000
00000000000000001000001000000000
00000000000000010110010110000000
00000010000000100000001010001000
00000000000000000000000000000000
00101000000000000000000101000000

00000001000100000000000000000000
00000000000000000000000000000000
00000001010000000011000010110000
01100000000000000000011000000100
00101000001010000000100000000010
00001000100010000000000000000000
00000000000000100000101000000001
10010100010000010001000000000000
01000000000000000000000101000100
00000010000000010000100010000000
01000000000000000000101100000000
00011100000000000000010001100010
00000000100000100000100100000000
00000010000000100000101000100010
00000100100000000000000000000000
10000000000011000000000010001100
00010010000000000000000000001011
01110000010000000000010000000101
00000000100100000000110001000000
00000000000100010000000010101010
00001100100000000100000000000000
00000000000010000001000000100000
01010010110000000010000000010000
00011000010001000000100010000001
00110100000100000000000000000000
00000000000000000000010100000000
00110000000001000101100000000010
10000001000000010000000000100001
10010010000000000100001000001000
10010010001010001000000000001000
00000000000000101010000001100000
00100000010000000000000000000101

00010000010000000000001100000100
11000000000000100100000000001010
00000000011001000100000001000000
00000000101000010000000000001001
10100000000000000001100000010000
00001010001100000000000010000000
00000000100001010000001000000000
00000000000001110000000000000000
00001000001101000001000001000100
10011100000001000000001000000000
00001100100000000010001001000000
00010000010000000000000000010000
00000000100000100000000000000000
01000010000000000000000010100000
00010000100000010000000000000010
10000000001101000000000000000000
00000001010000001100100000001000
00000000000000000000000000000111
01000000000100000000100010000100
00100100010000000000000000001000
00001010001000001000000000000000
00000000010000000000010010100100
10001000010010000001101000000000
00000001000001001000010000000010
00001000000001000000000001000101
00000000100001100000010000100001
00010000000000000001000000000001
10000000000100010000000000000010
00000100010000010101000000000000
00000010000100100000000000100001
00000000001000111000000000000000
01000001000100000000000001001000

