== Attributes ==
title=2x1 Basic Problem 10
type= 2x1
result=4
window_size=(82, 82)

== Input ==
0000000000000000000000000000000000000000000000000000000000000000000000000000000000
0000000000000000000000000000000000000000000000000000000000000000000000000000000000
0000000000000000000000000000000000000000000000000000000000000000000000000000000000
0000000000000000000000000000000000000000000000000000000000000000000000000000000000
0000000000000000000000000000000000000000000000000000000000000000000000000000000000
0000000000000000000000000000000000000000000000000000000000000000000000000000000000
0000000000000000000000000000000000000000000000000000000000000000000000000000000000
0000000000000000000000000000000000000000000000000000000000000000000000000000000000
0000000111111111111111111111111111111111111111111111111111111111111111111110000000
0000000110000000000000000000000000000000000000000000000000000000000000000110000000
0000000110000000000000000000000000000000000000000000000000000000000000000110000000
0000000110000000000000000000000000000000000000000000000000000000000000000110000000
0000000110000000000000000000000000000000000000000000000000000000000000000110000000
0000000110000000000000000000000000000000000000000000000000000000000000000110000000
0000000110000000000000000000000000000000000000000000000000000000000000000110000000
0000000110000000000000000000000000000000000000000000000000000000000000000110000000
0000000110000000000000000000000000000000000000000000000000000000000000000110000000
0000000110000000000000000000000000000000000000000000000000000000000000000110000000
0000000110000000000000000000000000000000000000000000000000000000000000000110000000
0000000110000000000000000000000000000000000000000000000000000000000000000110000000
0000000110000000000000000000000000000000000000000000000000000000000000000110000000
0000000110000000000000000000000000000000000000000000000000000000000000000110000000
0000000110000000000000000000000000000000000000000000000000000000000000000110000000
0000000110000000000000000000000000000000000000000000000000000000000000000110000000
0000000110000000000000000000000000000000000000000000000000000000000000000110000000
0000000110000000000000000000000000000000000000000000000000000000000000000110000000
0000000110000000000000000000000000000000000000000000000000000000000000000110000000
0000000110000000000000000000000000000000000000000000000000000000000000000110000000
0000000110000000000000000000000000000000000000000000000000000000000000000110000000
0000000110000000000000000000000000000000000000000000000000000000000000000110000000
0000000110000000000000000000000000000000000000000000000000000000000000000110000000
0000000110000000000000000000000000000000000000000000000000000000000000000110000000
0000000110000000000000000000000000000000000000000000000000000000000000000110000000
0000000110000000000000000000000000000000000000000000000000000000000000000110000000
0000000110000000000000000000000000000000000000000000000000000000000000000110000000
0000000110000000000000000000000000000000000000000000000000000000000000000110000000
0000000110000000000000000000000000000000000000000000000000000000000000000110000000
0000000110000000000000000000000000000000000000000000000000000000000000000110000000
0000000110000000000000000000000000000000000000000000000000000000000000000110000000
0000000110000000000000000000000000000000000000000000000000000000000000000110000000
0000000110000000000000000000000000000000000000000000000000000000000000000110000000
0000000110000000000000000000000000000000000000000000000000000000000000000110000000
0000000110000000000000000000000000000000000000000000000000000000000000000110000000
0000000110000000000000000000000000000000000000000000000000000000000000000110000000
0000000110000000000000000000000000000000000000000000000000000000000000000110000000
0000000110000000000000000000000000000000000000000000000000000000000000000110000000
0000000110000000000000000000000000000000000000000000000000000000000000000110000000
0000000110000000000000000000000000000000000000000000000000000000000000000110000000
0000000110000000000000000000000000000000000000000000000000000000000000000110000000
0000000110000000000000000000000000000000000000000000000000000000000000000110000000
0000000110000000000000000000000000000000000000000000000000000000000000000110000000
0000000110000000000000000000000000000000000000000000000000000000000000000110000000
0000000110000000000000000000000000000000000000000000000000000000000000000110000000
0000000110000000000000000000000000000000000000000000000000000000000000000110000000
0000000110000000000000000000000000000000000000000000000000000000000000000110000000
0000000110000000000000000000000000000000000000000000000000000000000000000110000000
0000000110000000000000000000000000000000000000000000000000000000000000000110000000
0000000110000000000000000000000000000000000000000000000000000000000000000110000000
0000000110000000000000000000000000000000000000000000000000000000000000000110000000
0000000110000000000000000000000000000000000000000000000000000000000000000110000000
0000000110000000000000000000000000000000000000000000000000000000000000000110000000
0000000110000000000000000000000000000000000000000000000000000000000000000110000000
0000000110000000000000000000000000000000000000000000000000000000000000000110000000
0000000110000000000000000000000000000000000000000000000000000000000000000110000000
0000000110000000000000000000000000000000000000000000000000000000000000000110000000
0000000110000000000000000000000000000000000000000000000000000000000000000110000000
0000000110000000000000000000000000000000000000000000000000000000000000000110000000
0000000110000000000000000000000000000000000000000000000000000000000000000110000000
0000000110000000000000000000000000000000000000000000000000000000000000000110000000
0000000110000000000000000000000000000000000000000000000000000000000000000110000000
0000000110000000000000000000000000000000000000000000000000000000000000000110000000
0000000110000000000000000000000000000000000000000000000000000000000000000110000000
0000000110000000000000000000000000000000000000000000000000000000000000000110000000
0000000111111111111111111111111111111111111111111111111111111111111111111110000000
0000000111111111111111111111111111111111111111111111111111111111111111111100000000
0000000000000000000000000000000000000000000000000000000000000000000000000000000000
0000000000000000000000000000000000000000000000000000000000000000000000000000000000
0000000000000000000000000000000000000000000000000000000000000000000000000000000000
0000000000000000000000000000000000000000000000000000000000000000000000000000000000
0000000000000000000000000000000000000000000000000000000000000000000000000000000000
0000000000000000000000000000000000000000000000000000000000000000000000000000000000
0000000000000000000000000000000000000000000000000000000000000000000000000000000000

0000000000000000000000000000000000000000000000000000000000000000000000000000000000
0000000000000000000000000000000000000000000000000000000000000000000000000000000000
0000000000000000000000000000000000000000000000000000000000000000000000000000000000
0000000000000000000000000000000000000000000000000000000000000000000000000000000000
0000000000000000000000000000000000000000000000000000000000000000000000000000000000
0000000000000000000000000000000000000000000000000000000000000000000000000000000000
0000000000000000000000000000000000000000000000000000000000000000000000000000000000
0000000000000000000000000000000000000000000000000000000000000000000000000000000000
0000000111111111111111111111111111111111111111111111111111111111111111111110000000
0000000111111111111111111111111111111111100000000000000000000000000000000110000000
0000000111111111111111111111111111111111100000000000000000000000000000000110000000
0000000111111111111111111111111111111111100000000000000000000000000000000110000000
0000000111111111111111111111111111111111100000000000000000000000000000000110000000
0000000111111111111111111111111111111111100000000000000000000000000000000110000000
0000000111111111111111111111111111111111100000000000000000000000000000000110000000
0000000111111111111111111111111111111111100000000000000000000000000000000110000000
0000000111111111111111111111111111111111100000000000000000000000000000000110000000
0000000111111111111111111111111111111111100000000000000000000000000000000110000000
0000000111111111111111111111111111111111100000000000000000000000000000000110000000
0000000111111111111111111111111111111111100000000000000000000000000000000110000000
0000000111111111111111111111111111111111100000000000000000000000000000000110000000
0000000111111111111111111111111111111111100000000000000000000000000000000110000000
0000000111111111111111111111111111111111100000000000000000000000000000000110000000
0000000111111111111111111111111111111111100000000000000000000000000000000110000000
0000000111111111111111111111111111111111100000000000000000000000000000000110000000
0000000111111111111111111111111111111111100000000000000000000000000000000110000000
0000000111111111111111111111111111111111100000000000000000000000000000000110000000
0000000111111111111111111111111111111111100000000000000000000000000000000110000000
0000000111111111111111111111111111111111100000000000000000000000000000000110000000
0000000111111111111111111111111111111111100000000000000000000000000000000110000000
0000000111111111111111111111111111111111100000000000000000000000000000000110000000
0000000111111111111111111111111111111111100000000000000000000000000000000110000000
0000000111111111111111111111111111111111100000000000000000000000000000000110000000
0000000111111111111111111111111111111111100000000000000000000000000000000110000000
0000000111111111111111111111111111111111100000000000000000000000000000000110000000
0000000111111111111111111111111111111111100000000000000000000000000000000110000000
0000000111111111111111111111111111111111100000000000000000000000000000000110000000
0000000111111111111111111111111111111111100000000000000000000000000000000110000000
0000000111111111111111111111111111111111100000000000000000000000000000000110000000
0000000111111111111111111111111111111111100000000000000000000000000000000110000000
0000000111111111111111111111111111111111100000000000000000000000000000000110000000
0000000111111111111111111111111111111111100000000000000000000000000000000110000000
0000000111111111111111111111111111111111100000000000000000000000000000000110000000
0000000111111111111111111111111111111111100000000000000000000000000000000110000000
0000000111111111111111111111111111111111100000000000000000000000000000000110000000
0000000111111111111111111111111111111111100000000000000000000000000000000110000000
0000000111111111111111111111111111111111100000000000000000000000000000000110000000
0000000111111111111111111111111111111111100000000000000000000000000000000110000000
0000000111111111111111111111111111111111100000000000000000000000000000000110000000
0000000111111111111111111111111111111111100000000000000000000000000000000110000000
0000000111111111111111111111111111111111100000000000000000000000000000000110000000
0000000111111111111111111111111111111111100000000000000000000000000000000110000000
0000000111111111111111111111111111111111100000000000000000000000000000000110000000
0000000111111111111111111111111111111111100000000000000000000000000000000110000000
0000000111111111111111111111111111111111100000000000000000000000000000000110000000
0000000111111111111111111111111111111111100000000000000000000000000000000110000000
0000000111111111111111111111111111111111100000000000000000000000000000000110000000
0000000111111111111111111111111111111111100000000000000000000000000000000110000000
0000000111111111111111111111111111111111100000000000000000000000000000000110000000
0000000111111111111111111111111111111111100000000000000000000000000000000110000000
0000000111111111111111111111111111111111100000000000000000000000000000000110000000
0000000111111111111111111111111111111111100000000000000000000000000000000110000000
0000000111111111111111111111111111111111100000000000000000000000000000000110000000
0000000111111111111111111111111111111111100000000000000000000000000000000110000000
0000000111111111111111111111111111111111100000000000000000000000000000000110000000
0000000111111111111111111111111111111111100000000000000000000000000000000110000000
0000000111111111111111111111111111111111100000000000000000000000000000000110000000
0000000111111111111111111111111111111111100000000000000000000000000000000110000000
0000000111111111111111111111111111111111100000000000000000000000000000000110000000
0000000111111111111111111111111111111111100000000000000000000000000000000110000000
0000000111111111111111111111111111111111100000000000000000000000000000000110000000
0000000111111111111111111111111111111111100000000000000000000000000000000110000000
0000000111111111111111111111111111111111100000000000000000000000000000000110000000
0000000111111111111111111111111111111111111111111111111111111111111111111110000000
0000000011111111111111111111111111111111111111111111111111111111111111111110000000
0000000000000000000000000000000000000000000000000000000000000000000000000000000000
0000000000000000000000000000000000000000000000000000000000000000000000000000000000
0000000000000000000000000000000000000000000000000000000000000000000000000000000000
0000000000000000000000000000000000000000000000000000000000000000000000000000000000
0000000000000000000000000000000000000000000000000000000000000000000000000000000000
0000000000000000000000000000000000000000000000000000000000000000000000000000000000
0000000000000000000000000000000000000000000000000000000000000000000000000000000000

0000000000000000000000000000000000000000000000000000000000000000000000000000000000
0000000000000000000000000000000000000000000000000000000000000000000000000000000000
0000000000000000000000000000000000000000000000000000000000000000000000000000000000
0000000000000000000000000000000000000000000000000000000000000000000000000000000000
0000000000000000000000000000000000000000000000000000000000000000000000000000000000
0000000000000000000000000000000000000000000000000000000000000000000000000000000000
0000000000000000000000000000000000000000000000000000000000000000000000000000000000
0000000000000000000000000000000000000000000000000000000000000000000000000000000000
0000000000000000000000000000000000000000110000000000000000000000000000000000000000
0000000000000000000000000000000000000000111000000000000000000000000000000000000000
0000000000000000000000000000000000000001111000000000000000000000000000000000000000
0000000000000000000000000000000000000001101100000000000000000000000000000000000000
0000000000000000000000000000000000000011001100000000000000000000000000000000000000
0000000000000000000000000000000000000011000110000000000000000000000000000000000000
0000000000000000000000000000000000000110000110000000000000000000000000000000000000
0000000000000000000000000000000000000110000011000000000000000000000000000000000000
0000000000000000000000000000000000001100000011000000000000000000000000000000000000
0000000000000000000000000000000000001100000001100000000000000000000000000000000000
0000000000000000000000000000000000011000000001100000000000000000000000000000000000
0000000000000000000000000000000000011000000000110000000000000000000000000000000000
0000000000000000000000000000000000110000000000110000000000000000000000000000000000
0000000000000000000000000000000000110000000000011000000000000000000000000000000000
0000000000000000000000000000000001100000000000011000000000000000000000000000000000
0000000000000000000000000000000001100000000000001100000000000000000000000000000000
0000000000000000000000000000000011000000000000001100000000000000000000000000000000
0000000000000000000000000000000011000000000000000110000000000000000000000000000000
0000000000000000000000000000000110000000000000000110000000000000000000000000000000
0000000000000000000000000000000110000000000000000011000000000000000000000000000000
0000000000000000000000000000001100000000000000000011000000000000000000000000000000
0000000000000000000000000000001100000000000000000001100000000000000000000000000000
0000000000000000000000000000011000000000000000000000100000000000000000000000000000
0000000000000000000000000000011000000000000000000000110000000000000000000000000000
0000000000000000000000000000110000000000000000000000010000000000000000000000000000
0000000000000000000000000000110000000000000000000000011000000000000000000000000000
0000000000000000000000000001100000000000000000000000001000000000000000000000000000
0000000000000000000000000001100000000000000000000000001100000000000000000000000000
0000000000000000000000000011000000000000000000000000000100000000000000000000000000
0000000000000000000000000011000000000000000000000000000110000000000000000000000000
0000000000000000000000000110000000000000000000000000000010000000000000000000000000
0000000000000000000000000110000000000000000000000000000011000000000000000000000000
0000000000000000000000001100000000000000000000000000000001000000000000000000000000
0000000000000000000000001100000000000000000000000000000001100000000000000000000000
0000000000000000000000011000000000000000000000000000000000100000000000000000000000
0000000000000000000000011000000000000000000000000000000000110000000000000000000000
0000000000000000000000110000000000000000000000000000000000010000000000000000000000
0000000000000000000000110000000000000000000000000000000000011000000000000000000000
0000000000000000000001100000000000000000000000000000000000001000000000000000000000
0000000000000000000001100000000000000000000000000000000000001100000000000000000000
0000000000000000000011000000000000000000000000000000000000000100000000000000000000
0000000000000000000011000000000000000000000000000000000000000110000000000000000000
0000000000000000000110000000000000000000000000000000000000000010000000000000000000
0000000000000000000110000000000000000000000000000000000000000011000000000000000000
0000000000000000001100000000000000000000000000000000000000000001000000000000000000
0000000000000000001100000000000000000000000000000000000000000001100000000000000000
0000000000000000011000000000000000000000000000000000000000000000100000000000000000
0000000000000000011000000000000000000000000000000000000000000000110000000000000000
0000000000000000110000000000000000000000000000000000000000000000010000000000000000
0000000000000000110000000000000000000000000000000000000000000000011000000000000000
0000000000000001100000000000000000000000000000000000000000000000001000000000000000
0000000000000001000000000000000000000000000000000000000000000000001100000000000000
0000000000000011000000000000000000000000000000000000000000000000000100000000000000
0000000000000010000000000000000000000000000000000000000000000000000110000000000000
0000000000000110000000000000000000000000000000000000000000000000000010000000000000
0000000000000100000000000000000000000000000000000000000000000000000011000000000000
0000000000001100000000000000000000000000000000000000000000000000000001000000000000
0000000000001000000000000000000000000000000000000000000000000000000001100000000000
0000000000011000000000000000000000000000000000000000000000000000000000100000000000
0000000000010000000000000000000000000000000000000000000000000000000000110000000000
0000000000110000000000000000000000000000000000000000000000000000000000010000000000
0000000000100000000000000000000000000000000000000000000000000000000000011000000000
0000000001100000000000000000000000000000000000000000000000000000000000001000000000
0000000001000000000000000000000000000000000000000000000000000000000000001100000000
0000000011000000000000000000000000000000000000000000000000000000000000000100000000
0000000011111111111111111111111111111111111111111111111111111111111111111110000000
0000000011111111111111111111111111111111111111111111111111111111111111111110000000
0000000000000000000000000000000000000000000000000000000000000000000000000000000000
0000000000000000000000000000000000000000000000000000000000000000000000000000000000
0000000000000000000000000000000000000000000000000000000000000000000000000000000000
0000000000000000000000000000000000000000000000000000000000000000000000000000000000
0000000000000000000000000000000000000000000000000000000000000000000000000000000000
0000000000000000000000000000000000000000000000000000000000000000000000000000000000
0000000000000000000000000000000000000000000000000000000000000000000000000000000000

== Output ==
0000000000000000000000000000000000000000000000000000000000000000000000000000000000
0000000000000000000000000000000000000000000000000000000000000000000000000000000000
0000000000000000000000000000000000000000000000000000000000000000000000000000000000
0000000000000000000000000000000000000000000000000000000000000000000000000000000000
0000000000000000000000000000000000000000000000000000000000000000000000000000000000
0000000000000000000000000000000000000000000000000000000000000000000000000000000000
0000000000000000000000000000000000000000000000000000000000000000000000000000000000
0000000000000000000000000000000000000000100000000000000000000000000000000000000000
0000000000000000000000000000000000000000110000000000000000000000000000000000000000
0000000000000000000000000000000000000001111000000000000000000000000000000000000000
0000000000000000000000000000000000000001111000000000000000000000000000000000000000
0000000000000000000000000000000000000011001100000000000000000000000000000000000000
0000000000000000000000000000000000000011001100000000000000000000000000000000000000
0000000000000000000000000000000000000110000110000000000000000000000000000000000000
0000000000000000000000000000000000000110000110000000000000000000000000000000000000
0000000000000000000000000000000000001100000011000000000000000000000000000000000000
0000000000000000000000000000000000001100000011000000000000000000000000000000000000
0000000000000000000000000000000000011000000001100000000000000000000000000000000000
0000000000000000000000000000000000011000000001100000000000000000000000000000000000
0000000000000000000000000000000000110000000000110000000000000000000000000000000000
0000000000000000000000000000000000110000000000110000000000000000000000000000000000
0000000000000000000000000000000001100000000000011000000000000000000000000000000000
0000000000000000000000000000000001100000000000011000000000000000000000000000000000
0000000000000000000000000000000011000000000000001100000000000000000000000000000000
0000000000000000000000000000000011000000000000001100000000000000000000000000000000
0000000000000000000000000000000110000000000000000110000000000000000000000000000000
0000000000000000000000000000000110000000000000000110000000000000000000000000000000
0000000000000000000000000000001100000000000000000011000000000000000000000000000000
0000000000000000000000000000001100000000000000000011000000000000000000000000000000
0000000000000000000000000000011000000000000000000001100000000000000000000000000000
0000000000000000000000000000011000000000000000000001100000000000000000000000000000
0000000000000000000000000000110000000000000000000000110000000000000000000000000000
0000000000000000000000000000110000000000000000000000110000000000000000000000000000
0000000000000000000000000001100000000000000000000000011000000000000000000000000000
0000000000000000000000000001100000000000000000000000011000000000000000000000000000
0000000000000000000000000011000000000000000000000000001100000000000000000000000000
0000000000000000000000000011000000000000000000000000001100000000000000000000000000
0000000000000000000000000110000000000000000000000000000110000000000000000000000000
0000000000000000000000000110000000000000000000000000000110000000000000000000000000
0000000000000000000000001100000000000000000000000000000011000000000000000000000000
0000000000000000000000001100000000000000000000000000000011000000000000000000000000
0000000000000000000000011000000000000000000000000000000001100000000000000000000000
0000000000000000000000011000000000000000000000000000000001100000000000000000000000
0000000000000000000000110000000000000000000000000000000000110000000000000000000000
0000000000000000000000110000000000000000000000000000000000110000000000000000000000
0000000000000000000001100000000000000000000000000000000000011000000000000000000000
0000000000000000000001100000000000000000000000000000000000011000000000000000000000
0000000000000000000011000000000000000000000000000000000000001100000000000000000000
0000000000000000000011000000000000000000000000000000000000001100000000000000000000
0000000000000000000110000000000000000000000000000000000000000110000000000000000000
0000000000000000000110000000000000000000000000000000000000000110000000000000000000
0000000000000000001100000000000000000000000000000000000000000011000000000000000000
0000000000000000001100000000000000000000000000000000000000000011000000000000000000
0000000000000000011000000000000000000000000000000000000000000001100000000000000000
0000000000000000011000000000000000000000000000000000000000000001100000000000000000
0000000000000000110000000000000000000000000000000000000000000000110000000000000000
0000000000000000110000000000000000000000000000000000000000000000110000000000000000
0000000000000001100000000000000000000000000000000000000000000000011000000000000000
0000000000000001100000000000000000000000000000000000000000000000011000000000000000
0000000000000011000000000000000000000000000000000000000000000000001100000000000000
0000000000000011000000000000000000000000000000000000000000000000001100000000000000
0000000000000110000000000000000000000000000000000000000000000000000110000000000000
0000000000000110000000000000000000000000000000000000000000000000000110000000000000
0000000000001100000000000000000000000000000000000000000000000000000011000000000000
0000000000001100000000000000000000000000000000000000000000000000000011000000000000
0000000000011000000000000000000000000000000000000000000000000000000001100000000000
0000000000011000000000000000000000000000000000000000000000000000000001100000000000
0000000000110000000000000000000000000000000000000000000000000000000000110000000000
0000000000110000000000000000000000000000000000000000000000000000000000110000000000
0000000001100000000000000000000000000000000000000000000000000000000000011000000000
0000000001100000000000000000000000000000000000000000000000000000000000011000000000
0000000011000000000000000000000000000000000000000000000000000000000000001100000000
0000000011000000000000000000000000000000000000000000000000000000000000001100000000
0000000111111111111111111111111111111111111111111111111111111111111111111100000000
0000000111111111111111111111111111111111111111111111111111111111111111111100000000
0000000000000000000000000000000000000000000000000000000000000000000000000000000000
0000000000000000000000000000000000000000000000000000000000000000000000000000000000
0000000000000000000000000000000000000000000000000000000000000000000000000000000000
0000000000000000000000000000000000000000000000000000000000000000000000000000000000
0000000000000000000000000000000000000000000000000000000000000000000000000000000000
0000000000000000000000000000000000000000000000000000000000000000000000000000000000
0000000000000000000000000000000000000000000000000000000000000000000000000000000000

0000000000000000000000000000000000000000000000000000000000000000000000000000000000
0000000000000000000000000000000000000000000000000000000000000000000000000000000000
0000000000000000000000000000000000000000000000000000000000000000000000000000000000
0000000000000000000000000000000000000000000000000000000000000000000000000000000000
0000000000000000000000000000000000000000000000000000000000000000000000000000000000
0000000000000000000000000000000000000000000000000000000000000000000000000000000000
0000000000000000000000000000000000000000000000000000000000000000000000000000000000
0000000000000000000000000000000000000000100000000000000000000000000000000000000000
0000000000000000000000000000000000000000110000000000000000000000000000000000000000
0000000000000000000000000000000000000001111000000000000000000000000000000000000000
0000000000000000000000000000000000000001111000000000000000000000000000000000000000
0000000000000000000000000000000000000011111100000000000000000000000000000000000000
0000000000000000000000000000000000000011111100000000000000000000000000000000000000
0000000000000000000000000000000000000111111110000000000000000000000000000000000000
0000000000000000000000000000000000000111111110000000000000000000000000000000000000
0000000000000000000000000000000000001111111111000000000000000000000000000000000000
0000000000000000000000000000000000001111111111000000000000000000000000000000000000
0000000000000000000000000000000000011111111111100000000000000000000000000000000000
0000000000000000000000000000000000011111111111100000000000000000000000000000000000
0000000000000000000000000000000000111111111111110000000000000000000000000000000000
0000000000000000000000000000000000111111111111110000000000000000000000000000000000
0000000000000000000000000000000001111111111111111000000000000000000000000000000000
0000000000000000000000000000000001111111111111111000000000000000000000000000000000
0000000000000000000000000000000011111111111111111100000000000000000000000000000000
0000000000000000000000000000000011111111111111111100000000000000000000000000000000
0000000000000000000000000000000111111111111111111110000000000000000000000000000000
0000000000000000000000000000000111111111111111111110000000000000000000000000000000
0000000000000000000000000000001111111111111111111111000000000000000000000000000000
0000000000000000000000000000001111111111111111111111000000000000000000000000000000
0000000000000000000000000000011111111111111111111111100000000000000000000000000000
0000000000000000000000000000011111111111111111111111100000000000000000000000000000
0000000000000000000000000000111111111111111111111111110000000000000000000000000000
0000000000000000000000000000111111111111111111111111110000000000000000000000000000
0000000000000000000000000001111111111111111111111111111000000000000000000000000000
0000000000000000000000000001111111111111111111111111111000000000000000000000000000
0000000000000000000000000011111111111111111111111111111100000000000000000000000000
0000000000000000000000000011111111111111111111111111111100000000000000000000000000
0000000000000000000000000111111111111111111111111111111110000000000000000000000000
0000000000000000000000000111111111111111111111111111111110000000000000000000000000
0000000000000000000000001111111111111111111111111111111111000000000000000000000000
0000000000000000000000001111111111111111111111111111111111000000000000000000000000
0000000000000000000000011000000000000000000000000000000001100000000000000000000000
0000000000000000000000011000000000000000000000000000000001100000000000000000000000
0000000000000000000000110000000000000000000000000000000000110000000000000000000000
0000000000000000000000110000000000000000000000000000000000110000000000000000000000
0000000000000000000001100000000000000000000000000000000000011000000000000000000000
0000000000000000000001100000000000000000000000000000000000011000000000000000000000
0000000000000000000011000000000000000000000000000000000000001100000000000000000000
0000000000000000000011000000000000000000000000000000000000001100000000000000000000
0000000000000000000110000000000000000000000000000000000000000110000000000000000000
0000000000000000000110000000000000000000000000000000000000000110000000000000000000
0000000000000000001100000000000000000000000000000000000000000011000000000000000000
0000000000000000001100000000000000000000000000000000000000000011000000000000000000
0000000000000000011000000000000000000000000000000000000000000001100000000000000000
0000000000000000011000000000000000000000000000000000000000000001100000000000000000
0000000000000000110000000000000000000000000000000000000000000000110000000000000000
0000000000000000110000000000000000000000000000000000000000000000110000000000000000
0000000000000001100000000000000000000000000000000000000000000000011000000000000000
0000000000000001100000000000000000000000000000000000000000000000011000000000000000
0000000000000011000000000000000000000000000000000000000000000000001100000000000000
0000000000000011000000000000000000000000000000000000000000000000001100000000000000
0000000000000110000000000000000000000000000000000000000000000000000110000000000000
0000000000000110000000000000000000000000000000000000000000000000000110000000000000
0000000000001100000000000000000000000000000000000000000000000000000011000000000000
0000000000001100000000000000000000000000000000000000000000000000000011000000000000
0000000000011000000000000000000000000000000000000000000000000000000001100000000000
0000000000011000000000000000000000000000000000000000000000000000000001100000000000
0000000000110000000000000000000000000000000000000000000000000000000000110000000000
0000000000110000000000000000000000000000000000000000000000000000000000110000000000
0000000001100000000000000000000000000000000000000000000000000000000000011000000000
0000000001100000000000000000000000000000000000000000000000000000000000011000000000
0000000011000000000000000000000000000000000000000000000000000000000000001100000000
0000000011000000000000000000000000000000000000000000000000000000000000001100000000
0000000111111111111111111111111111111111111111111111111111111111111111111110000000
0000000111111111111111111111111111111111111111111111111111111111111111111100000000
0000000000000000000000000000000000000000000000000000000000000000000000000000000000
0000000000000000000000000000000000000000000000000000000000000000000000000000000000
0000000000000000000000000000000000000000000000000000000000000000000000000000000000
0000000000000000000000000000000000000000000000000000000000000000000000000000000000
0000000000000000000000000000000000000000000000000000000000000000000000000000000000
0000000000000000000000000000000000000000000000000000000000000000000000000000000000
0000000000000000000000000000000000000000000000000000000000000000000000000000000000

0000000000000000000000000000000000000000000000000000000000000000000000000000000000
0000000000000000000000000000000000000000000000000000000000000000000000000000000000
0000000000000000000000000000000000000000000000000000000000000000000000000000000000
0000000000000000000000000000000000000000000000000000000000000000000000000000000000
0000000000000000000000000000000000000000000000000000000000000000000000000000000000
0000000000000000000000000000000000000000000000000000000000000000000000000000000000
0000000000000000000000000000000000000000000000000000000000000000000000000000000000
0000000000000000000000000000000000000000010000000000000000000000000000000000000000
0000000000000000000000000000000000000000110000000000000000000000000000000000000000
0000000000000000000000000000000000000001111000000000000000000000000000000000000000
0000000000000000000000000000000000000001111000000000000000000000000000000000000000
0000000000000000000000000000000000000011011100000000000000000000000000000000000000
0000000000000000000000000000000000000011011100000000000000000000000000000000000000
0000000000000000000000000000000000000110011110000000000000000000000000000000000000
0000000000000000000000000000000000000110011110000000000000000000000000000000000000
0000000000000000000000000000000000001100011111000000000000000000000000000000000000
0000000000000000000000000000000000001100011111000000000000000000000000000000000000
0000000000000000000000000000000000011000011111100000000000000000000000000000000000
0000000000000000000000000000000000011000011111100000000000000000000000000000000000
0000000000000000000000000000000000110000011111110000000000000000000000000000000000
0000000000000000000000000000000000110000011111110000000000000000000000000000000000
0000000000000000000000000000000001100000011111111000000000000000000000000000000000
0000000000000000000000000000000001100000011111111000000000000000000000000000000000
0000000000000000000000000000000011000000011111111100000000000000000000000000000000
0000000000000000000000000000000011000000011111111100000000000000000000000000000000
0000000000000000000000000000000110000000011111111110000000000000000000000000000000
0000000000000000000000000000000110000000011111111110000000000000000000000000000000
0000000000000000000000000000001100000000011111111111000000000000000000000000000000
0000000000000000000000000000001100000000011111111111000000000000000000000000000000
0000000000000000000000000000011000000000011111111111100000000000000000000000000000
0000000000000000000000000000011000000000011111111111100000000000000000000000000000
0000000000000000000000000000110000000000011111111111110000000000000000000000000000
0000000000000000000000000000110000000000011111111111110000000000000000000000000000
0000000000000000000000000001100000000000011111111111111000000000000000000000000000
0000000000000000000000000001100000000000011111111111111000000000000000000000000000
0000000000000000000000000011000000000000011111111111111100000000000000000000000000
0000000000000000000000000011000000000000011111111111111100000000000000000000000000
0000000000000000000000000110000000000000011111111111111110000000000000000000000000
0000000000000000000000000110000000000000011111111111111110000000000000000000000000
0000000000000000000000001100000000000000011111111111111111000000000000000000000000
0000000000000000000000001100000000000000011111111111111111000000000000000000000000
0000000000000000000000011000000000000000011111111111111111100000000000000000000000
0000000000000000000000011000000000000000011111111111111111100000000000000000000000
0000000000000000000000110000000000000000011111111111111111110000000000000000000000
0000000000000000000000110000000000000000011111111111111111110000000000000000000000
0000000000000000000001100000000000000000011111111111111111111000000000000000000000
0000000000000000000001100000000000000000011111111111111111111000000000000000000000
0000000000000000000011000000000000000000011111111111111111111100000000000000000000
0000000000000000000011000000000000000000011111111111111111111100000000000000000000
0000000000000000000110000000000000000000011111111111111111111110000000000000000000
0000000000000000000110000000000000000000011111111111111111111110000000000000000000
0000000000000000001100000000000000000000011111111111111111111111000000000000000000
0000000000000000001100000000000000000000011111111111111111111111000000000000000000
0000000000000000011000000000000000000000011111111111111111111111100000000000000000
0000000000000000011000000000000000000000011111111111111111111111100000000000000000
0000000000000000110000000000000000000000011111111111111111111111110000000000000000
0000000000000000110000000000000000000000011111111111111111111111110000000000000000
0000000000000001100000000000000000000000011111111111111111111111111000000000000000
0000000000000001100000000000000000000000011111111111111111111111111000000000000000
0000000000000011000000000000000000000000011111111111111111111111111100000000000000
0000000000000011000000000000000000000000011111111111111111111111111100000000000000
0000000000000110000000000000000000000000011111111111111111111111111110000000000000
0000000000000110000000000000000000000000011111111111111111111111111110000000000000
0000000000001100000000000000000000000000011111111111111111111111111111000000000000
0000000000001100000000000000000000000000011111111111111111111111111111000000000000
0000000000011000000000000000000000000000011111111111111111111111111111100000000000
0000000000011000000000000000000000000000011111111111111111111111111111100000000000
0000000000110000000000000000000000000000011111111111111111111111111111110000000000
0000000000110000000000000000000000000000011111111111111111111111111111110000000000
0000000001100000000000000000000000000000011111111111111111111111111111111000000000
0000000001100000000000000000000000000000011111111111111111111111111111111000000000
0000000011000000000000000000000000000000011111111111111111111111111111111100000000
0000000011000000000000000000000000000000011111111111111111111111111111111100000000
0000000111111111111111111111111111111111111111111111111111111111111111111110000000
0000000011111111111111111111111111111111111111111111111111111111111111111110000000
0000000000000000000000000000000000000000000000000000000000000000000000000000000000
0000000000000000000000000000000000000000000000000000000000000000000000000000000000
0000000000000000000000000000000000000000000000000000000000000000000000000000000000
0000000000000000000000000000000000000000000000000000000000000000000000000000000000
0000000000000000000000000000000000000000000000000000000000000000000000000000000000
0000000000000000000000000000000000000000000000000000000000000000000000000000000000
0000000000000000000000000000000000000000000000000000000000000000000000000000000000

0000000000000000000000000000000000000000000000000000000000000000000000000000000000
0000000000000000000000000000000000000000000000000000000000000000000000000000000000
0000000000000000000000000000000000000000000000000000000000000000000000000000000000
0000000000000000000000000000000000000000000000000000000000000000000000000000000000
0000000000000000000000000000000000000000000000000000000000000000000000000000000000
0000000000000000000000000000000000000000000000000000000000000000000000000000000000
0000000000000000000000000000000000000000000000000000000000000000000000000000000000
0000000000000000000000000000000000000000010000000000000000000000000000000000000000
0000000000000000000000000000000000000000110000000000000000000000000000000000000000
0000000000000000000000000000000000000001111000000000000000000000000000000000000000
0000000000000000000000000000000000000001111000000000000000000000000000000000000000
0000000000000000000000000000000000000011101100000000000000000000000000000000000000
0000000000000000000000000000000000000011100100000000000000000000000000000000000000
0000000000000000000000000000000000000111100110000000000000000000000000000000000000
0000000000000000000000000000000000000111100010000000000000000000000000000000000000
0000000000000000000000000000000000001111100011000000000000000000000000000000000000
0000000000000000000000000000000000001111100001000000000000000000000000000000000000
0000000000000000000000000000000000011111100001100000000000000000000000000000000000
0000000000000000000000000000000000011111100000100000000000000000000000000000000000
0000000000000000000000000000000000111111100000110000000000000000000000000000000000
0000000000000000000000000000000000111111100000010000000000000000000000000000000000
0000000000000000000000000000000001111111100000011000000000000000000000000000000000
0000000000000000000000000000000001111111100000001000000000000000000000000000000000
0000000000000000000000000000000011111111100000001100000000000000000000000000000000
0000000000000000000000000000000011111111100000000100000000000000000000000000000000
0000000000000000000000000000000111111111100000000110000000000000000000000000000000
0000000000000000000000000000000111111111100000000010000000000000000000000000000000
0000000000000000000000000000001111111111100000000011000000000000000000000000000000
0000000000000000000000000000001111111111100000000001000000000000000000000000000000
0000000000000000000000000000011111111111100000000001100000000000000000000000000000
0000000000000000000000000000011111111111100000000000100000000000000000000000000000
0000000000000000000000000000111111111111100000000000110000000000000000000000000000
0000000000000000000000000000111111111111100000000000010000000000000000000000000000
0000000000000000000000000001111111111111100000000000011000000000000000000000000000
0000000000000000000000000001111111111111100000000000001000000000000000000000000000
0000000000000000000000000011111111111111100000000000001100000000000000000000000000
0000000000000000000000000011111111111111100000000000000100000000000000000000000000
0000000000000000000000000111111111111111100000000000000110000000000000000000000000
0000000000000000000000000111111111111111100000000000000010000000000000000000000000
0000000000000000000000001111111111111111100000000000000011000000000000000000000000
0000000000000000000000001111111111111111100000000000000001000000000000000000000000
0000000000000000000000011111111111111111100000000000000001100000000000000000000000
0000000000000000000000011111111111111111100000000000000000100000000000000000000000
0000000000000000000000111111111111111111100000000000000000110000000000000000000000
0000000000000000000000111111111111111111100000000000000000010000000000000000000000
0000000000000000000001111111111111111111100000000000000000011000000000000000000000
0000000000000000000001111111111111111111100000000000000000001000000000000000000000
0000000000000000000011111111111111111111100000000000000000001100000000000000000000
0000000000000000000011111111111111111111100000000000000000000100000000000000000000
0000000000000000000111111111111111111111100000000000000000000110000000000000000000
0000000000000000000111111111111111111111100000000000000000000010000000000000000000
0000000000000000001111111111111111111111100000000000000000000011000000000000000000
0000000000000000001111111111111111111111100000000000000000000001000000000000000000
0000000000000000011111111111111111111111100000000000000000000001100000000000000000
0000000000000000011111111111111111111111100000000000000000000000100000000000000000
0000000000000000111111111111111111111111100000000000000000000000110000000000000000
0000000000000000111111111111111111111111100000000000000000000000010000000000000000
0000000000000001111111111111111111111111100000000000000000000000011000000000000000
0000000000000001111111111111111111111111100000000000000000000000001000000000000000
0000000000000011111111111111111111111111100000000000000000000000001100000000000000
0000000000000011111111111111111111111111100000000000000000000000000100000000000000
0000000000000111111111111111111111111111100000000000000000000000000110000000000000
0000000000000111111111111111111111111111100000000000000000000000000010000000000000
0000000000001111111111111111111111111111100000000000000000000000000011000000000000
0000000000001111111111111111111111111111100000000000000000000000000001000000000000
0000000000011111111111111111111111111111100000000000000000000000000001100000000000
0000000000011111111111111111111111111111100000000000000000000000000000100000000000
0000000000111111111111111111111111111111100000000000000000000000000000110000000000
0000000000111111111111111111111111111111100000000000000000000000000000010000000000
0000000001111111111111111111111111111111100000000000000000000000000000011000000000
0000000001111111111111111111111111111111100000000000000000000000000000001000000000
0000000011111111111111111111111111111111100000000000000000000000000000001100000000
0000000011111111111111111111111111111111100000000000000000000000000000000100000000
0000000111111111111111111111111111111111111111111111111111111111111111111110000000
0000000011111111111111111111111111111111111111111111111111111111111111111110000000
0000000000000000000000000000000000000000000000000000000000000000000000000000000000
0000000000000000000000000000000000000000000000000000000000000000000000000000000000
0000000000000000000000000000000000000000000000000000000000000000000000000000000000
0000000000000000000000000000000000000000000000000000000000000000000000000000000000
0000000000000000000000000000000000000000000000000000000000000000000000000000000000
0000000000000000000000000000000000000000000000000000000000000000000000000000000000
0000000000000000000000000000000000000000000000000000000000000000000000000000000000

0000000000000000000000000000000000000000000000000000000000000000000000000000000000
0000000000000000000000000000000000000000000000000000000000000000000000000000000000
0000000000000000000000000000000000000000000000000000000000000000000000000000000000
0000000000000000000000000000000000000000000000000000000000000000000000000000000000
0000000000000000000000000000000000000000000000000000000000000000000000000000000000
0000000000000000000000000000000000000000000000000000000000000000000000000000000000
0000000000000000000000000000000000000000000000000000000000000000000000000000000000
0000000000000000000000000000000000000000010000000000000000000000000000000000000000
0000000000000000000000000000000000000000110000000000000000000000000000000000000000
0000000000000000000000000000000000000000111000000000000000000000000000000000000000
0000000000000000000000000000000000000001111000000000000000000000000000000000000000
0000000000000000000000000000000000000001001100000000000000000000000000000000000000
0000000000000000000000000000000000000011000100000000000000000000000000000000000000
0000000000000000000000000000000000000011000110000000000000000000000000000000000000
0000000000000000000000000000000000000110000010000000000000000000000000000000000000
0000000000000000000000000000000000000110000011000000000000000000000000000000000000
0000000000000000000000000000000000001100000011000000000000000000000000000000000000
0000000000000000000000000000000000001100000001100000000000000000000000000000000000
0000000000000000000000000000000000011000000001100000000000000000000000000000000000
0000000000000000000000000000000000011000000000110000000000000000000000000000000000
0000000000000000000000000000000000110000000000110000000000000000000000000000000000
0000000000000000000000000000000000110000000000011000000000000000000000000000000000
0000000000000000000000000000000001100000000000011000000000000000000000000000000000
0000000000000000000000000000000001100000000000001100000000000000000000000000000000
0000000000000000000000000000000011000000000000001100000000000000000000000000000000
0000000000000000000000000000000011000000000000000110000000000000000000000000000000
0000000000000000000000000000000110000000000000000110000000000000000000000000000000
0000000000000000000000000000000110000000000000000011000000000000000000000000000000
0000000000000000000000000000001100000000000000000011000000000000000000000000000000
0000000000000000000000000000001100000000000000000001100000000000000000000000000000
0000000000000000000000000000011000000000000000000001100000000000000000000000000000
0000000000000000000000000000011000000000000000000000110000000000000000000000000000
0000000000000000000000000000110000000000000000000000110000000000000000000000000000
0000000000000000000000000000110000000000000000000000011000000000000000000000000000
0000000000000000000000000001100000000000000000000000011000000000000000000000000000
0000000000000000000000000001100000000000000000000000001100000000000000000000000000
0000000000000000000000000011100000000000000000000000001100000000000000000000000000
0000000000000000000000000011000000000000000000000000000110000000000000000000000000
0000000000000000000000000111000000000000000000000000000110000000000000000000000000
0000000000000000000000000110000000000000000000000000000111000000000000000000000000
0000000000000000000000001111111111111111111111111111111111000000000000000000000000
0000000000000000000000001111111111111111111111111111111111100000000000000000000000
0000000000000000000000011111111111111111111111111111111111100000000000000000000000
0000000000000000000000011111111111111111111111111111111111110000000000000000000000
0000000000000000000000111111111111111111111111111111111111110000000000000000000000
0000000000000000000000111111111111111111111111111111111111111000000000000000000000
0000000000000000000001111111111111111111111111111111111111111000000000000000000000
0000000000000000000001111111111111111111111111111111111111111100000000000000000000
0000000000000000000011111111111111111111111111111111111111111100000000000000000000
0000000000000000000011111111111111111111111111111111111111111110000000000000000000
0000000000000000000111111111111111111111111111111111111111111110000000000000000000
0000000000000000000111111111111111111111111111111111111111111111000000000000000000
0000000000000000001111111111111111111111111111111111111111111111000000000000000000
0000000000000000001111111111111111111111111111111111111111111111100000000000000000
0000000000000000011111111111111111111111111111111111111111111111100000000000000000
0000000000000000011111111111111111111111111111111111111111111111110000000000000000
0000000000000000111111111111111111111111111111111111111111111111110000000000000000
0000000000000000111111111111111111111111111111111111111111111111111000000000000000
0000000000000001111111111111111111111111111111111111111111111111111000000000000000
0000000000000001111111111111111111111111111111111111111111111111111100000000000000
0000000000000011111111111111111111111111111111111111111111111111111100000000000000
0000000000000011111111111111111111111111111111111111111111111111111110000000000000
0000000000000111111111111111111111111111111111111111111111111111111110000000000000
0000000000000111111111111111111111111111111111111111111111111111111111000000000000
0000000000001111111111111111111111111111111111111111111111111111111111000000000000
0000000000001111111111111111111111111111111111111111111111111111111111100000000000
0000000000011111111111111111111111111111111111111111111111111111111111100000000000
0000000000011111111111111111111111111111111111111111111111111111111111110000000000
0000000000111111111111111111111111111111111111111111111111111111111111110000000000
0000000000111111111111111111111111111111111111111111111111111111111111111000000000
0000000001111111111111111111111111111111111111111111111111111111111111111000000000
0000000001111111111111111111111111111111111111111111111111111111111111111100000000
0000000011111111111111111111111111111111111111111111111111111111111111111100000000
0000000011111111111111111111111111111111111111111111111111111111111111111110000000
0000000011111111111111111111111111111111111111111111111111111111111111111110000000
0000000000000000000000000000000000000000000000000000000000000000000000000000000000
0000000000000000000000000000000000000000000000000000000000000000000000000000000000
0000000000000000000000000000000000000000000000000000000000000000000000000000000000
0000000000000000000000000000000000000000000000000000000000000000000000000000000000
0000000000000000000000000000000000000000000000000000000000000000000000000000000000
0000000000000000000000000000000000000000000000000000000000000000000000000000000000
0000000000000000000000000000000000000000000000000000000000000000000000000000000000

0000000000000000000000000000000000000000000000000000000000000000000000000000000000
0000000000000000000000000000000000000000000000000000000000000000000000000000000000
0000000000000000000000000000000000000000000000000000000000000000000000000000000000
0000000000000000000000000000000000000000000000000000000000000000000000000000000000
0000000000000000000000000000000000000000000000000000000000000000000000000000000000
0000000000000000000000000000000000000000000000000000000000000000000000000000000000
0000000000000000000000000000000000000000000000000000000000000000000000000000000000
0000000000000000000000000000000000000000000000000000000000000000000000000000000000
0000000000000000000000000000000000000000000000000000000000000000000000000000000000
0000000000000000000000000000000000000000110000000000000000000000000000000000000000
0000000000000000000000000000000000000000111000000000000000000000000000000000000000
0000000000000000000000000000000000000001111000000000000000000000000000000000000000
0000000000000000000000000000000000000001111100000000000000000000000000000000000000
0000000000000000000000000000000000000011111100000000000000000000000000000000000000
0000000000000000000000000000000000000011111110000000000000000000000000000000000000
0000000000000000000000000000000000000111111110000000000000000000000000000000000000
0000000000000000000000000000000000000111111111000000000000000000000000000000000000
0000000000000000000000000000000000001111111111000000000000000000000000000000000000
0000000000000000000000000000000000001111111111100000000000000000000000000000000000
0000000000000000000000000000000000011111111111100000000000000000000000000000000000
0000000000000000000000000000000000011111111111110000000000000000000000000000000000
0000000000000000000000000000000000111111111111110000000000000000000000000000000000
0000000000000000000000000000000000111111111111111000000000000000000000000000000000
0000000000000000000000000000000001111111111111111000000000000000000000000000000000
0000000000000000000000000000000001111111111111111100000000000000000000000000000000
0000000000000000000000000000000011111111111111111100000000000000000000000000000000
0000000000000000000000000000000011111111111111111100000000000000000000000000000000
0000000000000000000000000000000111111111111111111110000000000000000000000000000000
0000000000000000000000000000000111111111111111111110000000000000000000000000000000
0000000000000000000000000000001111111111111111111111000000000000000000000000000000
0000000000000000000000000000001111111111111111111111000000000000000000000000000000
0000000000000000000000000000011111111111111111111111100000000000000000000000000000
0000000000000000000000000000011111111111111111111111110000000000000000000000000000
0000000000000000000000000000111111111111111111111111110000000000000000000000000000
0000000000000000000000000000111111111111111111111111111000000000000000000000000000
0000000000000000000000000001111111111111111111111111111000000000000000000000000000
0000000000000000000000000001111111111111111111111111111100000000000000000000000000
0000000000000000000000000011111111111111111111111111111100000000000000000000000000
0000000000000000000000000011111111111111111111111111111110000000000000000000000000
0000000000000000000000000111111111111111111111111111111110000000000000000000000000
0000000000000000000000000111111111111111111111111111111110000000000000000000000000
0000000000000000000000001111111111111111111111111111111111000000000000000000000000
0000000000000000000000001111111111111111111111111111111111000000000000000000000000
0000000000000000000000011111111111111111111111111111111111100000000000000000000000
0000000000000000000000011111111111111111111111111111111111100000000000000000000000
0000000000000000000000111111111111111111111111111111111111110000000000000000000000
0000000000000000000000111111111111111111111111111111111111110000000000000000000000
0000000000000000000001111111111111111111111111111111111111111000000000000000000000
0000000000000000000001111111111111111111111111111111111111111000000000000000000000
0000000000000000000011111111111111111111111111111111111111111100000000000000000000
0000000000000000000011111111111111111111111111111111111111111100000000000000000000
0000000000000000000111111111111111111111111111111111111111111110000000000000000000
0000000000000000000111111111111111111111111111111111111111111110000000000000000000
0000000000000000001111111111111111111111111111111111111111111111000000000000000000
0000000000000000001111111111111111111111111111111111111111111111000000000000000000
0000000000000000011111111111111111111111111111111111111111111111100000000000000000
0000000000000000011111111111111111111111111111111111111111111111100000000000000000
0000000000000000111111111111111111111111111111111111111111111111110000000000000000
0000000000000000111111111111111111111111111111111111111111111111110000000000000000
0000000000000001111111111111111111111111111111111111111111111111111000000000000000
0000000000000001111111111111111111111111111111111111111111111111111000000000000000
0000000000000011111111111111111111111111111111111111111111111111111100000000000000
0000000000000011111111111111111111111111111111111111111111111111111100000000000000
0000000000000111111111111111111111111111111111111111111111111111111110000000000000
0000000000000111111111111111111111111111111111111111111111111111111110000000000000
0000000000001111111111111111111111111111111111111111111111111111111111000000000000
0000000000001111111111111111111111111111111111111111111111111111111111000000000000
0000000000011111111111111111111111111111111111111111111111111111111111100000000000
0000000000011111111111111111111111111111111111111111111111111111111111100000000000
0000000000111111111111111111111111111111111111111111111111111111111111110000000000
0000000000111111111111111111111111111111111111111111111111111111111111110000000000
0000000001111111111111111111111111111111111111111111111111111111111111111000000000
0000000001111111111111111111111111111111111111111111111111111111111111111000000000
0000000001111111111111111111111111111111111111111111111111111111111111111100000000
0000000000000000000000000000000000000000000000000000000000000000000000000000000000
0000000000000000000000000000000000000000000000000000000000000000000000000000000000
0000000000000000000000000000000000000000000000000000000000000000000000000000000000
0000000000000000000000000000000000000000000000000000000000000000000000000000000000
0000000000000000000000000000000000000000000000000000000000000000000000000000000000
0000000000000000000000000000000000000000000000000000000000000000000000000000000000
0000000000000000000000000000000000000000000000000000000000000000000000000000000000
0000000000000000000000000000000000000000000000000000000000000000000000000000000000

== SDRs ==
10001000000100001100000010000010
00100000000001000000000001100100
00000000001110000000000000011010
10000000000010000000010000000000
00000000010000000100010001010001
00100000000000000000010101001010
00010000001000010100100000000000
00011000000000110010100000000000
10010101000000100000010000101000
00000000111001001110000000000000
01011011110010101001100000010001
10001000000000100001000000000010
01000000000001000000000000010000
01100000000001001011100000000010
01001000000000101101000000000000
00000000010000100000000000100000
10001100100100000100000001100000
01000001000000000100000000010000
00000000011100001010011000001000
00100000000000000010000000010000
00000010000001100010001000000001
00001000100010000000010010000000
00001000001001101000000000110000
01100000010010000011000001001000
00000000100000110100000000000001
01001000001100000100001000000100
10000000000000010000001000000000
01000000000101010000000100000000
10100000000100000000100110100000
01101000001000000000001001000000
01000000100010000000110000100101
00000010000001000100000010100010

10000000010000000000100000000110
00000001110000000000000010000100
00000000001000000000000000000000
01001100000000000000000000000001
00000000000000100000000001000010
00000000000010000000000001001001
00001000000000010000000000000000
10000000000010010000000000110000
10100001001000000000010000000101
00000000000000001000010000000000
00000000010011100000100000000000
00010000000000000000000000010000
01000010000000001000101000100000
01000000000000000001000000000110
00000000100100101000001000100000
01001000010000000000000000100000
00000000100000000110000100000010
01000011000000001000000000000000
00000010110100001001001000000100
10100000000000000000000000000001
00000110000100000000001000010000
10001000001000000001000000000000
11010000001000001000010010100000
01000000100010000001000001000100
10000000011000000000000001100001
11000000001101000100000000000000
00000000000000010000000000010000
00010000100000010000001000000000
00000000000000000100000000000100
00000000000001001000000001110000
01100000100000000001000001000000
00000000000000000010000000000000

11000000000101000000100000000010
00001000100110000000010000000010
00100010011000010000100000000001
10000000000010000000011001000001
00010000000010000000111001000001
10000000001000100000000001100010
00011000001001000000000000010000
10000000000000010100100000100010
00000001000000100100010000000001
00010000011000000000100001000000
11000001000010110100000000000010
00000000001000000001000000000110
00000000000010000000000000000000
00000011000001000000000110100010
00000000001000101000001000000000
00100001010010100001000000101100
01011000000001100110000001000000
01100001011000001100110000010000
00000010001000100010001000000000
00100001001100001000001000000001
00000000000000010000001001000101
00000000000011000000010000100000
00100000000001001000000000101000
01000000100000010001000001001000
00100001000000000100010000100000
00011000010001000100000000000001
00100000101100000000001001000000
01000100000010000001001000000000
01101000000101000000000000000000
00001000000001000001000101000100
00000000110001000001000001000000
00000010001000000010000000000000

10000000000101001000000000000010
00001000100010000000010000000110
00100010011000010000100000000001
10000000000010000000011001000001
00011000000010000000101001000001
10000000001000100000000001100010
00011000000001000000000000011000
10000010000000010100100000100000
00000001000000100100010000000001
00010000000100010000100001000000
11000001000010100100000000000000
00000000000000000001000000000110
01000100000000000000100000000000
00000010000000000000000110110010
00000000001000101000011000000000
00101001000010000001000000101100
11010000000001100110010000000000
01100001011000001101110000010000
00000000001000100010001000000100
00100001001100001000001000000010
00000000000001010000001001000100
10000000000011000000011000000000
00100010000000001000000000101000
01000000100000010000000001000000
00110001000000000100000000100000
00011000000000000100000000000001
00100000101100010000001010000000
01000110000000000000001000000000
01001000000001000000000000000000
00001000000001000011000101000100
10000000110001000001000001000000
01000010001000000010000001010000

00000000000101000000000000001000
00001001110010000000010000000000
00000000000000001000000000000001
00001000000010000000000000000001
00001000000100100000001001000110
10000000000000000000000001100001
00010000000001010000000000010000
00000000000000010000100000100010
00000001000000000000010000000001
10010000001100000000000000000000
10000000000000100000000000000010
10100010000000000000000000000000
00000000100000001000000000000000
00000000001000000001000110110010
00000000001000001000001000000000
00000001000000100001000010100101
10010000000001100110000000000000
01100011001000001100000000010000
00100000000000100001001000000000
00100000000000000000000000000000
00000000000100000000011000000100
00000000001000000000001000010001
10100011000000001000010000100000
01000000000000010000000001000000
00010100010010010000000001100000
10000011000000000000000000000001
00000000101000010000001000000000
01000110100000000001000000000000
01001000000000010001000000000000
00001000000000000001000001000000
00000000110001100000001000000000
00000000000000000000000000000010

00000000000100010000000000001000
01000000000010000000110000000100
00010000000000010000010000000000
10001000000000000001000000010001
00010000000000000000001001000000
00000000100000000000000000100000
00000000000001000000000000010000
10000000000000010000100000100010
00000000000001000000010000000001
10010001000100000000000001000000
10001001000010000000000000000000
10000010001000000000000000000000
00000000100000011000000000000000
00000001001000000000000110010000
00000000001000001000001000000000
00001001000000000001000010000100
10010000000001000110000000000000
01101000001000001100100000010000
00100001001000100010000001000000
00000000000000000000000000010001
00000100000100001000010000000000
00000000000000000000000000000001
00100000000100000000010000100000
01100000000000010000101010000000
10010000000100100000100001000000
00000101000000000000000000000001
00000000101000010000001010000000
01000010000000000000001000000000
01001000000000010000000000000000
00001000000011000001001001000000
00000000000011100000001000000000
00000000100000000000010001000100

10000000010101000000100000000000
00000001110110000000000000000100
00000000001000000000000000100000
11001100000000000000000000000001
00001000000100100000001001000010
00000000000000000000000001101000
00011000000001010000000000000000
10000000000010010000000000100010
00100001001001000000010000000101
00010000001000000000010000000000
10000000000011100100000000000000
00100000000000000000000000000000
00000000000000001000100000000000
00000000000000000001000110110110
10000000001100101000000000100000
01000001010000000001000000101010
00010000000001100110000100000000
01000001001000000000000000000000
00000010010100000001000000000000
10100001000000000000000000000001
00000000000100000000001000010000
10000000001000000000000000010000
00000000001000001000010010100000
01100000100000000001000001000100
10010100010000000000000001100000
10000010000101000100000000000001
00010000101010010000001001010000
01000100000000000001001000000000
01000000000000000101000000000100
00000000000001001000000001010000
01100000110001100001001001000000
00000000000000000010000001001000

10000000000100010000100000000000
00000000100110000000000000000100
00000000001000010000000000000000
11001100100000010001000000010001
00010000000000000000001000000000
00000000101000000000000010101000
00001000000000000000000000000000
10000000000000010000000000100011
00100000000001000000010000000101
00010001000000000000010001000000
10001001000011000000000000000000
00000000001000000000000000000000
00000000000000001000000000000001
00000000000000000000000100000100
00000000001100101000101000100000
00001001010000000001000000001010
00010000000001000110000100000000
00101000000000000000000000000000
00000011011000000010000001000100
10000000000000000000000000000001
00000100000100001000001000010000
10000000001000000000000000000000
00000000000000000000010010100000
01100000100000010001101011000100
10000001000000000000000000100000
00000001000101000100000000000001
00000000101000010000001010010000
01000000000000000000001000000000
01001000000000000100000000000100
00001000000001001100000001010000
00100000000011000001001001000000
00000000100000000010000001001100

00000000000100010000100000000000
01000001100010000000000000000100
00010000001000000000000000000000
11001100100000000001000000010001
00000000000100000000001001000110
00000000100000000000000001100000
00001000000000110000000000000000
10000000000000010000000000100011
00100000001001000000010000000101
10010000000000000000010000000000
10000000000011000000000000000000
10000000001000000000000000000000
00000000100000001000000000000000
00000000000000000001000000010100
00000010001100100000000000100000
00000000011000000001000000000110
00000000000001000110000100000000
01001000000000000000000000000000
00000011100000000001000001000000
10000000000000000000000000000001
00000100100100001000000000010000
00000000001000000000000000010001
00000000000000000000010010000000
01100000000000010001101001000100
10010000010000000000000001100000
10000001000001000000000000000001
00000000101000010000001010010000
01000000000000000000001000000000
01001000000000010100000000000100
00000000000000001000000001010000
00100000000011100001001001000000
00000000100010000000000001001100

