== Attributes ==
title=2x1 Basic Problem 14
type= 2x1
result=3
window_size=(82, 82)

== Input ==
0000000000000000000000000000000000000000000000000000000000000000000000000000000000
0000000000000000000000000000000000000000000000000000000000000000000000000000000000
0000000000000000000000000000000000000000000000000000000000000000000000000000000000
0000000000000000000000000000000000000000000000000000000000000000000000000000000000
0000000000000000000000000000000000000000000000000000000000000000000000000000000000
0000000000000000000000000000000000000000000000000000000000000000000000000000000000
0000000000000000000000000000000000000000000000000000000000000000000000000000000000
0000000000000000000000000000000000000000000000000000000000000000000000000000000000
0000000000000000000000000000000000000000000000000000000000000000000000000000000000
0000000000000000000000000000000000000000000000000000000000000000000000000000000000
0000000000000000000000000000000000000000000000000000000000000000000000000000000000
0000000000000000000000000000000000000000000000000000000000000000000000000000000000
0000000000000000000000000000000000000000000000000000000000000000000000000000000000
0000000000000000000000000000000000000000000000000000000000000000000000000000000000
0000000000000000000000000000000000000000000000000000000000000000000000000000000000
0000000000000000000000000000000000000000000000000000000000000000000000000000000000
0000000000000000000000000000000000000000000000000000000000000000000000000000000000
0000000000000000000000000000000000000000000000000000000000000000000000000000000000
0000000000000000000000000000000000000000000000000000000000000000000000000000000000
0000000000000000000000000000000000000000000000000000000000000000000000000000000000
0000000000000000000000000000000000000000000000000000000000000000000000000000000000
0000000000000000000000000000000000000000000000000000000000000000000000000000000000
0000000000000000000000000000000000000000000000000000000000000000000000000000000000
0000000000000000000000000000000000000000000000000000000000000000000000000000000000
0000000000000000001111111000000000000000000111111111111111111111111111111111100000
0000000000000001111111111111000000000000001111111111111111111111111111111111100000
0000000000000111000000000011110000000000001100000000000000000000000000000001100000
0000000000011100000000000000011100000000001100000000000000000000000000000001100000
0000000000110000000000000000001110000000001100000000000000000000000000000001100000
0000000001100000000000000000000011000000001100000000000000000000000000000001100000
0000000011000000000000000000000001100000001100000000000000000000000000000001100000
0000000110000000000000000000000000110000001100000000000000000000000000000001100000
0000000100000000000000000000000000110000001100000000000000000000000000000001100000
0000001100000000000000000000000000011000001100000000000000000000000000000001100000
0000001000000000000000000000000000011000001100000000000000000000000000000001100000
0000011000000000000000000000000000001100001100000000000000000000000000000001100000
0000011000000000000000000000000000001100001100000000000000000000000000000001100000
0000010000000000000000000000000000000100001100000000000000000000000000000001100000
0000110000000000000000000000000000000100001100000000000000000000000000000001100000
0000110000000000000000000000000000000110001100000000000000000000000000000001100000
0000110000000000000000000000000000000110001100000000000000000000000000000001100000
0000110000000000000000000000000000000110001100000000000000000000000000000001100000
0000110000000000000000000000000000000110001100000000000000000000000000000001100000
0000110000000000000000000000000000000110001100000000000000000000000000000001100000
0000110000000000000000000000000000000100001100000000000000000000000000000001100000
0000010000000000000000000000000000000100001100000000000000000000000000000001100000
0000011000000000000000000000000000001100001100000000000000000000000000000001100000
0000011000000000000000000000000000001100001100000000000000000000000000000001100000
0000001000000000000000000000000000011000001100000000000000000000000000000001100000
0000001100000000000000000000000000011000001100000000000000000000000000000001100000
0000000110000000000000000000000000110000001100000000000000000000000000000001100000
0000000111000000000000000000000001100000001100000000000000000000000000000001100000
0000000011000000000000000000000011100000001100000000000000000000000000000001100000
0000000001110000000000000000000111000000001100000000000000000000000000000001100000
0000000000111000000000000000001110000000001100000000000000000000000000000001100000
0000000000001110000000000000111000000000001100000000000000000000000000000001100000
0000000000000111110000000111110000000000001100000000000000000000000000000001100000
0000000000000001111111111110000000000000001111111111111111111111111111111111100000
0000000000000000000011100000000000000000000111111111111111111111111111111111000000
0000000000000000000000000000000000000000000000000000000000000000000000000000000000
0000000000000000000000000000000000000000000000000000000000000000000000000000000000
0000000000000000000000000000000000000000000000000000000000000000000000000000000000
0000000000000000000000000000000000000000000000000000000000000000000000000000000000
0000000000000000000000000000000000000000000000000000000000000000000000000000000000
0000000000000000000000000000000000000000000000000000000000000000000000000000000000
0000000000000000000000000000000000000000000000000000000000000000000000000000000000
0000000000000000000000000000000000000000000000000000000000000000000000000000000000
0000000000000000000000000000000000000000000000000000000000000000000000000000000000
0000000000000000000000000000000000000000000000000000000000000000000000000000000000
0000000000000000000000000000000000000000000000000000000000000000000000000000000000
0000000000000000000000000000000000000000000000000000000000000000000000000000000000
0000000000000000000000000000000000000000000000000000000000000000000000000000000000
0000000000000000000000000000000000000000000000000000000000000000000000000000000000
0000000000000000000000000000000000000000000000000000000000000000000000000000000000
0000000000000000000000000000000000000000000000000000000000000000000000000000000000
0000000000000000000000000000000000000000000000000000000000000000000000000000000000
0000000000000000000000000000000000000000000000000000000000000000000000000000000000
0000000000000000000000000000000000000000000000000000000000000000000000000000000000
0000000000000000000000000000000000000000000000000000000000000000000000000000000000
0000000000000000000000000000000000000000000000000000000000000000000000000000000000
0000000000000000000000000000000000000000000000000000000000000000000000000000000000
0000000000000000000000000000000000000000000000000000000000000000000000000000000000

0000000000000000000000000000000000000000000000000000000000000000000000000000000000
0000000000000000000000000000000000000000000000000000000000000000000000000000000000
0000000000000000000000000000000000000000000000000000000000000000000000000000000000
0000000000000000000000000000000000000000000000000000000000000000000000000000000000
0000000000000000000000000000000000000000000000000000000000000000000000000000000000
0000000000000000000000000000000000000000000000000000000000000000000000000000000000
0000000000000000000000000000000000000000000000000000000000000000000000000000000000
0000000000000000000000000000000000000000000000000000000000000000000000000000000000
0000000000000000000000000000000000000000000000000000000000000000000000000000000000
0000000000000000000000000000000000000000000000000000000000000000000000000000000000
0000000000000000000000000000000000000000000000000000000000000000000000000000000000
0000000000000000000000000000000000000000000000000000000000000000000000000000000000
0000000000000000000000000000000000000000000000000000000000000000000000000000000000
0000000000000000000000000000000000000000000000000000000000000000000000000000000000
0000000000000000000000000000000000000000000000000000000000000000000000000000000000
0000000000000000000000000000000000000000000000000000000000000000000000000000000000
0000000000000000000000000000000000000000000000000000000000000000000000000000000000
0000000000000000000000000000000000000000000000000000000000000000000000000000000000
0000000000000000000000000000000000000000000000000000000000000000000000000000000000
0000000000000000000000000000000000000000000000000000000000000000000000000000000000
0000000000000000000000000000000000000000000000000000000000000000000000000000000000
0000000000000000000000000000000000000000000000000000000000000000000000000000000000
0000000000000000000000000000000000000000000000000000000000000000000000000000000000
0000000000000000000000000000000000000000000000000000000000000000000000000000000000
0000000000000000001111111100000000000000000000000000000000001000000000000000000000
0000000000000001111111111111100000000000000000000000000000011000000000000000000000
0000000000000111100000000001111000000000000000000000000000011100000000000000000000
0000000000001110000000000000011100000000000000000000000000110100000000000000000000
0000000000011000000000000000000111000000000000000000000000100110000000000000000000
0000000000110000000000000000000011100000000000000000000001100010000000000000000000
0000000001100000000000000000000001110000000000000000000001000011000000000000000000
0000000011000000000000000000000000110000000000000000000011000001000000000000000000
0000000110000000000000000000000000011000000000000000000010000001100000000000000000
0000000110000000000000000000000000001000000000000000000110000000100000000000000000
0000001100000000000000000000000000001100000000000000000100000000110000000000000000
0000001100000000000000000000000000000100000000000000001100000000010000000000000000
0000001000000000000000000000000000000110000000000000001000000000011000000000000000
0000011000000000000000000000000000000110000000000000011000000000001000000000000000
0000011000000000000000000000000000000110000000000000010000000000001100000000000000
0000011000000000000000000000000000000010000000000000110000000000000100000000000000
0000010000000000000000000000000000000010000000000000100000000000000110000000000000
0000010000000000000000000000000000000010000000000001100000000000000010000000000000
0000010000000000000000000000000000000010000000000001000000000000000011000000000000
0000011000000000000000000000000000000010000000000011000000000000000001000000000000
0000011000000000000000000000000000000110000000000010000000000000000001100000000000
0000011000000000000000000000000000000110000000000110000000000000000000100000000000
0000001000000000000000000000000000000110000000000100000000000000000000110000000000
0000001100000000000000000000000000001100000000001100000000000000000000010000000000
0000001100000000000000000000000000001100000000001000000000000000000000011000000000
0000000110000000000000000000000000011000000000011000000000000000000000001000000000
0000000110000000000000000000000000011000000000010000000000000000000000001100000000
0000000011000000000000000000000000110000000000110000000000000000000000000100000000
0000000001100000000000000000000001100000000000100000000000000000000000000110000000
0000000000110000000000000000000011000000000001100000000000000000000000000010000000
0000000000011100000000000000000110000000000001000000000000000000000000000011000000
0000000000001110000000000000011100000000000011000000000000000000000000000001000000
0000000000000011110000000011110000000000000010000000000000000000000000000001100000
0000000000000000111111111111000000000000000111111111111111111111111111111111100000
0000000000000000000011110000000000000000000011111111111111111111111111111111100000
0000000000000000000000000000000000000000000000000000000000000000000000000000000000
0000000000000000000000000000000000000000000000000000000000000000000000000000000000
0000000000000000000000000000000000000000000000000000000000000000000000000000000000
0000000000000000000000000000000000000000000000000000000000000000000000000000000000
0000000000000000000000000000000000000000000000000000000000000000000000000000000000
0000000000000000000000000000000000000000000000000000000000000000000000000000000000
0000000000000000000000000000000000000000000000000000000000000000000000000000000000
0000000000000000000000000000000000000000000000000000000000000000000000000000000000
0000000000000000000000000000000000000000000000000000000000000000000000000000000000
0000000000000000000000000000000000000000000000000000000000000000000000000000000000
0000000000000000000000000000000000000000000000000000000000000000000000000000000000
0000000000000000000000000000000000000000000000000000000000000000000000000000000000
0000000000000000000000000000000000000000000000000000000000000000000000000000000000
0000000000000000000000000000000000000000000000000000000000000000000000000000000000
0000000000000000000000000000000000000000000000000000000000000000000000000000000000
0000000000000000000000000000000000000000000000000000000000000000000000000000000000
0000000000000000000000000000000000000000000000000000000000000000000000000000000000
0000000000000000000000000000000000000000000000000000000000000000000000000000000000
0000000000000000000000000000000000000000000000000000000000000000000000000000000000
0000000000000000000000000000000000000000000000000000000000000000000000000000000000
0000000000000000000000000000000000000000000000000000000000000000000000000000000000
0000000000000000000000000000000000000000000000000000000000000000000000000000000000
0000000000000000000000000000000000000000000000000000000000000000000000000000000000

0000000000000000000000000000000000000000000000000000000000000000000000000000000000
0000000000000000000000000000000000000000000000000000000000000000000000000000000000
0000000000000000000000000000000000000000000000000000000000000000000000000000000000
0000000000000000000000000000000000000000000000000000000000000000000000000000000000
0000000000000000000000000000000000000000000000000000000000000000000000000000000000
0000000000000000000000000000000000000000000000000000000000000000000000000000000000
0000000000000000000000001111111111111111111111111111111111000000000000000000000000
0000000000000000000000001111111111111111111111111111111111000000000000000000000000
0000000000000000000000001000000000000000000000000000000001000000000000000000000000
0000000000000000000000001000000000000000000000000000000001000000000000000000000000
0000000000000000000000001000000000000000000000000000000001000000000000000000000000
0000000000000000000000001000000000000000000000000000000001000000000000000000000000
0000000000000000000000001000000000000000000000000000000001000000000000000000000000
0000000000000000000000001000000000000000000000000000000001000000000000000000000000
0000000000000000000000001000000000000000000000000000000001000000000000000000000000
0000000000000000000000001000000000000000000000000000000001000000000000000000000000
0000000000000000000000001000000000000000000000000000000001000000000000000000000000
0000000000000000000000001000000000000000000000000000000001000000000000000000000000
0000000000000000000000001000000000000000000000000000000001000000000000000000000000
0000000000000000000000001000000000000000000000000000000001000000000000000000000000
0000000000000000000000001000000000000000000000000000000001000000000000000000000000
0000000000000000000000001000000000000000000000000000000001000000000000000000000000
0000000000000000000000001000000000000000000000000000000001000000000000000000000000
0000000000000000000000001000000000000000000000000000000001000000000000000000000000
0000000000000000000000001000000000000000000000000000000001000000000000000000000000
0000000000000000000000001000000000000000000000000000000001000000000000000000000000
0000000000000000000000001000000000000000000000000000000001000000000000000000000000
0000000000000000000000001000000000000000000000000000000001000000000000000000000000
0000000000000000000000001000000000000000000000000000000001000000000000000000000000
0000000000000000000000001000000000000000000000000000000001000000000000000000000000
0000000000000000000000001000000000000000000000000000000001000000000000000000000000
0000000000000000000000001000000000000000000000000000000001000000000000000000000000
0000000000000000000000001000000000000000000000000000000001000000000000000000000000
0000000000000000000000001000000000000000000000000000000001000000000000000000000000
0000000000000000000000001000000000000000000000000000000001000000000000000000000000
0000000000000000000000001000000000000000000000000000000001000000000000000000000000
0000000000000000000000001000000000000000000000000000000001000000000000000000000000
0000000000000000000000001000000000000000000000000000000001000000000000000000000000
0000000000000000000000001000000000000000000000000000000001000000000000000000000000
0000000000000000000000001111111111111111111111111111111111000000000000000000000000
0000000000000000000000000111111111111111111111111111111110000000000000000000000000
0000000000000000000000000000000000000000000000000000000000000000000000000000000000
0000000000000000000000000000000000000011111110000000000000000000000000000000000000
0000000000000000000000000000000000111111111111110000000000000000000000000000000000
0000000000000000000000000000000011110000000000111100000000000000000000000000000000
0000000000000000000000000000000111000000000000001110000000000000000000000000000000
0000000000000000000000000000001100000000000000000011000000000000000000000000000000
0000000000000000000000000000011000000000000000000001100000000000000000000000000000
0000000000000000000000000000110000000000000000000000110000000000000000000000000000
0000000000000000000000000001100000000000000000000000011000000000000000000000000000
0000000000000000000000000011000000000000000000000000001100000000000000000000000000
0000000000000000000000000011000000000000000000000000000100000000000000000000000000
0000000000000000000000000110000000000000000000000000000110000000000000000000000000
0000000000000000000000000110000000000000000000000000000010000000000000000000000000
0000000000000000000000001100000000000000000000000000000011000000000000000000000000
0000000000000000000000001100000000000000000000000000000011000000000000000000000000
0000000000000000000000001100000000000000000000000000000011000000000000000000000000
0000000000000000000000001000000000000000000000000000000001000000000000000000000000
0000000000000000000000001000000000000000000000000000000001000000000000000000000000
0000000000000000000000001000000000000000000000000000000001000000000000000000000000
0000000000000000000000001000000000000000000000000000000001000000000000000000000000
0000000000000000000000001100000000000000000000000000000001000000000000000000000000
0000000000000000000000001100000000000000000000000000000011000000000000000000000000
0000000000000000000000001100000000000000000000000000000011000000000000000000000000
0000000000000000000000000100000000000000000000000000000011000000000000000000000000
0000000000000000000000000110000000000000000000000000000110000000000000000000000000
0000000000000000000000000110000000000000000000000000000110000000000000000000000000
0000000000000000000000000011000000000000000000000000001100000000000000000000000000
0000000000000000000000000011000000000000000000000000001100000000000000000000000000
0000000000000000000000000001100000000000000000000000011000000000000000000000000000
0000000000000000000000000000110000000000000000000000110000000000000000000000000000
0000000000000000000000000000011000000000000000000001100000000000000000000000000000
0000000000000000000000000000001100000000000000000011000000000000000000000000000000
0000000000000000000000000000000111000000000000001110000000000000000000000000000000
0000000000000000000000000000000001111000000001111000000000000000000000000000000000
0000000000000000000000000000000000011111111111100000000000000000000000000000000000
0000000000000000000000000000000000000001111000000000000000000000000000000000000000
0000000000000000000000000000000000000000000000000000000000000000000000000000000000
0000000000000000000000000000000000000000000000000000000000000000000000000000000000
0000000000000000000000000000000000000000000000000000000000000000000000000000000000
0000000000000000000000000000000000000000000000000000000000000000000000000000000000
0000000000000000000000000000000000000000000000000000000000000000000000000000000000

== Output ==
0000000000000000000000000000000000000000000000000000000000000000000000000000000000
0000000000000000000000000000000000000000000000000000000000000000000000000000000000
0000000000000000000000000000000000000000000000000000000000000000000000000000000000
0000000000000000000000000000000000000000000000000000000000000000000000000000000000
0000000000000000000000000000000000000000000000000000000000000000000000000000000000
0000000000000000000000000000000000011111111111100000000000000000000000000000000000
0000000000000000000000000000000001111100000011111000000000000000000000000000000000
0000000000000000000000000000000111100000000000011110000000000000000000000000000000
0000000000000000000000000000001110000000000000000111000000000000000000000000000000
0000000000000000000000000000011000000000000000000001100000000000000000000000000000
0000000000000000000000000000110000000000000000000000110000000000000000000000000000
0000000000000000000000000001100000000000000000000000011000000000000000000000000000
0000000000000000000000000011000000000000000000000000011000000000000000000000000000
0000000000000000000000000011000000000000000000000000001100000000000000000000000000
0000000000000000000000000110000000000000000000000000000110000000000000000000000000
0000000000000000000000000110000000000000000000000000000110000000000000000000000000
0000000000000000000000001100000000000000000000000000000010000000000000000000000000
0000000000000000000000001100000000000000000000000000000011000000000000000000000000
0000000000000000000000001100000000000000000000000000000011000000000000000000000000
0000000000000000000000001000000000000000000000000000000011000000000000000000000000
0000000000000000000000001000000000000000000000000000000011000000000000000000000000
0000000000000000000000001000000000000000000000000000000001000000000000000000000000
0000000000000000000000001000000000000000000000000000000001000000000000000000000000
0000000000000000000000001000000000000000000000000000000011000000000000000000000000
0000000000000000000000001000000000000000000000000000000011000000000000000000000000
0000000000000000000000001100000000000000000000000000000011000000000000000000000000
0000000000000000000000001100000000000000000000000000000011000000000000000000000000
0000000000000000000000000100000000000000000000000000000110000000000000000000000000
0000000000000000000000000110000000000000000000000000000110000000000000000000000000
0000000000000000000000000110000000000000000000000000000100000000000000000000000000
0000000000000000000000000011000000000000000000000000001100000000000000000000000000
0000000000000000000000000001100000000000000000000000011000000000000000000000000000
0000000000000000000000000001100000000000000000000000110000000000000000000000000000
0000000000000000000000000000110000000000000000000001110000000000000000000000000000
0000000000000000000000000000011100000000000000000011100000000000000000000000000000
0000000000000000000000000000001110000000000000001110000000000000000000000000000000
0000000000000000000000000000000011110000000000111100000000000000000000000000000000
0000000000000000000000000000000000111111111111110000000000000000000000000000000000
0000000000000000000000000000000000000111111110000000000000000000000000000000000000
0000000000000000000000000000000000000000000000000000000000000000000000000000000000
0000000000000000000000000000000000000000000000000000000000000000000000000000000000
0000000000000000000000000000000000000000000000000000000000000000000000000000000000
0000000000000000000000000000000000000111111110000000000000000000000000000000000000
0000000000000000000000000000000000111111111111110000000000000000000000000000000000
0000000000000000000000000000000011110000000000111100000000000000000000000000000000
0000000000000000000000000000000111000000000000001110000000000000000000000000000000
0000000000000000000000000000011100000000000000000011000000000000000000000000000000
0000000000000000000000000000111000000000000000000001100000000000000000000000000000
0000000000000000000000000000110000000000000000000000110000000000000000000000000000
0000000000000000000000000001100000000000000000000000011000000000000000000000000000
0000000000000000000000000011000000000000000000000000001100000000000000000000000000
0000000000000000000000000010000000000000000000000000001100000000000000000000000000
0000000000000000000000000110000000000000000000000000000110000000000000000000000000
0000000000000000000000000100000000000000000000000000000110000000000000000000000000
0000000000000000000000001100000000000000000000000000000010000000000000000000000000
0000000000000000000000001100000000000000000000000000000011000000000000000000000000
0000000000000000000000001000000000000000000000000000000011000000000000000000000000
0000000000000000000000001000000000000000000000000000000011000000000000000000000000
0000000000000000000000001000000000000000000000000000000001000000000000000000000000
0000000000000000000000001000000000000000000000000000000001000000000000000000000000
0000000000000000000000001000000000000000000000000000000011000000000000000000000000
0000000000000000000000001000000000000000000000000000000011000000000000000000000000
0000000000000000000000001100000000000000000000000000000011000000000000000000000000
0000000000000000000000001100000000000000000000000000000011000000000000000000000000
0000000000000000000000001100000000000000000000000000000010000000000000000000000000
0000000000000000000000000100000000000000000000000000000110000000000000000000000000
0000000000000000000000000110000000000000000000000000000110000000000000000000000000
0000000000000000000000000011000000000000000000000000001100000000000000000000000000
0000000000000000000000000011000000000000000000000000001100000000000000000000000000
0000000000000000000000000001100000000000000000000000011000000000000000000000000000
0000000000000000000000000000110000000000000000000000110000000000000000000000000000
0000000000000000000000000000011000000000000000000001100000000000000000000000000000
0000000000000000000000000000001100000000000000000111000000000000000000000000000000
0000000000000000000000000000000111000000000000001110000000000000000000000000000000
0000000000000000000000000000000001111000000001111000000000000000000000000000000000
0000000000000000000000000000000000011111111111100000000000000000000000000000000000
0000000000000000000000000000000000000001111000000000000000000000000000000000000000
0000000000000000000000000000000000000000000000000000000000000000000000000000000000
0000000000000000000000000000000000000000000000000000000000000000000000000000000000
0000000000000000000000000000000000000000000000000000000000000000000000000000000000
0000000000000000000000000000000000000000000000000000000000000000000000000000000000
0000000000000000000000000000000000000000000000000000000000000000000000000000000000

0000000000000000000000000000000000000000000000000000000000000000000000000000000000
0000000000000000000000000000000000000000000000000000000000000000000000000000000000
0000000000000000000000000000000000000000000000000000000000000000000000000000000000
0000000000000000000000000000000000000000000000000000000000000000000000000000000000
0000000000000000000000000000000000001111111111000000000000000000000000000000000000
0000000000000000000000000000000000111111001111110000000000000000000000000000000000
0000000000000000000000000000000011100000000000011100000000000000000000000000000000
0000000000000000000000000000001110000000000000000111000000000000000000000000000000
0000000000000000000000000000011100000000000000000011100000000000000000000000000000
0000000000000000000000000000110000000000000000000000110000000000000000000000000000
0000000000000000000000000001100000000000000000000000011000000000000000000000000000
0000000000000000000000000001100000000000000000000000011000000000000000000000000000
0000000000000000000000000011000000000000000000000000001100000000000000000000000000
0000000000000000000000000110000000000000000000000000000100000000000000000000000000
0000000000000000000000000110000000000000000000000000000110000000000000000000000000
0000000000000000000000000100000000000000000000000000000010000000000000000000000000
0000000000000000000000001100000000000000000000000000000011000000000000000000000000
0000000000000000000000001100000000000000000000000000000011000000000000000000000000
0000000000000000000000001100000000000000000000000000000011000000000000000000000000
0000000000000000000000001000000000000000000000000000000001000000000000000000000000
0000000000000000000000001000000000000000000000000000000001000000000000000000000000
0000000000000000000000001000000000000000000000000000000001000000000000000000000000
0000000000000000000000001000000000000000000000000000000001000000000000000000000000
0000000000000000000000001000000000000000000000000000000011000000000000000000000000
0000000000000000000000001100000000000000000000000000000011000000000000000000000000
0000000000000000000000001100000000000000000000000000000011000000000000000000000000
0000000000000000000000000100000000000000000000000000000010000000000000000000000000
0000000000000000000000000110000000000000000000000000000110000000000000000000000000
0000000000000000000000000110000000000000000000000000000110000000000000000000000000
0000000000000000000000000011000000000000000000000000001100000000000000000000000000
0000000000000000000000000001000000000000000000000000011000000000000000000000000000
0000000000000000000000000001100000000000000000000000011000000000000000000000000000
0000000000000000000000000000110000000000000000000000110000000000000000000000000000
0000000000000000000000000000011000000000000000000011100000000000000000000000000000
0000000000000000000000000000001110000000000000000111000000000000000000000000000000
0000000000000000000000000000000111100000000000011100000000000000000000000000000000
0000000000000000000000000000000001111100000011111000000000000000000000000000000000
0000000000000000000000000000000000001111111111000000000000000000000000000000000000
0000000000000000000000000000000000000000000000000000000000000000000000000000000000
0000000000000000000000000000000000000000000000000000000000000000000000000000000000
0000000000000000000000000000000000000000000000000000000000000000000000000000000000
0000000000000000000000000000000000000000000000000000000000000000000000000000000000
0000000000000000000000001111111111111111111111111111111111000000000000000000000000
0000000000000000000000001111111111111111111111111111111111000000000000000000000000
0000000000000000000000001000000000000000000000000000000001000000000000000000000000
0000000000000000000000001000000000000000000000000000000001000000000000000000000000
0000000000000000000000001000000000000000000000000000000001000000000000000000000000
0000000000000000000000001000000000000000000000000000000001000000000000000000000000
0000000000000000000000001000000000000000000000000000000001000000000000000000000000
0000000000000000000000001000000000000000000000000000000001000000000000000000000000
0000000000000000000000001000000000000000000000000000000001000000000000000000000000
0000000000000000000000001000000000000000000000000000000001000000000000000000000000
0000000000000000000000001000000000000000000000000000000001000000000000000000000000
0000000000000000000000001000000000000000000000000000000001000000000000000000000000
0000000000000000000000001000000000000000000000000000000001000000000000000000000000
0000000000000000000000001000000000000000000000000000000001000000000000000000000000
0000000000000000000000001000000000000000000000000000000001000000000000000000000000
0000000000000000000000001000000000000000000000000000000001000000000000000000000000
0000000000000000000000001000000000000000000000000000000001000000000000000000000000
0000000000000000000000001000000000000000000000000000000001000000000000000000000000
0000000000000000000000001000000000000000000000000000000001000000000000000000000000
0000000000000000000000001000000000000000000000000000000001000000000000000000000000
0000000000000000000000001000000000000000000000000000000001000000000000000000000000
0000000000000000000000001000000000000000000000000000000001000000000000000000000000
0000000000000000000000001000000000000000000000000000000001000000000000000000000000
0000000000000000000000001000000000000000000000000000000001000000000000000000000000
0000000000000000000000001000000000000000000000000000000001000000000000000000000000
0000000000000000000000001000000000000000000000000000000001000000000000000000000000
0000000000000000000000001000000000000000000000000000000001000000000000000000000000
0000000000000000000000001000000000000000000000000000000001000000000000000000000000
0000000000000000000000001000000000000000000000000000000001000000000000000000000000
0000000000000000000000001000000000000000000000000000000001000000000000000000000000
0000000000000000000000001000000000000000000000000000000001000000000000000000000000
0000000000000000000000001000000000000000000000000000000001000000000000000000000000
0000000000000000000000001000000000000000000000000000000001000000000000000000000000
0000000000000000000000001111111111111111111111111111111111000000000000000000000000
0000000000000000000000001111111111111111111111111111111111000000000000000000000000
0000000000000000000000000000000000000000000000000000000000000000000000000000000000
0000000000000000000000000000000000000000000000000000000000000000000000000000000000
0000000000000000000000000000000000000000000000000000000000000000000000000000000000
0000000000000000000000000000000000000000000000000000000000000000000000000000000000
0000000000000000000000000000000000000000000000000000000000000000000000000000000000

0000000000000000000000000000000000000000000000000000000000000000000000000000000000
0000000000000000000000000000000000000000000000000000000000000000000000000000000000
0000000000000000000000000000000000000000000000000000000000000000000000000000000000
0000000000000000000000000000000000000000000000000000000000000000000000000000000000
0000000000000000000000000000000000000011000000000000000000000000000000000000000000
0000000000000000000000000000000000000011100000000000000000000000000000000000000000
0000000000000000000000000000000000000111100000000000000000000000000000000000000000
0000000000000000000000000000000000000110110000000000000000000000000000000000000000
0000000000000000000000000000000000001100110000000000000000000000000000000000000000
0000000000000000000000000000000000001100011000000000000000000000000000000000000000
0000000000000000000000000000000000011000011000000000000000000000000000000000000000
0000000000000000000000000000000000011000001100000000000000000000000000000000000000
0000000000000000000000000000000000110000001100000000000000000000000000000000000000
0000000000000000000000000000000000110000000110000000000000000000000000000000000000
0000000000000000000000000000000001100000000110000000000000000000000000000000000000
0000000000000000000000000000000001100000000011000000000000000000000000000000000000
0000000000000000000000000000000011000000000011000000000000000000000000000000000000
0000000000000000000000000000000011000000000001100000000000000000000000000000000000
0000000000000000000000000000000110000000000001100000000000000000000000000000000000
0000000000000000000000000000000110000000000000110000000000000000000000000000000000
0000000000000000000000000000001100000000000000110000000000000000000000000000000000
0000000000000000000000000000001100000000000000011000000000000000000000000000000000
0000000000000000000000000000011000000000000000011000000000000000000000000000000000
0000000000000000000000000000011000000000000000001100000000000000000000000000000000
0000000000000000000000000000110000000000000000001100000000000000000000000000000000
0000000000000000000000000000110000000000000000000110000000000000000000000000000000
0000000000000000000000000001100000000000000000000110000000000000000000000000000000
0000000000000000000000000001100000000000000000000011000000000000000000000000000000
0000000000000000000000000011000000000000000000000011000000000000000000000000000000
0000000000000000000000000011000000000000000000000001100000000000000000000000000000
0000000000000000000000000110000000000000000000000001100000000000000000000000000000
0000000000000000000000000110000000000000000000000000110000000000000000000000000000
0000000000000000000000001100000000000000000000000000110000000000000000000000000000
0000000000000000000000001100000000000000000000000000011000000000000000000000000000
0000000000000000000000011000000000000000000000000000011000000000000000000000000000
0000000000000000000000011000000000000000000000000000001100000000000000000000000000
0000000000000000000000110000000000000000000000000000001100000000000000000000000000
0000000000000000000000111111111111111111111111111111111100000000000000000000000000
0000000000000000000000000000000000000000000000000000000000000000000000000000000000
0000000000000000000000000000000000000000000000000000000000000000000000000000000000
0000000000000000000000000000000000000000000000000000000000000000000000000000000000
0000000000000000000000000000000000000000000000000000000000000000000000000000000000
0000000000000000000000000000000000001111111000000000000000000000000000000000000000
0000000000000000000000000000000001111111111111000000000000000000000000000000000000
0000000000000000000000000000000111000000000011110000000000000000000000000000000000
0000000000000000000000000000011100000000000000011000000000000000000000000000000000
0000000000000000000000000000110000000000000000001110000000000000000000000000000000
0000000000000000000000000001100000000000000000000111000000000000000000000000000000
0000000000000000000000000011000000000000000000000001100000000000000000000000000000
0000000000000000000000000110000000000000000000000001100000000000000000000000000000
0000000000000000000000001100000000000000000000000000110000000000000000000000000000
0000000000000000000000001100000000000000000000000000011000000000000000000000000000
0000000000000000000000011000000000000000000000000000011000000000000000000000000000
0000000000000000000000011000000000000000000000000000001000000000000000000000000000
0000000000000000000000010000000000000000000000000000001100000000000000000000000000
0000000000000000000000110000000000000000000000000000001100000000000000000000000000
0000000000000000000000110000000000000000000000000000000100000000000000000000000000
0000000000000000000000110000000000000000000000000000000100000000000000000000000000
0000000000000000000000110000000000000000000000000000000100000000000000000000000000
0000000000000000000000110000000000000000000000000000000110000000000000000000000000
0000000000000000000000110000000000000000000000000000000100000000000000000000000000
0000000000000000000000110000000000000000000000000000000100000000000000000000000000
0000000000000000000000110000000000000000000000000000000100000000000000000000000000
0000000000000000000000110000000000000000000000000000001100000000000000000000000000
0000000000000000000000010000000000000000000000000000001100000000000000000000000000
0000000000000000000000011000000000000000000000000000001000000000000000000000000000
0000000000000000000000001000000000000000000000000000011000000000000000000000000000
0000000000000000000000001100000000000000000000000000010000000000000000000000000000
0000000000000000000000000110000000000000000000000000110000000000000000000000000000
0000000000000000000000000110000000000000000000000001100000000000000000000000000000
0000000000000000000000000011000000000000000000000011000000000000000000000000000000
0000000000000000000000000001100000000000000000000111000000000000000000000000000000
0000000000000000000000000000111000000000000000001100000000000000000000000000000000
0000000000000000000000000000011110000000000000111000000000000000000000000000000000
0000000000000000000000000000000111100000000111110000000000000000000000000000000000
0000000000000000000000000000000001111111111110000000000000000000000000000000000000
0000000000000000000000000000000000000111100000000000000000000000000000000000000000
0000000000000000000000000000000000000000000000000000000000000000000000000000000000
0000000000000000000000000000000000000000000000000000000000000000000000000000000000
0000000000000000000000000000000000000000000000000000000000000000000000000000000000
0000000000000000000000000000000000000000000000000000000000000000000000000000000000
0000000000000000000000000000000000000000000000000000000000000000000000000000000000

0000000000000000000000000000000000000000000000000000000000000000000000000000000000
0000000000000000000000000000000000000000000000000000000000000000000000000000000000
0000000000000000000000000000000000000000000000000000000000000000000000000000000000
0000000000000000000000000000000000000000000000000000000000000000000000000000000000
0000000000000000000000000000000000001111111111000000000000000000000000000000000000
0000000000000000000000000000000000111111001111110000000000000000000000000000000000
0000000000000000000000000000000011100000000000011100000000000000000000000000000000
0000000000000000000000000000001110000000000000000111000000000000000000000000000000
0000000000000000000000000000011100000000000000000011100000000000000000000000000000
0000000000000000000000000000110000000000000000000000110000000000000000000000000000
0000000000000000000000000001100000000000000000000000011000000000000000000000000000
0000000000000000000000000001100000000000000000000000011000000000000000000000000000
0000000000000000000000000011000000000000000000000000001100000000000000000000000000
0000000000000000000000000110000000000000000000000000000110000000000000000000000000
0000000000000000000000000110000000000000000000000000000110000000000000000000000000
0000000000000000000000000100000000000000000000000000000010000000000000000000000000
0000000000000000000000001100000000000000000000000000000011000000000000000000000000
0000000000000000000000001100000000000000000000000000000011000000000000000000000000
0000000000000000000000001000000000000000000000000000000001000000000000000000000000
0000000000000000000000001000000000000000000000000000000001000000000000000000000000
0000000000000000000000001000000000000000000000000000000001000000000000000000000000
0000000000000000000000001000000000000000000000000000000001000000000000000000000000
0000000000000000000000001000000000000000000000000000000001000000000000000000000000
0000000000000000000000001000000000000000000000000000000001000000000000000000000000
0000000000000000000000001100000000000000000000000000000011000000000000000000000000
0000000000000000000000001100000000000000000000000000000011000000000000000000000000
0000000000000000000000000100000000000000000000000000000010000000000000000000000000
0000000000000000000000000110000000000000000000000000000110000000000000000000000000
0000000000000000000000000110000000000000000000000000000110000000000000000000000000
0000000000000000000000000011000000000000000000000000001100000000000000000000000000
0000000000000000000000000011000000000000000000000000001100000000000000000000000000
0000000000000000000000000001100000000000000000000000011000000000000000000000000000
0000000000000000000000000000110000000000000000000000110000000000000000000000000000
0000000000000000000000000000011000000000000000000001100000000000000000000000000000
0000000000000000000000000000001110000000000000000111000000000000000000000000000000
0000000000000000000000000000000011100000000000011110000000000000000000000000000000
0000000000000000000000000000000001111100000011111000000000000000000000000000000000
0000000000000000000000000000000000001111111111000000000000000000000000000000000000
0000000000000000000000000000000000000000000000000000000000000000000000000000000000
0000000000000000000000000000000000000000000000000000000000000000000000000000000000
0000000000000000000000000000000000000000000000000000000000000000000000000000000000
0000000000000000000000000000000000000000000000000000000000000000000000000000000000
0000000000000000000000000000000000000000110000000000000000000000000000000000000000
0000000000000000000000000000000000000000110000000000000000000000000000000000000000
0000000000000000000000000000000000000001111000000000000000000000000000000000000000
0000000000000000000000000000000000000001111000000000000000000000000000000000000000
0000000000000000000000000000000000000011001100000000000000000000000000000000000000
0000000000000000000000000000000000000011001100000000000000000000000000000000000000
0000000000000000000000000000000000000110000110000000000000000000000000000000000000
0000000000000000000000000000000000000110000110000000000000000000000000000000000000
0000000000000000000000000000000000001100000011000000000000000000000000000000000000
0000000000000000000000000000000000001100000011000000000000000000000000000000000000
0000000000000000000000000000000000011000000001100000000000000000000000000000000000
0000000000000000000000000000000000011000000001100000000000000000000000000000000000
0000000000000000000000000000000000110000000000110000000000000000000000000000000000
0000000000000000000000000000000000110000000000110000000000000000000000000000000000
0000000000000000000000000000000001100000000000011000000000000000000000000000000000
0000000000000000000000000000000001100000000000011000000000000000000000000000000000
0000000000000000000000000000000011000000000000001100000000000000000000000000000000
0000000000000000000000000000000011000000000000001100000000000000000000000000000000
0000000000000000000000000000000110000000000000000110000000000000000000000000000000
0000000000000000000000000000000110000000000000000110000000000000000000000000000000
0000000000000000000000000000001100000000000000000011000000000000000000000000000000
0000000000000000000000000000001100000000000000000011000000000000000000000000000000
0000000000000000000000000000011000000000000000000001100000000000000000000000000000
0000000000000000000000000000011000000000000000000001100000000000000000000000000000
0000000000000000000000000000110000000000000000000000110000000000000000000000000000
0000000000000000000000000000110000000000000000000000110000000000000000000000000000
0000000000000000000000000001100000000000000000000000011000000000000000000000000000
0000000000000000000000000001100000000000000000000000011000000000000000000000000000
0000000000000000000000000011000000000000000000000000001100000000000000000000000000
0000000000000000000000000011000000000000000000000000000100000000000000000000000000
0000000000000000000000000110000000000000000000000000000110000000000000000000000000
0000000000000000000000000110000000000000000000000000000010000000000000000000000000
0000000000000000000000001100000000000000000000000000000011000000000000000000000000
0000000000000000000000001111111111111111111111111111111111000000000000000000000000
0000000000000000000000001111111111111111111111111111111111000000000000000000000000
0000000000000000000000000000000000000000000000000000000000000000000000000000000000
0000000000000000000000000000000000000000000000000000000000000000000000000000000000
0000000000000000000000000000000000000000000000000000000000000000000000000000000000
0000000000000000000000000000000000000000000000000000000000000000000000000000000000
0000000000000000000000000000000000000000000000000000000000000000000000000000000000

0000000000000000000000000000000000000000000000000000000000000000000000000000000000
0000000000000000000000000000000000000000000000000000000000000000000000000000000000
0000000000000000000000000000000000000000000000000000000000000000000000000000000000
0000000000000000000000000000000000000000000000000000000000000000000000000000000000
0000000000000000000000000000000000000000000000000000000000000000000000000000000000
0000000000000000000000001111111111111111111111111111111111000000000000000000000000
0000000000000000000000001000000000000000000000000000000001000000000000000000000000
0000000000000000000000001000000000000000000000000000000001000000000000000000000000
0000000000000000000000001000000000000000000000000000000001000000000000000000000000
0000000000000000000000001000000000000000000000000000000001000000000000000000000000
0000000000000000000000001000000000000000000000000000000001000000000000000000000000
0000000000000000000000001000000000000000000000000000000001000000000000000000000000
0000000000000000000000001000000000000000000000000000000001000000000000000000000000
0000000000000000000000001000000000000000000000000000000001000000000000000000000000
0000000000000000000000001000000000000000000000000000000001000000000000000000000000
0000000000000000000000001000000000000000000000000000000001000000000000000000000000
0000000000000000000000001000000000000000000000000000000001000000000000000000000000
0000000000000000000000001000000000000000000000000000000001000000000000000000000000
0000000000000000000000001000000000000000000000000000000001000000000000000000000000
0000000000000000000000001000000000000000000000000000000001000000000000000000000000
0000000000000000000000001000000000000000000000000000000001000000000000000000000000
0000000000000000000000001000000000000000000000000000000001000000000000000000000000
0000000000000000000000001000000000000000000000000000000001000000000000000000000000
0000000000000000000000001000000000000000000000000000000001000000000000000000000000
0000000000000000000000001000000000000000000000000000000001000000000000000000000000
0000000000000000000000001000000000000000000000000000000001000000000000000000000000
0000000000000000000000001000000000000000000000000000000001000000000000000000000000
0000000000000000000000001000000000000000000000000000000001000000000000000000000000
0000000000000000000000001000000000000000000000000000000001000000000000000000000000
0000000000000000000000001000000000000000000000000000000001000000000000000000000000
0000000000000000000000001000000000000000000000000000000001000000000000000000000000
0000000000000000000000001000000000000000000000000000000001000000000000000000000000
0000000000000000000000001000000000000000000000000000000001000000000000000000000000
0000000000000000000000001000000000000000000000000000000001000000000000000000000000
0000000000000000000000001000000000000000000000000000000001000000000000000000000000
0000000000000000000000001000000000000000000000000000000001000000000000000000000000
0000000000000000000000001000000000000000000000000000000001000000000000000000000000
0000000000000000000000001111111111111111111111111111111111000000000000000000000000
0000000000000000000000001111111111111111111111111111111111000000000000000000000000
0000000000000000000000000000000000000000000000000000000000000000000000000000000000
0000000000000000000000000000000000000000000000000000000000000000000000000000000000
0000000000000000000000000000000000000000000000000000000000000000000000000000000000
0000000000000000000000000000000000000111111110000000000000000000000000000000000000
0000000000000000000000000000000000111111111111110000000000000000000000000000000000
0000000000000000000000000000000011110000000000111100000000000000000000000000000000
0000000000000000000000000000000111000000000000001110000000000000000000000000000000
0000000000000000000000000000001100000000000000000011000000000000000000000000000000
0000000000000000000000000000011000000000000000000001100000000000000000000000000000
0000000000000000000000000000110000000000000000000000110000000000000000000000000000
0000000000000000000000000001100000000000000000000000011000000000000000000000000000
0000000000000000000000000011000000000000000000000000001100000000000000000000000000
0000000000000000000000000010000000000000000000000000000100000000000000000000000000
0000000000000000000000000110000000000000000000000000000110000000000000000000000000
0000000000000000000000000100000000000000000000000000000010000000000000000000000000
0000000000000000000000001100000000000000000000000000000011000000000000000000000000
0000000000000000000000001100000000000000000000000000000011000000000000000000000000
0000000000000000000000001100000000000000000000000000000011000000000000000000000000
0000000000000000000000001000000000000000000000000000000001000000000000000000000000
0000000000000000000000001000000000000000000000000000000001000000000000000000000000
0000000000000000000000001000000000000000000000000000000001000000000000000000000000
0000000000000000000000001000000000000000000000000000000001000000000000000000000000
0000000000000000000000001000000000000000000000000000000001000000000000000000000000
0000000000000000000000001100000000000000000000000000000011000000000000000000000000
0000000000000000000000001100000000000000000000000000000011000000000000000000000000
0000000000000000000000000100000000000000000000000000000010000000000000000000000000
0000000000000000000000000110000000000000000000000000000110000000000000000000000000
0000000000000000000000000110000000000000000000000000000110000000000000000000000000
0000000000000000000000000011000000000000000000000000001100000000000000000000000000
0000000000000000000000000011000000000000000000000000001100000000000000000000000000
0000000000000000000000000001100000000000000000000000011000000000000000000000000000
0000000000000000000000000000110000000000000000000000110000000000000000000000000000
0000000000000000000000000000011000000000000000000001100000000000000000000000000000
0000000000000000000000000000001100000000000000000011000000000000000000000000000000
0000000000000000000000000000000111000000000000001110000000000000000000000000000000
0000000000000000000000000000000001111000000001111000000000000000000000000000000000
0000000000000000000000000000000000011111111111100000000000000000000000000000000000
0000000000000000000000000000000000000001111000000000000000000000000000000000000000
0000000000000000000000000000000000000000000000000000000000000000000000000000000000
0000000000000000000000000000000000000000000000000000000000000000000000000000000000
0000000000000000000000000000000000000000000000000000000000000000000000000000000000
0000000000000000000000000000000000000000000000000000000000000000000000000000000000
0000000000000000000000000000000000000000000000000000000000000000000000000000000000

0000000000000000000000000000000000000000000000000000000000000000000000000000000000
0000000000000000000000000000000000000000000000000000000000000000000000000000000000
0000000000000000000000000000000000000000000000000000000000000000000000000000000000
0000000000000000000000000000000000000000000000000000000000000000000000000000000000
0000000000000000000000000000000000000000110000000000000000000000000000000000000000
0000000000000000000000000000000000000000110000000000000000000000000000000000000000
0000000000000000000000000000000000000001111000000000000000000000000000000000000000
0000000000000000000000000000000000000001001000000000000000000000000000000000000000
0000000000000000000000000000000000000011001100000000000000000000000000000000000000
0000000000000000000000000000000000000011000100000000000000000000000000000000000000
0000000000000000000000000000000000000110000110000000000000000000000000000000000000
0000000000000000000000000000000000000110000010000000000000000000000000000000000000
0000000000000000000000000000000000001100000011000000000000000000000000000000000000
0000000000000000000000000000000000001100000001000000000000000000000000000000000000
0000000000000000000000000000000000011000000001100000000000000000000000000000000000
0000000000000000000000000000000000011000000000100000000000000000000000000000000000
0000000000000000000000000000000000110000000000110000000000000000000000000000000000
0000000000000000000000000000000000110000000000010000000000000000000000000000000000
0000000000000000000000000000000001100000000000011000000000000000000000000000000000
0000000000000000000000000000000001100000000000001000000000000000000000000000000000
0000000000000000000000000000000011000000000000001100000000000000000000000000000000
0000000000000000000000000000000011000000000000000100000000000000000000000000000000
0000000000000000000000000000000110000000000000000110000000000000000000000000000000
0000000000000000000000000000000110000000000000000010000000000000000000000000000000
0000000000000000000000000000001100000000000000000011000000000000000000000000000000
0000000000000000000000000000001100000000000000000001000000000000000000000000000000
0000000000000000000000000000011000000000000000000001100000000000000000000000000000
0000000000000000000000000000011000000000000000000000100000000000000000000000000000
0000000000000000000000000000110000000000000000000000110000000000000000000000000000
0000000000000000000000000000110000000000000000000000010000000000000000000000000000
0000000000000000000000000001100000000000000000000000011000000000000000000000000000
0000000000000000000000000001100000000000000000000000001000000000000000000000000000
0000000000000000000000000011000000000000000000000000001100000000000000000000000000
0000000000000000000000000011000000000000000000000000000100000000000000000000000000
0000000000000000000000000110000000000000000000000000000110000000000000000000000000
0000000000000000000000000100000000000000000000000000000010000000000000000000000000
0000000000000000000000001100000000000000000000000000000011000000000000000000000000
0000000000000000000000001111111111111111111111111111111111000000000000000000000000
0000000000000000000000000000000000000000000000000000000000000000000000000000000000
0000000000000000000000000000000000000000000000000000000000000000000000000000000000
0000000000000000000000000000000000000000000000000000000000000000000000000000000000
0000000000000000000000000000000000000000000000000000000000000000000000000000000000
0000000000000000000000001111111111111111111111111111111111000000000000000000000000
0000000000000000000000001111111111111111111111111111111111000000000000000000000000
0000000000000000000000001000000000000000000000000000000001000000000000000000000000
0000000000000000000000001000000000000000000000000000000001000000000000000000000000
0000000000000000000000001000000000000000000000000000000001000000000000000000000000
0000000000000000000000001000000000000000000000000000000001000000000000000000000000
0000000000000000000000001000000000000000000000000000000001000000000000000000000000
0000000000000000000000001000000000000000000000000000000001000000000000000000000000
0000000000000000000000001000000000000000000000000000000001000000000000000000000000
0000000000000000000000001000000000000000000000000000000001000000000000000000000000
0000000000000000000000001000000000000000000000000000000001000000000000000000000000
0000000000000000000000001000000000000000000000000000000001000000000000000000000000
0000000000000000000000001000000000000000000000000000000001000000000000000000000000
0000000000000000000000001000000000000000000000000000000001000000000000000000000000
0000000000000000000000001000000000000000000000000000000001000000000000000000000000
0000000000000000000000001000000000000000000000000000000001000000000000000000000000
0000000000000000000000001000000000000000000000000000000001000000000000000000000000
0000000000000000000000001000000000000000000000000000000001000000000000000000000000
0000000000000000000000001000000000000000000000000000000001000000000000000000000000
0000000000000000000000001000000000000000000000000000000001000000000000000000000000
0000000000000000000000001000000000000000000000000000000001000000000000000000000000
0000000000000000000000001000000000000000000000000000000001000000000000000000000000
0000000000000000000000001000000000000000000000000000000001000000000000000000000000
0000000000000000000000001000000000000000000000000000000001000000000000000000000000
0000000000000000000000001000000000000000000000000000000001000000000000000000000000
0000000000000000000000001000000000000000000000000000000001000000000000000000000000
0000000000000000000000001000000000000000000000000000000001000000000000000000000000
0000000000000000000000001000000000000000000000000000000001000000000000000000000000
0000000000000000000000001000000000000000000000000000000001000000000000000000000000
0000000000000000000000001000000000000000000000000000000001000000000000000000000000
0000000000000000000000001000000000000000000000000000000001000000000000000000000000
0000000000000000000000001000000000000000000000000000000001000000000000000000000000
0000000000000000000000001000000000000000000000000000000001000000000000000000000000
0000000000000000000000001111111111111111111111111111111111000000000000000000000000
0000000000000000000000001111111111111111111111111111111111000000000000000000000000
0000000000000000000000000000000000000000000000000000000000000000000000000000000000
0000000000000000000000000000000000000000000000000000000000000000000000000000000000
0000000000000000000000000000000000000000000000000000000000000000000000000000000000
0000000000000000000000000000000000000000000000000000000000000000000000000000000000
0000000000000000000000000000000000000000000000000000000000000000000000000000000000

== SDRs ==
01000000000001000000000000100000
00000001000010010000000000100000
01010000000100100000000010000000
10000000000001100000000000100000
00000000001001000100000001000110
00000000000000000000000000000010
00000000000000000100001100000000
01000001000000100000000000000000
10010000100000000110010000000100
00110000001000001010010011000010
10100000101000000000000000010000
00000000101000000000000000010000
00000001000000001000000110100001
00000000000100000000000010000010
00000000100110101000000110000001
00000001010001100000000000000000
00000000000010000000000000000101
00000000010000000100000000000100
00001011000001000110001000001000
10001100000000000000000010100000
00000000001001000000010010000100
00001000000000000000000000000000
01100000000000000100000010001000
00100000000000000000000000000000
01000000110000000100000011010110
00000101000010000000000000000000
00010000011000001000010010110010
10010000110000000000010100100000
00000000000001010100000000100000
00000000000000000010011000000000
00000000000111000000011000000100
00010100100100000000010000100000

00001001010000000000100000000000
00100000100010000000000000000100
01000000100100100010000010001000
10111000000000000000000000000000
00000100101000010100010000000100
00000100000000000000000001000000
00001000000000000000100010001000
00000001001000100000000001000011
10010000100001000100000000000000
00010000011001000010010000000000
10001000011000000000000001010000
00000000101000010000000000010000
00000000000000010000000000100001
00000000000000000000000010000010
00000000000000001000100001000000
00000000001100001010010000000000
00000000100000010000000000101111
00100000000000000001000000000100
00000011000000100010001000000000
10000000000000000000000010001000
00000000000000000000000000000000
00000000000000000000000000000000
00000000000000000000000010100010
00100000000000000000100000000100
00000000000000000000100000010110
00000000001000000000000000000000
10001000111000011000010000110000
00010000110000000000001001001000
00010000000000010100001000001000
00000000000010000000010000010000
00010000000000000010011000000100
00000000000100000000000000100000

10000000000000000100000000000000
01000000000001000000100000000000
00000000001000010100010000111000
01000000000100000001000000010000
00000000000010100100000000000000
00000101000000000000000000010000
00000000001000000000000000000001
00100000100001010000010000101000
00010000001001000000010000000011
00000100100000000000000101000000
00000000001000000000110000000011
10000010100000100000010000000010
01000001000000000100001000010000
00100000000000001000000000101000
10000010100000001001001001000000
10001000000010100110000000001000
00000000000001000000000010010000
00000000001000000000000000000000
00001001000000000000000000000000
00000000100000100000000000000000
00000000001001000000001010110000
00000000001000001000000000000001
10000000000000101000010000100010
00000000000000010000000001000000
00000000000010100100010000100000
00000010000000000100000000000000
00010000000000000100000000010000
00000000001110010000000000000000
00000010010000000010010100000000
01000010000000000000000000010000
00000000000110100000001001010000
00000000000000000001000000101000

10101000100000000100000001010000
01100000000000000000000000000000
00010000000000000100000000001000
00000000000000000000000000010000
00000100001010000000000000000010
00000101000100000010000000110000
00001000001000010010000000000001
00000000100001000000010010101000
00011001000001000000100100000001
00000000000000000000000001001000
00011000000000001000110000000000
10000001100000000000010100000000
01000000100000010000011000000000
10000000000000010100000010101000
00000010001000000001001000000000
00001000010100100101000000001100
00000000000000000010100000010010
00000000000000000000000000001000
00000001000000000000100000000000
00000000100000100000000000000000
00000001001100000000000000100000
01001000001000011000000000000000
00000000000000000000000000111000
01001000000000010000001001000000
10010000000110000000011111000000
10000010000000000010000000000101
00010000000000000000000000010100
01000100000001000000001010100000
01001000000000000000010110001000
00000110000000000000000001000000
00000000000100100001001001010000
00001000000000000001011000000000

00001000010000000000000011000000
01100000001010000000000000000000
00000001000100100100010000001010
00001000000000000001001000000010
00000010001000000000010000000010
00000000000100000000001000100000
00000000001010000000000000000001
00000000100000100000000010000000
00011011000001000000100000100000
00000001000001000100010000001000
00010000000000000001000000000010
00000000000010100000010000000000
01000000100000010000000001000100
00000000001000010000000010100000
00010000001000000000000000000000
00000000000100100000100000000000
00000000000100000010100011010010
00000000000000010000000000000000
00001100000000000100000000000000
00000000000000100000000000000001
00000000001100000000000010000000
10001000001000001000000000000001
00000000000001000000000010001000
01000010000000010001001000000100
10000000100000001010001110000000
10000011000100001110000000000100
00000000001000001000000010000100
00000000000010000001000000000010
01001000000000001010001010000010
10000000000000001000000000000000
00000000000000000001000001010010
00000000000000000001011000001000

10000000000100000000000000001010
00000000110010000001000000000000
01010000001011000000100000000000
11001100100010000000000000000011
00000100000010101000000000000010
00000000001100000010000000100010
00000000000001000000000010000101
10000000000001010000110000010000
00000000000001000010000000000010
00000000110000000000000000000000
00000000000000001000100000000000
00001001100000000000010100000000
00000000100001000010000000100000
10000000000000010001000100001100
10000000011100000000000000011100
00000001000000000100000010000100
00000000000100000010000000000010
00101000010000001010000000000000
00000000000000000000100000000100
00000010100010000001000001000000
00000000000000100110010000000000
00000000100001010000000000000000
00000000000010001000000000001001
00000000100000000001000000000000
01100001000100100000000000000000
01000010000000000100100000000000
00111000001000000000100001010100
01000101000000000000001000100001
00001000000000000000011010000010
00000000001001000000000000000000
00010000000000000010000000000000
00000010000000000000000000010000

00100000001000000000000010101000
00000000001010000000000000000000
00000001000100100100000000100000
00100000000000011001001100000000
00000010001001000010010000000000
00000000001100000000001000110000
00001000000000100000000000000000
00000010001010100000000010000000
00000001000000000000100000010000
00000001001001000100010000001000
00011000010000001000010000010000
00000010011000000000010000000000
01000000100000000000000011001000
00000000001000000001000000000000
00000000000000000000000000000000
00000000000100100000100000000000
00000000000000000000000011000010
01000000000000000000000000000000
00001000000000000100001000010000
00000010000000000000000000001001
00000000001100000000000010000000
01001000001000001000000000000000
00000000000000000000000000111000
00000000000000000000001000000100
10000000100001000010001110000000
11000011000000000000000000000101
00001000001000000000000010000000
01000000001000000000100010001010
01000000000000011000000010101000
00000000000000001000000000000000
00100000000000000001000001000001
00001010000000000000010000000000

00000000100100000100000001000000
01000000110001000000000000000000
01000000000001000000110000100010
01001000000000000000000000011001
00000100000110110000000000000000
00000100000100000000000001110010
10000000000000010000000010000101
00000000100011010000010000100010
00011000000001000000000100000010
00000000000000000000000001000000
00010000001000000100110000000010
00000110100000000000010100000000
00000001100001010100011000011001
00000000000000011000000000101000
10000010001000001001001001000000
00001000010100000110000000001000
00000000000000000100000000010000
00000000001001000000000001000000
00000001000000000001001000010000
00000001000000100000000001000000
00000000001000000000001000100000
01000000001000011000000000000001
10000000000010000000011000101000
00001000000000011000000001000000
01010001000010000100000001100000
00000000010000000000000000000000
00010010000100010100100000000000
01010100000001000000001000000000
00000000010000000000000010000010
00000110000000000000000000000000
00000000000100100010001001010010
00000000001000000001010000110000

00000000000000100000000111001000
01000000110010000000100000000000
01000000000000110110010000000110
01011000000000000000001000000010
00000100001000001000001000000010
00000000001100000000000000100010
00000000000011000000000000001001
00000000100000000000010000000000
00110000000000000000100001100100
00001001010100001000010001001000
01010000000000000001000000000000
00000000000010000000000000000010
01000000000000010100000001000000
00000000001000000000000000000000
10010000001100000100000000001000
00000001000100000000100000000000
10010000000100000000110100000011
00000100000000011000100000010000
00000100000100000100000000000001
00000001000000100000000001001001
00000000001001000010000000000000
10000000000000000000000000000001
00000000000001000000010010001000
01000010000000000001011000000000
00000000001100000000100000000000
00000001001100001100000000000100
00000010000000011000000000001100
00000100000010000001000001000010
00011000000000001110001000000010
10000000000000000000000001000100
00000000000000000000000000010010
00000000000000000000000000000000

