== Attributes ==
title=2x1 Basic Problem 02
type= 2x1
result=6
window_size=(82, 82)

== Input ==
0000000000000000000000000000000000000000000000000000000000000000000000000000000000
0000000000000000000000000000000000000000000000000000000000000000000000000000000000
0000000000000000000000000000000000000000000000000000000000000000000000000000000000
0000000000000000000000000000000000000000000000000000000000000000000000000000000000
0000000000000000000000000000000000000000000000000000000000000000000000000000000000
0000000000000000000000000000000000000000000000000000000000000000000000000000000000
0000000000000000000000000000000000000000000000000000000000000000000000000000000000
0000000000000000000000000000000000000000000000000000000000000000000000000000000000
0000000000000000000000000000000000000000000000000000000000000000000000000000000000
0000000000000000000000000000000000000000000000000000000000000000000000000000000000
0000000000000000000000000000000000000000000000000000000000000000000000000000000000
0000000000000000000000000000000000000000000000000000000000000000000000000000000000
0000000000000000000000000000000000000000000000000000000000000000000000000000000000
0000000000000000000000000000000000000000000000000000000000000000000000000000000000
0000000000000000000000000000000000000000000000000000000000000000000000000000000000
0000000000000000000000000000000000000000000000000000000000000000000000000000000000
0000000000000000000000000000000000000000000000000000000000000000000000000000000000
0000000000000000000000000000000000000000000000000000000000000000000000000000000000
0000000000000000000000000000000000000000000000000000000000000000000000000000000000
0000000000000000000000000000000000000000000000000000000000000000000000000000000000
0000000000000000000000000000000000000000000000000000000000000000000000000000000000
0000000000000000000000000000000000000000000000000000000000000000000000000000000000
0000000000000000000000000000000000000000000000000000000000000000000000000000000000
0000000000000000000000000000000000000000000000000000000000000000000000000000000000
0000000000000000000000000000000000000000000000000000000000000000000000000000000000
0000000000000000000000000000000000000000000000000000000000000000000000000000000000
0000000000000000000000000000000000000000000000000000000000000000000000000000000000
0000000000000000000000000000000000001111111110000000000000000000000000000000000000
0000000000000000000000000000000000111110000111110000000000000000000000000000000000
0000000000000000000000000000000011100000000000111000000000000000000000000000000000
0000000000000000000000000000000111000000000000001100000000000000000000000000000000
0000000000000000000000000000001100000000000000000110000000000000000000000000000000
0000000000000000000000000000011000000000000000000011000000000000000000000000000000
0000000000000000000000000000110000000000000000000001100000000000000000000000000000
0000000000000000000000000000110000000000000000000000110000000000000000000000000000
0000000000000000000000000001100000000000000000000000110000000000000000000000000000
0000000000000000000000000001100000000000000000000000011000000000000000000000000000
0000000000000000000000000001000000000000000000000000011000000000000000000000000000
0000000000000000000000000011000000000000000000000000011000000000000000000000000000
0000000000000000000000000011000000000000000000000000001000000000000000000000000000
0000000000000000000000000011000000000000000000000000001000000000000000000000000000
0000000000000000000000000011000000000000000000000000001000000000000000000000000000
0000000000000000000000000011000000000000000000000000001000000000000000000000000000
0000000000000000000000000011000000000000000000000000001000000000000000000000000000
0000000000000000000000000001000000000000000000000000011000000000000000000000000000
0000000000000000000000000001000000000000000000000000011000000000000000000000000000
0000000000000000000000000001100000000000000000000000010000000000000000000000000000
0000000000000000000000000000100000000000000000000000110000000000000000000000000000
0000000000000000000000000000110000000000000000000000100000000000000000000000000000
0000000000000000000000000000011000000000000000000001100000000000000000000000000000
0000000000000000000000000000011100000000000000000011000000000000000000000000000000
0000000000000000000000000000001110000000000000000110000000000000000000000000000000
0000000000000000000000000000000111000000000000011100000000000000000000000000000000
0000000000000000000000000000000001110000000001111000000000000000000000000000000000
0000000000000000000000000000000000011111111111100000000000000000000000000000000000
0000000000000000000000000000000000000111111100000000000000000000000000000000000000
0000000000000000000000000000000000000000000000000000000000000000000000000000000000
0000000000000000000000000000000000000000000000000000000000000000000000000000000000
0000000000000000000000000000000000000000000000000000000000000000000000000000000000
0000000000000000000000000000000000000000000000000000000000000000000000000000000000
0000000000000000000000000000000000000000000000000000000000000000000000000000000000
0000000000000000000000000000000000000000000000000000000000000000000000000000000000
0000000000000000000000000000000000000000000000000000000000000000000000000000000000
0000000000000000000000000000000000000000000000000000000000000000000000000000000000
0000000000000000000000000000000000000000000000000000000000000000000000000000000000
0000000000000000000000000000000000000000000000000000000000000000000000000000000000
0000000000000000000000000000000000000000000000000000000000000000000000000000000000
0000000000000000000000000000000000000000000000000000000000000000000000000000000000
0000000000000000000000000000000000000000000000000000000000000000000000000000000000
0000000000000000000000000000000000000000000000000000000000000000000000000000000000
0000000000000000000000000000000000000000000000000000000000000000000000000000000000
0000000000000000000000000000000000000000000000000000000000000000000000000000000000
0000000000000000000000000000000000000000000000000000000000000000000000000000000000
0000000000000000000000000000000000000000000000000000000000000000000000000000000000
0000000000000000000000000000000000000000000000000000000000000000000000000000000000
0000000000000000000000000000000000000000000000000000000000000000000000000000000000
0000000000000000000000000000000000000000000000000000000000000000000000000000000000
0000000000000000000000000000000000000000000000000000000000000000000000000000000000
0000000000000000000000000000000000000000000000000000000000000000000000000000000000
0000000000000000000000000000000000000000000000000000000000000000000000000000000000
0000000000000000000000000000000000000000000000000000000000000000000000000000000000
0000000000000000000000000000000000000000000000000000000000000000000000000000000000

0000000000000000000000000000000000000000000000000000000000000000000000000000000000
0000000000000000000000000000000000000000000000000000000000000000000000000000000000
0000000000000000000000000000000000000000000000000000000000000000000000000000000000
0000000000000000000000000000000000000000000000000000000000000000000000000000000000
0000000000000000000000000000000000000000000000000000000000000000000000000000000000
0000000000000000000000000000000000000000000000000000000000000000000000000000000000
0000000000000000000000000000000000000000000000000000000000000000000000000000000000
0000000000000000000000000000000000000000000000000000000000000000000000000000000000
0000000000000000000000000000000000000000000000000000000000000000000000000000000000
0000000000000000000000000000000000000000000000000000000000000000000000000000000000
0000000000000000000000000000000000000000000000000000000000000000000000000000000000
0000000000000000000000000000000000000000000000000000000000000000000000000000000000
0000000000000000000000000000000000000000000000000000000000000000000000000000000000
0000000000000000000000000000000000000111111111000000000000000000000000000000000000
0000000000000000000000000000000001111111111111111100000000000000000000000000000000
0000000000000000000000000000001111100000000000011111000000000000000000000000000000
0000000000000000000000000000111100000000000000000001110000000000000000000000000000
0000000000000000000000000011100000000000000000000000011100000000000000000000000000
0000000000000000000000000111000000000000000000000000000111000000000000000000000000
0000000000000000000000011100000000000000000000000000000011100000000000000000000000
0000000000000000000000111000000000000000000000000000000000110000000000000000000000
0000000000000000000001100000000000000000000000000000000000011000000000000000000000
0000000000000000000011000000000000000000000000000000000000001100000000000000000000
0000000000000000000110000000000000000000000000000000000000000110000000000000000000
0000000000000000000110000000000000000000000000000000000000000011000000000000000000
0000000000000000001100000000000000000000000000000000000000000001100000000000000000
0000000000000000011000000000000000000000000000000000000000000001100000000000000000
0000000000000000010000000000000000000000000000000000000000000000110000000000000000
0000000000000000110000000000000000000000000000000000000000000000110000000000000000
0000000000000000100000000000000000000000000000000000000000000000011000000000000000
0000000000000001100000000000000000000000000000000000000000000000011000000000000000
0000000000000001000000000000000000000000000000000000000000000000001100000000000000
0000000000000011000000000000000000000000000000000000000000000000001100000000000000
0000000000000011000000000000000000000000000000000000000000000000000100000000000000
0000000000000010000000000000000000000000000000000000000000000000000110000000000000
0000000000000010000000000000000000000000000000000000000000000000000110000000000000
0000000000000110000000000000000000000000000000000000000000000000000110000000000000
0000000000000110000000000000000000000000000000000000000000000000000010000000000000
0000000000000110000000000000000000000000000000000000000000000000000010000000000000
0000000000000110000000000000000000000000000000000000000000000000000010000000000000
0000000000000110000000000000000000000000000000000000000000000000000010000000000000
0000000000000110000000000000000000000000000000000000000000000000000010000000000000
0000000000000110000000000000000000000000000000000000000000000000000010000000000000
0000000000000110000000000000000000000000000000000000000000000000000010000000000000
0000000000000110000000000000000000000000000000000000000000000000000010000000000000
0000000000000110000000000000000000000000000000000000000000000000000010000000000000
0000000000000110000000000000000000000000000000000000000000000000000110000000000000
0000000000000010000000000000000000000000000000000000000000000000000110000000000000
0000000000000010000000000000000000000000000000000000000000000000000110000000000000
0000000000000011000000000000000000000000000000000000000000000000000100000000000000
0000000000000011000000000000000000000000000000000000000000000000001100000000000000
0000000000000001000000000000000000000000000000000000000000000000001100000000000000
0000000000000001100000000000000000000000000000000000000000000000011000000000000000
0000000000000000100000000000000000000000000000000000000000000000011000000000000000
0000000000000000110000000000000000000000000000000000000000000000110000000000000000
0000000000000000011000000000000000000000000000000000000000000000110000000000000000
0000000000000000011000000000000000000000000000000000000000000001100000000000000000
0000000000000000001100000000000000000000000000000000000000000011000000000000000000
0000000000000000000110000000000000000000000000000000000000000011000000000000000000
0000000000000000000111000000000000000000000000000000000000000110000000000000000000
0000000000000000000011100000000000000000000000000000000000001100000000000000000000
0000000000000000000001110000000000000000000000000000000000011000000000000000000000
0000000000000000000000111000000000000000000000000000000000110000000000000000000000
0000000000000000000000001100000000000000000000000000000011100000000000000000000000
0000000000000000000000000111000000000000000000000000000110000000000000000000000000
0000000000000000000000000011110000000000000000000000011100000000000000000000000000
0000000000000000000000000000111100000000000000000011110000000000000000000000000000
0000000000000000000000000000001111110000000000011111000000000000000000000000000000
0000000000000000000000000000000001111111111111111000000000000000000000000000000000
0000000000000000000000000000000000000011111110000000000000000000000000000000000000
0000000000000000000000000000000000000000000000000000000000000000000000000000000000
0000000000000000000000000000000000000000000000000000000000000000000000000000000000
0000000000000000000000000000000000000000000000000000000000000000000000000000000000
0000000000000000000000000000000000000000000000000000000000000000000000000000000000
0000000000000000000000000000000000000000000000000000000000000000000000000000000000
0000000000000000000000000000000000000000000000000000000000000000000000000000000000
0000000000000000000000000000000000000000000000000000000000000000000000000000000000
0000000000000000000000000000000000000000000000000000000000000000000000000000000000
0000000000000000000000000000000000000000000000000000000000000000000000000000000000
0000000000000000000000000000000000000000000000000000000000000000000000000000000000
0000000000000000000000000000000000000000000000000000000000000000000000000000000000
0000000000000000000000000000000000000000000000000000000000000000000000000000000000

0000000000000000000000000000000000000000000000000000000000000000000000000000000000
0000000000000000000000000000000000000000000000000000000000000000000000000000000000
0000000000000000000000000000000000000000000000000000000000000000000000000000000000
0000000000000000000000000000000000000000000000000000000000000000000000000000000000
0000000000000000000000000000000000000000000000000000000000000000000000000000000000
0000000000000000000000000000000000000000000000000000000000000000000000000000000000
0000000000000000000000000000000000000000000000000000000000000000000000000000000000
0000000000000000000000000000000000000000000000000000000000000000000000000000000000
0000000000000000000000000000000000000000000000000000000000000000000000000000000000
0000000000000000000000000000000000000000000000000000000000000000000000000000000000
0000000000000000000000000000000000000000000000000000000000000000000000000000000000
0000000000000000000000000000000000000000000000000000000000000000000000000000000000
0000000000000000000000000000000000000000000000000000000000000000000000000000000000
0000000000000000000000000000000000000000000000000000000000000000000000000000000000
0000000000000000000000000000000000000000000000000000000000000000000000000000000000
0000000000000000000000000000000000000000000000000000000000000000000000000000000000
0000000000000000000000000000000000000000000000000000000000000000000000000000000000
0000000000000000000000000000000000000000000000000000000000000000000000000000000000
0000000000000000000000000000000000000000000000000000000000000000000000000000000000
0000000000000000000000000000000000000000000000000000000000000000000000000000000000
0000000000000000000000000000000000000000000000000000000000000000000000000000000000
0000000000000000000000000000000000000000000000000000000000000000000000000000000000
0000000000000000000000000000000000000000000000000000000000000000000000000000000000
0000000000000000000000000000000000000000000000000000000000000000000000000000000000
0000000000000000000000000000000000000000000000000000000000000000000000000000000000
0000000000000000000000000000000000000000000000000000000000000000000000000000000000
0000000000000000000000000000000000000000000000000000000000000000000000000000000000
0000000000000000000000000001111111111111111111111111111100000000000000000000000000
0000000000000000000000000001000000000000000000000000001100000000000000000000000000
0000000000000000000000000001000000000000000000000000001100000000000000000000000000
0000000000000000000000000001000000000000000000000000001100000000000000000000000000
0000000000000000000000000001000000000000000000000000001100000000000000000000000000
0000000000000000000000000001000000000000000000000000001100000000000000000000000000
0000000000000000000000000001000000000000000000000000001100000000000000000000000000
0000000000000000000000000001000000000000000000000000001100000000000000000000000000
0000000000000000000000000001000000000000000000000000001100000000000000000000000000
0000000000000000000000000001000000000000000000000000001100000000000000000000000000
0000000000000000000000000001000000000000000000000000001100000000000000000000000000
0000000000000000000000000001000000000000000000000000001100000000000000000000000000
0000000000000000000000000001000000000000000000000000001100000000000000000000000000
0000000000000000000000000001000000000000000000000000001100000000000000000000000000
0000000000000000000000000001000000000000000000000000001100000000000000000000000000
0000000000000000000000000001000000000000000000000000001100000000000000000000000000
0000000000000000000000000001000000000000000000000000001100000000000000000000000000
0000000000000000000000000001000000000000000000000000001100000000000000000000000000
0000000000000000000000000001000000000000000000000000001100000000000000000000000000
0000000000000000000000000001000000000000000000000000001100000000000000000000000000
0000000000000000000000000001000000000000000000000000001100000000000000000000000000
0000000000000000000000000001000000000000000000000000001100000000000000000000000000
0000000000000000000000000001000000000000000000000000001100000000000000000000000000
0000000000000000000000000001000000000000000000000000001100000000000000000000000000
0000000000000000000000000001000000000000000000000000001100000000000000000000000000
0000000000000000000000000001000000000000000000000000001100000000000000000000000000
0000000000000000000000000001000000000000000000000000001100000000000000000000000000
0000000000000000000000000001111111111111111111111111111100000000000000000000000000
0000000000000000000000000001111111111111111111111111111000000000000000000000000000
0000000000000000000000000000000000000000000000000000000000000000000000000000000000
0000000000000000000000000000000000000000000000000000000000000000000000000000000000
0000000000000000000000000000000000000000000000000000000000000000000000000000000000
0000000000000000000000000000000000000000000000000000000000000000000000000000000000
0000000000000000000000000000000000000000000000000000000000000000000000000000000000
0000000000000000000000000000000000000000000000000000000000000000000000000000000000
0000000000000000000000000000000000000000000000000000000000000000000000000000000000
0000000000000000000000000000000000000000000000000000000000000000000000000000000000
0000000000000000000000000000000000000000000000000000000000000000000000000000000000
0000000000000000000000000000000000000000000000000000000000000000000000000000000000
0000000000000000000000000000000000000000000000000000000000000000000000000000000000
0000000000000000000000000000000000000000000000000000000000000000000000000000000000
0000000000000000000000000000000000000000000000000000000000000000000000000000000000
0000000000000000000000000000000000000000000000000000000000000000000000000000000000
0000000000000000000000000000000000000000000000000000000000000000000000000000000000
0000000000000000000000000000000000000000000000000000000000000000000000000000000000
0000000000000000000000000000000000000000000000000000000000000000000000000000000000
0000000000000000000000000000000000000000000000000000000000000000000000000000000000
0000000000000000000000000000000000000000000000000000000000000000000000000000000000
0000000000000000000000000000000000000000000000000000000000000000000000000000000000
0000000000000000000000000000000000000000000000000000000000000000000000000000000000
0000000000000000000000000000000000000000000000000000000000000000000000000000000000
0000000000000000000000000000000000000000000000000000000000000000000000000000000000
0000000000000000000000000000000000000000000000000000000000000000000000000000000000
0000000000000000000000000000000000000000000000000000000000000000000000000000000000
0000000000000000000000000000000000000000000000000000000000000000000000000000000000

== Output ==
0000000000000000000000000000000000000000000000000000000000000000000000000000000000
0000000000000000000000000000000000000000000000000000000000000000000000000000000000
0000000000000000000000000000000000000000000000000000000000000000000000000000000000
0000000000000000000000000000000000000000000000000000000000000000000000000000000000
0000000000000000000000000000000000000000000000000000000000000000000000000000000000
0000000000000000000000000000000000000000000000000000000000000000000000000000000000
0000000000000000000000000000000000000000000000000000000000000000000000000000000000
0000000000000000000000000000000000000000000000000000000000000000000000000000000000
0000000000000000000000000000000000000000000000000000000000000000000000000000000000
0000000000000000000000000000000000000000000000000000000000000000000000000000000000
0000000000000000000000000000000000000000000000000000000000000000000000000000000000
0000000000000000000000000000000000000000000000000000000000000000000000000000000000
0000000000000000000000000000000000000000000000000000000000000000000000000000000000
0000000000000000000000000000000000000000000000000000000000000000000000000000000000
0000000000000000000000000000000000000000000000000000000000000000000000000000000000
0000000000000000000000000000000000000000000000000000000000000000000000000000000000
0000000000000000000000000000000000000000000000000000000000000000000000000000000000
0000000000000000000000000000000000000000000000000000000000000000000000000000000000
0000000000000000000000000000000000000000000000000000000000000000000000000000000000
0000000000000000000000000000000000000000000000000000000000000000000000000000000000
0000000000000000000000000000000000000000000000000000000000000000000000000000000000
0000000000000000000000000000000000000000000000000000000000000000000000000000000000
0000000000000000000000000000000000000000000000000000000000000000000000000000000000
0000000000000000000000000000000000000000000000000000000000000000000000000000000000
0000000000000000000000000000000000000000000000000000000000000000000000000000000000
0000000000000000000000000000000000000000000000000000000000000000000000000000000000
0000000000000000000000000000000000000000000000000000000000000000000000000000000000
0000000000000000000000000000000000000000110000000000000000000000000000000000000000
0000000000000000000000000000000000000001110000000000000000000000000000000000000000
0000000000000000000000000000000000000001111000000000000000000000000000000000000000
0000000000000000000000000000000000000011001000000000000000000000000000000000000000
0000000000000000000000000000000000000011001100000000000000000000000000000000000000
0000000000000000000000000000000000000110000100000000000000000000000000000000000000
0000000000000000000000000000000000000110000110000000000000000000000000000000000000
0000000000000000000000000000000000001100000010000000000000000000000000000000000000
0000000000000000000000000000000000001100000011000000000000000000000000000000000000
0000000000000000000000000000000000011000000001000000000000000000000000000000000000
0000000000000000000000000000000000011000000001100000000000000000000000000000000000
0000000000000000000000000000000000110000000000100000000000000000000000000000000000
0000000000000000000000000000000000110000000000110000000000000000000000000000000000
0000000000000000000000000000000001100000000000010000000000000000000000000000000000
0000000000000000000000000000000001100000000000011000000000000000000000000000000000
0000000000000000000000000000000011000000000000001000000000000000000000000000000000
0000000000000000000000000000000011000000000000001100000000000000000000000000000000
0000000000000000000000000000000110000000000000000100000000000000000000000000000000
0000000000000000000000000000000110000000000000000110000000000000000000000000000000
0000000000000000000000000000001100000000000000000010000000000000000000000000000000
0000000000000000000000000000001100000000000000000011000000000000000000000000000000
0000000000000000000000000000011000000000000000000001000000000000000000000000000000
0000000000000000000000000000011000000000000000000001100000000000000000000000000000
0000000000000000000000000000110000000000000000000000100000000000000000000000000000
0000000000000000000000000000110000000000000000000000110000000000000000000000000000
0000000000000000000000000001100000000000000000000000010000000000000000000000000000
0000000000000000000000000001100000000000000000000000011000000000000000000000000000
0000000000000000000000000011111111111111111111111111111000000000000000000000000000
0000000000000000000000000000111111111111111111111111110000000000000000000000000000
0000000000000000000000000000000000000000000000000000000000000000000000000000000000
0000000000000000000000000000000000000000000000000000000000000000000000000000000000
0000000000000000000000000000000000000000000000000000000000000000000000000000000000
0000000000000000000000000000000000000000000000000000000000000000000000000000000000
0000000000000000000000000000000000000000000000000000000000000000000000000000000000
0000000000000000000000000000000000000000000000000000000000000000000000000000000000
0000000000000000000000000000000000000000000000000000000000000000000000000000000000
0000000000000000000000000000000000000000000000000000000000000000000000000000000000
0000000000000000000000000000000000000000000000000000000000000000000000000000000000
0000000000000000000000000000000000000000000000000000000000000000000000000000000000
0000000000000000000000000000000000000000000000000000000000000000000000000000000000
0000000000000000000000000000000000000000000000000000000000000000000000000000000000
0000000000000000000000000000000000000000000000000000000000000000000000000000000000
0000000000000000000000000000000000000000000000000000000000000000000000000000000000
0000000000000000000000000000000000000000000000000000000000000000000000000000000000
0000000000000000000000000000000000000000000000000000000000000000000000000000000000
0000000000000000000000000000000000000000000000000000000000000000000000000000000000
0000000000000000000000000000000000000000000000000000000000000000000000000000000000
0000000000000000000000000000000000000000000000000000000000000000000000000000000000
0000000000000000000000000000000000000000000000000000000000000000000000000000000000
0000000000000000000000000000000000000000000000000000000000000000000000000000000000
0000000000000000000000000000000000000000000000000000000000000000000000000000000000
0000000000000000000000000000000000000000000000000000000000000000000000000000000000
0000000000000000000000000000000000000000000000000000000000000000000000000000000000
0000000000000000000000000000000000000000000000000000000000000000000000000000000000
0000000000000000000000000000000000000000000000000000000000000000000000000000000000

0000000000000000000000000000000000000000000000000000000000000000000000000000000000
0000000000000000000000000000000000000000000000000000000000000000000000000000000000
0000000000000000000000000000000000000000000000000000000000000000000000000000000000
0000000000000000000000000000000000000000000000000000000000000000000000000000000000
0000000000000000000000000000000000000000000000000000000000000000000000000000000000
0000000000000000000000000000000000000000000000000000000000000000000000000000000000
0000000000000000000000000000000000000000000000000000000000000000000000000000000000
0000000000000000000000000000000000000000000000000000000000000000000000000000000000
0000000000000000000000000000000000000000000000000000000000000000000000000000000000
0000000000000000000000000000000000000000000000000000000000000000000000000000000000
0000000000000000000000000000000000000000000000000000000000000000000000000000000000
0000000000000000000000000000000000000000000000000000000000000000000000000000000000
0000000000000000000000000000000000000000000000000000000000000000000000000000000000
0000000000000000000000000000000000000000110000000000000000000000000000000000000000
0000000000000000000000000000000000000001110000000000000000000000000000000000000000
0000000000000000000000000000000000000001111000000000000000000000000000000000000000
0000000000000000000000000000000000000011011000000000000000000000000000000000000000
0000000000000000000000000000000000000011001100000000000000000000000000000000000000
0000000000000000000000000000000000000110001100000000000000000000000000000000000000
0000000000000000000000000000000000000110000110000000000000000000000000000000000000
0000000000000000000000000000000000001100000110000000000000000000000000000000000000
0000000000000000000000000000000000001100000011000000000000000000000000000000000000
0000000000000000000000000000000000011000000011000000000000000000000000000000000000
0000000000000000000000000000000000011000000001100000000000000000000000000000000000
0000000000000000000000000000000000110000000001100000000000000000000000000000000000
0000000000000000000000000000000000110000000000110000000000000000000000000000000000
0000000000000000000000000000000001100000000000110000000000000000000000000000000000
0000000000000000000000000000000001100000000000011000000000000000000000000000000000
0000000000000000000000000000000011000000000000011000000000000000000000000000000000
0000000000000000000000000000000011000000000000001100000000000000000000000000000000
0000000000000000000000000000000110000000000000001100000000000000000000000000000000
0000000000000000000000000000000110000000000000000110000000000000000000000000000000
0000000000000000000000000000001100000000000000000110000000000000000000000000000000
0000000000000000000000000000001100000000000000000011000000000000000000000000000000
0000000000000000000000000000011000000000000000000011000000000000000000000000000000
0000000000000000000000000000011000000000000000000001100000000000000000000000000000
0000000000000000000000000000110000000000000000000001100000000000000000000000000000
0000000000000000000000000000110000000000000000000000110000000000000000000000000000
0000000000000000000000000001100000000000000000000000110000000000000000000000000000
0000000000000000000000000001100000000000000000000000011000000000000000000000000000
0000000000000000000000000011000000000000000000000000011000000000000000000000000000
0000000000000000000000000011000000000000000000000000001100000000000000000000000000
0000000000000000000000000110000000000000000000000000001100000000000000000000000000
0000000000000000000000000110000000000000000000000000000110000000000000000000000000
0000000000000000000000001100000000000000000000000000000110000000000000000000000000
0000000000000000000000001100000000000000000000000000000011000000000000000000000000
0000000000000000000000011000000000000000000000000000000011000000000000000000000000
0000000000000000000000011000000000000000000000000000000001100000000000000000000000
0000000000000000000000110000000000000000000000000000000001100000000000000000000000
0000000000000000000000110000000000000000000000000000000000110000000000000000000000
0000000000000000000001100000000000000000000000000000000000110000000000000000000000
0000000000000000000001100000000000000000000000000000000000011000000000000000000000
0000000000000000000011000000000000000000000000000000000000011000000000000000000000
0000000000000000000011000000000000000000000000000000000000001100000000000000000000
0000000000000000000110000000000000000000000000000000000000001100000000000000000000
0000000000000000000110000000000000000000000000000000000000000110000000000000000000
0000000000000000001100000000000000000000000000000000000000000110000000000000000000
0000000000000000001100000000000000000000000000000000000000000011000000000000000000
0000000000000000011000000000000000000000000000000000000000000011000000000000000000
0000000000000000011000000000000000000000000000000000000000000001100000000000000000
0000000000000000110000000000000000000000000000000000000000000001100000000000000000
0000000000000000110000000000000000000000000000000000000000000000110000000000000000
0000000000000001100000000000000000000000000000000000000000000000110000000000000000
0000000000000001100000000000000000000000000000000000000000000000011000000000000000
0000000000000011000000000000000000000000000000000000000000000000011000000000000000
0000000000000011000000000000000000000000000000000000000000000000001100000000000000
0000000000000110000000000000000000000000000000000000000000000000000100000000000000
0000000000000110000000000000000000000000000000000000000000000000000110000000000000
0000000000000111111111111111111111111111111111111111111111111111111110000000000000
0000000000000000000000000000000000000000000000000000000000000000000000000000000000
0000000000000000000000000000000000000000000000000000000000000000000000000000000000
0000000000000000000000000000000000000000000000000000000000000000000000000000000000
0000000000000000000000000000000000000000000000000000000000000000000000000000000000
0000000000000000000000000000000000000000000000000000000000000000000000000000000000
0000000000000000000000000000000000000000000000000000000000000000000000000000000000
0000000000000000000000000000000000000000000000000000000000000000000000000000000000
0000000000000000000000000000000000000000000000000000000000000000000000000000000000
0000000000000000000000000000000000000000000000000000000000000000000000000000000000
0000000000000000000000000000000000000000000000000000000000000000000000000000000000
0000000000000000000000000000000000000000000000000000000000000000000000000000000000
0000000000000000000000000000000000000000000000000000000000000000000000000000000000
0000000000000000000000000000000000000000000000000000000000000000000000000000000000

0000000000000000000000000000000000000000000000000000000000000000000000000000000000
0000000000000000000000000000000000000000000000000000000000000000000000000000000000
0000000000000000000000000000000000000000000000000000000000000000000000000000000000
0000000000000000000000000000000000000000000000000000000000000000000000000000000000
0000000000000000000000000000000000000000000000000000000000000000000000000000000000
0000000000000000000000000000000000000000000000000000000000000000000000000000000000
0000000000000000000000000000000000000000000000000000000000000000000000000000000000
0000000000000000000000000000000000000000000000000000000000000000000000000000000000
0000000000000000000000000000000000000000000000000000000000000000000000000000000000
0000000000000000000000000000000000000000000000000000000000000000000000000000000000
0000000000000000000000000000000000000000000000000000000000000000000000000000000000
0000000000000000000000000000000000000000000000000000000000000000000000000000000000
0000000000000000000000000000000000000000000000000000000000000000000000000000000000
0000000000000000000000000000000000000000000000000000000000000000000000000000000000
0000000000000000000000000000000000000000000000000000000000000000000000000000000000
0000000000000000000000000000000000000000000000000000000000000000000000000000000000
0000000000000000000000000000000000000000000000000000000000000000000000000000000000
0000000000000000000000000000000000000000000000000000000000000000000000000000000000
0000000000000000000000000000000000000000000000000000000000000000000000000000000000
0000000000000000000000000000000000000000000000000000000000000000000000000000000000
0000000000000000000000000000000000000000000000000000000000000000000000000000000000
0000000000000000000000000000000000000000000000000000000000000000000000000000000000
0000000000000000000000000000000000000000000000000000000000000000000000000000000000
0000000000000000000000000000000000000000000000000000000000000000000000000000000000
0000000000000000000000000000000000000000000000000000000000000000000000000000000000
0000000000000000000000000000000000000000000000000000000000000000000000000000000000
0000000000000000000000000000000000000000000000000000000000000000000000000000000000
0000000000000000000000000000000000001111111111000000000000000000000000000000000000
0000000000000000000000000000000000111100000011110000000000000000000000000000000000
0000000000000000000000000000000011100000000000011100000000000000000000000000000000
0000000000000000000000000000000111000000000000001110000000000000000000000000000000
0000000000000000000000000000001100000000000000000011000000000000000000000000000000
0000000000000000000000000000011000000000000000000001100000000000000000000000000000
0000000000000000000000000000010000000000000000000001100000000000000000000000000000
0000000000000000000000000000110000000000000000000000110000000000000000000000000000
0000000000000000000000000000100000000000000000000000010000000000000000000000000000
0000000000000000000000000001100000000000000000000000011000000000000000000000000000
0000000000000000000000000001100000000000000000000000011000000000000000000000000000
0000000000000000000000000001000000000000000000000000001000000000000000000000000000
0000000000000000000000000001000000000000000000000000001000000000000000000000000000
0000000000000000000000000011000000000000000000000000001000000000000000000000000000
0000000000000000000000000011000000000000000000000000001000000000000000000000000000
0000000000000000000000000001000000000000000000000000001000000000000000000000000000
0000000000000000000000000001000000000000000000000000001000000000000000000000000000
0000000000000000000000000001100000000000000000000000011000000000000000000000000000
0000000000000000000000000001100000000000000000000000011000000000000000000000000000
0000000000000000000000000000100000000000000000000000010000000000000000000000000000
0000000000000000000000000000110000000000000000000000110000000000000000000000000000
0000000000000000000000000000010000000000000000000001100000000000000000000000000000
0000000000000000000000000000011000000000000000000001100000000000000000000000000000
0000000000000000000000000000001100000000000000000011000000000000000000000000000000
0000000000000000000000000000000110000000000000001110000000000000000000000000000000
0000000000000000000000000000000011100000000000011100000000000000000000000000000000
0000000000000000000000000000000000111100000011110000000000000000000000000000000000
0000000000000000000000000000000000001111111111000000000000000000000000000000000000
0000000000000000000000000000000000000000110000000000000000000000000000000000000000
0000000000000000000000000000000000000000000000000000000000000000000000000000000000
0000000000000000000000000000000000000000000000000000000000000000000000000000000000
0000000000000000000000000000000000000000000000000000000000000000000000000000000000
0000000000000000000000000000000000000000000000000000000000000000000000000000000000
0000000000000000000000000000000000000000000000000000000000000000000000000000000000
0000000000000000000000000000000000000000000000000000000000000000000000000000000000
0000000000000000000000000000000000000000000000000000000000000000000000000000000000
0000000000000000000000000000000000000000000000000000000000000000000000000000000000
0000000000000000000000000000000000000000000000000000000000000000000000000000000000
0000000000000000000000000000000000000000000000000000000000000000000000000000000000
0000000000000000000000000000000000000000000000000000000000000000000000000000000000
0000000000000000000000000000000000000000000000000000000000000000000000000000000000
0000000000000000000000000000000000000000000000000000000000000000000000000000000000
0000000000000000000000000000000000000000000000000000000000000000000000000000000000
0000000000000000000000000000000000000000000000000000000000000000000000000000000000
0000000000000000000000000000000000000000000000000000000000000000000000000000000000
0000000000000000000000000000000000000000000000000000000000000000000000000000000000
0000000000000000000000000000000000000000000000000000000000000000000000000000000000
0000000000000000000000000000000000000000000000000000000000000000000000000000000000
0000000000000000000000000000000000000000000000000000000000000000000000000000000000
0000000000000000000000000000000000000000000000000000000000000000000000000000000000
0000000000000000000000000000000000000000000000000000000000000000000000000000000000
0000000000000000000000000000000000000000000000000000000000000000000000000000000000
0000000000000000000000000000000000000000000000000000000000000000000000000000000000
0000000000000000000000000000000000000000000000000000000000000000000000000000000000
0000000000000000000000000000000000000000000000000000000000000000000000000000000000

0000000000000000000000000000000000000000000000000000000000000000000000000000000000
0000000000000000000000000000000000000000000000000000000000000000000000000000000000
0000000000000000000000000000000000000000000000000000000000000000000000000000000000
0000000000000000000000000000000000000000000000000000000000000000000000000000000000
0000000000000000000000000000000000000000000000000000000000000000000000000000000000
0000000000000000000000000000000000000000000000000000000000000000000000000000000000
0000000000000000000000000000000000000000000000000000000000000000000000000000000000
0000000000000000000000000000000000000000000000000000000000000000000000000000000000
0000000000000000000000000000000000000000000000000000000000000000000000000000000000
0000000000000000000000000000000000000000000000000000000000000000000000000000000000
0000000000000000000000000000000000000000000000000000000000000000000000000000000000
0000000000000000000000000000000000000000000000000000000000000000000000000000000000
0000000000000000000000000000000000000000000000000000000000000000000000000000000000
0000000000000000000000000000000000000000000000000000000000000000000000000000000000
0000000000000000000000000000000000000000000000000000000000000000000000000000000000
0000000000000000000000000000000000000000000000000000000000000000000000000000000000
0000000000000000000000000000000000000000000000000000000000000000000000000000000000
0000000000000000000000000000000000000000000000000000000000000000000000000000000000
0000000000000000000000000000000000000000000000000000000000000000000000000000000000
0000000000000000000000000000000000000000000000000000000000000000000000000000000000
0000000000000000000000000000000000000000000000000000000000000000000000000000000000
0000000000000000000000000000000000000000000000000000000000000000000000000000000000
0000000000000000000000000000000000000000000000000000000000000000000000000000000000
0000000000000000000000000000000000000000000000000000000000000000000000000000000000
0000000000000000000000000000000000000000000000000000000000000000000000000000000000
0000000000000000000000000000000000000000000000000000000000000000000000000000000000
0000000000000000000000000000000000000000000000000000000000000000000000000000000000
0000000000000000000000000001111111111111111111111111111100000000000000000000000000
0000000000000000000000000011000000000000000000000000001100000000000000000000000000
0000000000000000000000000011000000000000000000000000001100000000000000000000000000
0000000000000000000000000011000000000000000000000000001100000000000000000000000000
0000000000000000000000000011000000000000000000000000001100000000000000000000000000
0000000000000000000000000011000000000000000000000000001100000000000000000000000000
0000000000000000000000000011000000000000000000000000001100000000000000000000000000
0000000000000000000000000011000000000000000000000000001100000000000000000000000000
0000000000000000000000000011000000000000000000000000001100000000000000000000000000
0000000000000000000000000011000000000000000000000000001100000000000000000000000000
0000000000000000000000000011000000000000000000000000001100000000000000000000000000
0000000000000000000000000011000000000000000000000000001100000000000000000000000000
0000000000000000000000000011000000000000000000000000001100000000000000000000000000
0000000000000000000000000011000000000000000000000000001100000000000000000000000000
0000000000000000000000000011000000000000000000000000001100000000000000000000000000
0000000000000000000000000011000000000000000000000000001100000000000000000000000000
0000000000000000000000000011000000000000000000000000001100000000000000000000000000
0000000000000000000000000011000000000000000000000000001100000000000000000000000000
0000000000000000000000000011000000000000000000000000001100000000000000000000000000
0000000000000000000000000011000000000000000000000000001100000000000000000000000000
0000000000000000000000000011000000000000000000000000001100000000000000000000000000
0000000000000000000000000011000000000000000000000000001100000000000000000000000000
0000000000000000000000000011000000000000000000000000001100000000000000000000000000
0000000000000000000000000011000000000000000000000000001100000000000000000000000000
0000000000000000000000000011000000000000000000000000001100000000000000000000000000
0000000000000000000000000011000000000000000000000000001100000000000000000000000000
0000000000000000000000000011000000000000000000000000001100000000000000000000000000
0000000000000000000000000011111111111111111111111111111100000000000000000000000000
0000000000000000000000000000111111111111111111111111110000000000000000000000000000
0000000000000000000000000000000000000000000000000000000000000000000000000000000000
0000000000000000000000000000000000000000000000000000000000000000000000000000000000
0000000000000000000000000000000000000000000000000000000000000000000000000000000000
0000000000000000000000000000000000000000000000000000000000000000000000000000000000
0000000000000000000000000000000000000000000000000000000000000000000000000000000000
0000000000000000000000000000000000000000000000000000000000000000000000000000000000
0000000000000000000000000000000000000000000000000000000000000000000000000000000000
0000000000000000000000000000000000000000000000000000000000000000000000000000000000
0000000000000000000000000000000000000000000000000000000000000000000000000000000000
0000000000000000000000000000000000000000000000000000000000000000000000000000000000
0000000000000000000000000000000000000000000000000000000000000000000000000000000000
0000000000000000000000000000000000000000000000000000000000000000000000000000000000
0000000000000000000000000000000000000000000000000000000000000000000000000000000000
0000000000000000000000000000000000000000000000000000000000000000000000000000000000
0000000000000000000000000000000000000000000000000000000000000000000000000000000000
0000000000000000000000000000000000000000000000000000000000000000000000000000000000
0000000000000000000000000000000000000000000000000000000000000000000000000000000000
0000000000000000000000000000000000000000000000000000000000000000000000000000000000
0000000000000000000000000000000000000000000000000000000000000000000000000000000000
0000000000000000000000000000000000000000000000000000000000000000000000000000000000
0000000000000000000000000000000000000000000000000000000000000000000000000000000000
0000000000000000000000000000000000000000000000000000000000000000000000000000000000
0000000000000000000000000000000000000000000000000000000000000000000000000000000000
0000000000000000000000000000000000000000000000000000000000000000000000000000000000
0000000000000000000000000000000000000000000000000000000000000000000000000000000000
0000000000000000000000000000000000000000000000000000000000000000000000000000000000

0000000000000000000000000000000000000000000000000000000000000000000000000000000000
0000000000000000000000000000000000000000000000000000000000000000000000000000000000
0000000000000000000000000000000000000000000000000000000000000000000000000000000000
0000000000000000000000000000000000000000000000000000000000000000000000000000000000
0000000000000000000000000000000000000000000000000000000000000000000000000000000000
0000000000000000000000000000000000000000000000000000000000000000000000000000000000
0000000000000000000000000000000000000000000000000000000000000000000000000000000000
0000000000000000000000000000000000000000000000000000000000000000000000000000000000
0000000000000000000000000000000000000000000000000000000000000000000000000000000000
0000000000000000000000000000000000000000000000000000000000000000000000000000000000
0000000000000000000000000000000000000000000000000000000000000000000000000000000000
0000000000000000000000000000000000000000000000000000000000000000000000000000000000
0000000000000000000000000000000000000000000000000000000000000000000000000000000000
0000000000000000000000000000000000011111111111100000000000000000000000000000000000
0000000000000000000000000000000111111110000011111110000000000000000000000000000000
0000000000000000000000000000011110000000000000000111100000000000000000000000000000
0000000000000000000000000001111000000000000000000000111000000000000000000000000000
0000000000000000000000000111100000000000000000000000001110000000000000000000000000
0000000000000000000000001110000000000000000000000000000111000000000000000000000000
0000000000000000000000011000000000000000000000000000000001100000000000000000000000
0000000000000000000000110000000000000000000000000000000000110000000000000000000000
0000000000000000000001100000000000000000000000000000000000011000000000000000000000
0000000000000000000011000000000000000000000000000000000000001100000000000000000000
0000000000000000000110000000000000000000000000000000000000000110000000000000000000
0000000000000000001100000000000000000000000000000000000000000011000000000000000000
0000000000000000011000000000000000000000000000000000000000000001100000000000000000
0000000000000000011000000000000000000000000000000000000000000001100000000000000000
0000000000000000110000000000000000000000000000000000000000000000110000000000000000
0000000000000000110000000000000000000000000000000000000000000000010000000000000000
0000000000000001100000000000000000000000000000000000000000000000011000000000000000
0000000000000001100000000000000000000000000000000000000000000000001000000000000000
0000000000000011000000000000000000000000000000000000000000000000001100000000000000
0000000000000011000000000000000000000000000000000000000000000000001100000000000000
0000000000000010000000000000000000000000000000000000000000000000000100000000000000
0000000000000010000000000000000000000000000000000000000000000000000110000000000000
0000000000000110000000000000000000000000000000000000000000000000000110000000000000
0000000000000110000000000000000000000000000000000000000000000000000110000000000000
0000000000000110000000000000000000000000000000000000000000000000000010000000000000
0000000000000110000000000000000000000000000000000000000000000000000010000000000000
0000000000000100000000000000000000000000000000000000000000000000000010000000000000
0000000000000100000000000000000000000000000000000000000000000000000010000000000000
0000000000000100000000000000000000000000000000000000000000000000000010000000000000
0000000000000100000000000000000000000000000000000000000000000000000010000000000000
0000000000000110000000000000000000000000000000000000000000000000000010000000000000
0000000000000110000000000000000000000000000000000000000000000000000010000000000000
0000000000000110000000000000000000000000000000000000000000000000000110000000000000
0000000000000110000000000000000000000000000000000000000000000000000110000000000000
0000000000000010000000000000000000000000000000000000000000000000000110000000000000
0000000000000010000000000000000000000000000000000000000000000000000100000000000000
0000000000000011000000000000000000000000000000000000000000000000001100000000000000
0000000000000011000000000000000000000000000000000000000000000000001100000000000000
0000000000000001100000000000000000000000000000000000000000000000001000000000000000
0000000000000001100000000000000000000000000000000000000000000000011000000000000000
0000000000000000110000000000000000000000000000000000000000000000010000000000000000
0000000000000000110000000000000000000000000000000000000000000000110000000000000000
0000000000000000011000000000000000000000000000000000000000000001100000000000000000
0000000000000000011000000000000000000000000000000000000000000001100000000000000000
0000000000000000001100000000000000000000000000000000000000000011000000000000000000
0000000000000000000110000000000000000000000000000000000000000110000000000000000000
0000000000000000000011000000000000000000000000000000000000001100000000000000000000
0000000000000000000001100000000000000000000000000000000000011100000000000000000000
0000000000000000000000110000000000000000000000000000000000111000000000000000000000
0000000000000000000000011000000000000000000000000000000001100000000000000000000000
0000000000000000000000001110000000000000000000000000000111000000000000000000000000
0000000000000000000000000111000000000000000000000000001110000000000000000000000000
0000000000000000000000000001110000000000000000000000111000000000000000000000000000
0000000000000000000000000000011110000000000000000111100000000000000000000000000000
0000000000000000000000000000000111111100000011111110000000000000000000000000000000
0000000000000000000000000000000000111111111111110000000000000000000000000000000000
0000000000000000000000000000000000000000000000000000000000000000000000000000000000
0000000000000000000000000000000000000000000000000000000000000000000000000000000000
0000000000000000000000000000000000000000000000000000000000000000000000000000000000
0000000000000000000000000000000000000000000000000000000000000000000000000000000000
0000000000000000000000000000000000000000000000000000000000000000000000000000000000
0000000000000000000000000000000000000000000000000000000000000000000000000000000000
0000000000000000000000000000000000000000000000000000000000000000000000000000000000
0000000000000000000000000000000000000000000000000000000000000000000000000000000000
0000000000000000000000000000000000000000000000000000000000000000000000000000000000
0000000000000000000000000000000000000000000000000000000000000000000000000000000000
0000000000000000000000000000000000000000000000000000000000000000000000000000000000
0000000000000000000000000000000000000000000000000000000000000000000000000000000000
0000000000000000000000000000000000000000000000000000000000000000000000000000000000

0000000000000000000000000000000000000000000000000000000000000000000000000000000000
0000000000000000000000000000000000000000000000000000000000000000000000000000000000
0000000000000000000000000000000000000000000000000000000000000000000000000000000000
0000000000000000000000000000000000000000000000000000000000000000000000000000000000
0000000000000000000000000000000000000000000000000000000000000000000000000000000000
0000000000000000000000000000000000000000000000000000000000000000000000000000000000
0000000000000000000000000000000000000000000000000000000000000000000000000000000000
0000000000000000000000000000000000000000000000000000000000000000000000000000000000
0000000000000000000000000000000000000000000000000000000000000000000000000000000000
0000000000000000000000000000000000000000000000000000000000000000000000000000000000
0000000000000000000000000000000000000000000000000000000000000000000000000000000000
0000000000000000000000000000000000000000000000000000000000000000000000000000000000
0000000000000000000000000000000000000000000000000000000000000000000000000000000000
0000000000000111111111111111111111111111111111111111111111111111111110000000000000
0000000000000110000000000000000000000000000000000000000000000000000010000000000000
0000000000000100000000000000000000000000000000000000000000000000000010000000000000
0000000000000100000000000000000000000000000000000000000000000000000010000000000000
0000000000000100000000000000000000000000000000000000000000000000000010000000000000
0000000000000100000000000000000000000000000000000000000000000000000010000000000000
0000000000000100000000000000000000000000000000000000000000000000000010000000000000
0000000000000100000000000000000000000000000000000000000000000000000010000000000000
0000000000000100000000000000000000000000000000000000000000000000000010000000000000
0000000000000100000000000000000000000000000000000000000000000000000010000000000000
0000000000000100000000000000000000000000000000000000000000000000000010000000000000
0000000000000100000000000000000000000000000000000000000000000000000010000000000000
0000000000000100000000000000000000000000000000000000000000000000000010000000000000
0000000000000100000000000000000000000000000000000000000000000000000010000000000000
0000000000000100000000000000000000000000000000000000000000000000000010000000000000
0000000000000100000000000000000000000000000000000000000000000000000010000000000000
0000000000000100000000000000000000000000000000000000000000000000000010000000000000
0000000000000100000000000000000000000000000000000000000000000000000010000000000000
0000000000000100000000000000000000000000000000000000000000000000000010000000000000
0000000000000100000000000000000000000000000000000000000000000000000010000000000000
0000000000000100000000000000000000000000000000000000000000000000000010000000000000
0000000000000100000000000000000000000000000000000000000000000000000010000000000000
0000000000000100000000000000000000000000000000000000000000000000000010000000000000
0000000000000100000000000000000000000000000000000000000000000000000010000000000000
0000000000000100000000000000000000000000000000000000000000000000000010000000000000
0000000000000100000000000000000000000000000000000000000000000000000010000000000000
0000000000000100000000000000000000000000000000000000000000000000000010000000000000
0000000000000100000000000000000000000000000000000000000000000000000010000000000000
0000000000000100000000000000000000000000000000000000000000000000000010000000000000
0000000000000100000000000000000000000000000000000000000000000000000010000000000000
0000000000000100000000000000000000000000000000000000000000000000000010000000000000
0000000000000100000000000000000000000000000000000000000000000000000010000000000000
0000000000000100000000000000000000000000000000000000000000000000000010000000000000
0000000000000100000000000000000000000000000000000000000000000000000010000000000000
0000000000000100000000000000000000000000000000000000000000000000000010000000000000
0000000000000100000000000000000000000000000000000000000000000000000010000000000000
0000000000000100000000000000000000000000000000000000000000000000000010000000000000
0000000000000100000000000000000000000000000000000000000000000000000010000000000000
0000000000000100000000000000000000000000000000000000000000000000000010000000000000
0000000000000100000000000000000000000000000000000000000000000000000010000000000000
0000000000000100000000000000000000000000000000000000000000000000000010000000000000
0000000000000100000000000000000000000000000000000000000000000000000010000000000000
0000000000000100000000000000000000000000000000000000000000000000000010000000000000
0000000000000100000000000000000000000000000000000000000000000000000010000000000000
0000000000000100000000000000000000000000000000000000000000000000000010000000000000
0000000000000100000000000000000000000000000000000000000000000000000010000000000000
0000000000000100000000000000000000000000000000000000000000000000000010000000000000
0000000000000100000000000000000000000000000000000000000000000000000010000000000000
0000000000000100000000000000000000000000000000000000000000000000000010000000000000
0000000000000100000000000000000000000000000000000000000000000000000010000000000000
0000000000000100000000000000000000000000000000000000000000000000000010000000000000
0000000000000100000000000000000000000000000000000000000000000000000010000000000000
0000000000000100000000000000000000000000000000000000000000000000000010000000000000
0000000000000100000000000000000000000000000000000000000000000000000010000000000000
0000000000000110000000000000000000000000000000000000000000000000000010000000000000
0000000000000111111111111111111111111111111111111111111111111111111110000000000000
0000000000000000000000000000000000000000000000000000000000000000000000000000000000
0000000000000000000000000000000000000000000000000000000000000000000000000000000000
0000000000000000000000000000000000000000000000000000000000000000000000000000000000
0000000000000000000000000000000000000000000000000000000000000000000000000000000000
0000000000000000000000000000000000000000000000000000000000000000000000000000000000
0000000000000000000000000000000000000000000000000000000000000000000000000000000000
0000000000000000000000000000000000000000000000000000000000000000000000000000000000
0000000000000000000000000000000000000000000000000000000000000000000000000000000000
0000000000000000000000000000000000000000000000000000000000000000000000000000000000
0000000000000000000000000000000000000000000000000000000000000000000000000000000000
0000000000000000000000000000000000000000000000000000000000000000000000000000000000
0000000000000000000000000000000000000000000000000000000000000000000000000000000000
0000000000000000000000000000000000000000000000000000000000000000000000000000000000

== SDRs ==
00000001000000001000001000000000
00000000010110000101111010000000
00000000000000000000000000000000
00000110000101000001000000000010
10010100000000110000101000000100
00010000001000000100000000000000
00000000000100101000000000010000
00100101000000000001000100000001
01000010000000000000000001100000
01001100001000000000111100010001
00000100001000000000100011000100
11110000000001000000010000000010
00000000000010100000100000000000
10000000100010100001011101000010
11100000000010010110010000000010
01000001111010001010010010000001
00000000001010110000000000000100
00110000000000011000001000100000
00000000001001000000000000100010
00100101001000010000001100001000
01101001100000000000001111101100
00000000000000110000000101100000
10010001000100000000000000000001
10000000000000011000001010000000
11000000000000000000001001011010
10100001100000000001001000000100
10000101001010000000000000001100
10001000000000000100000101000110
00100100000000010000100000000000
10011000000101110000000000100000
10110001000001000011001000000000
10001000000110000010001100011001

00000000000001000000001110000000
10010000000001000101010000000000
00000000001101001001000011010000
00000011100000011001011000000011
00001000000000000000000000010110
00001100000010000000100100000000
00000000100001001000001000000000
00110000000000000000000000000001
01000000001000000000000101000100
00010111000000110000000000000000
00001100100000000000001000000000
00010001001000000000010000000010
00000000000000100010100000000000
01000010000000001000001000000110
00010000000001001000000000000000
00000000011011000000010010000101
00100000001010010110000001001011
00010000000000001000000000100000
00000010000100000000010000010000
00000100001000000000000010001010
00000001110000000000000000001000
10100100100001000000000000100000
00010000000000000010000000000001
00000000110001011000010010000011
10010100000100000001000000000101
00000000110001100000100000100001
00010000000001000000100100100011
10100010100000010010000110001010
10000000100000000001001000001010
10010000001000101000000010000000
00000000100001001011000000000000
00101000000100000110000000000000

00000000000010000000000010000001
11001000001010000000010000100000
00000010101000010110000000100010
00101100000000000001000000100010
00000100100000010110101000000001
01010000000000001010000000000010
00000000010000000100000000000000
00000100010000000000010100010000
00000010001001000000000000100001
01011000001010000000000000000001
00001100000000000000100010000100
10001000000000100010000000100010
00000000000010100000010011001000
10000000001000100001010000011000
00100001001010000000000001000000
01000001100100001000000000101000
00010001100000000000000100000000
00011100000000010000001000000000
00000000000000000000000000100010
10000000000000000100000011000000
00000000100100000000000100100000
00000000010000000000000100010000
00010000000000000000000010010001
00010000000001001001001000000000
00000000000100000000001000010000
00001000100000000001000000000000
01010100000000000000010100000001
00001000010000000000000101100100
00001000001000000000000000001000
00000100000100000000001000000001
00100000000001000001000000001001
00001000000000000010000100001001

00000100010010000000000000000000
01000000000010000100000100000000
00010000100001000000001001101100
00001110101000000101000100100000
01001000001000000000000000000110
10100000101000001010100000010001
10000000000000011000001010000000
00010100000111010000010100000100
00000010001000000000000000100000
10001000101110000000101100000011
01000101010000001001000011000001
10100000000000001000010000100000
01000001111010100000010010000001
00000001001001000001001000010000
00000000100011100000000001000000
01000101000000000000010000001000
00000000000000000000000000100001
01000100000100111001000100000100
00100000001000000001000000001000
00000100000000100100000001000100
00100001100010000000010100110000
00000010000000000000000000001000
00000010000000000101000000010001
10100000000001001001001000000000
00010000000010001000000001010010
10000011000000000000001001000000
01101000000000000000000010000001
00001000000000000000000000000000
00001001000000000100010000000000
01000100000000001000001000000000
00010000000000010101000000000001
00101010000100000010000100001100

00000000010000001000000000000000
01010000001000000000010011000000
00001000100001000000000010100000
00000100000001100000000001010000
00000000000100010000001000000000
00010010000000001000000010000011
10010000000101010000000000000000
10110000000010100000000000000011
00001000000000100100000000100100
00010000011001000000000000000000
00100000000000010010100010100010
11110000000000000000000000000000
00000000100010110000000010000000
00000000000000000000001000110010
00000000001000000100000000100000
00000001010000000000010010000110
00011011000000010000000001000000
00000000000000100000100000000010
00010000000010000000100000001100
00000000001000010000100000000001
01010000001010001101000000001001
10000010110000000110000000100001
10000001000000000000010000000000
00000000000000000010101110000000
00000011000000000001010000000010
00000100000111000001010000000000
00010000000000000000000000000000
00001000000000000000000000000000
00000000010000000000000000010001
10010000000010010000000010000000
00000011001001100000000100100000
00000000000000000000010000000000

00000001000000001000001000010100
00000000000100000101011000000000
00000000000000001000000000000010
00000010000101000001000000000010
10010000000000100000101000000100
00010000010000000100000001000000
00000000000100101010000000011000
00000000000000000011000010000000
01000000000000000000000001100000
01001100000000000000101100110001
00100000011000000000101011100100
01010000000001000000010000000010
00000000000110000000100000000000
10000000100010100101011101000010
10100000000010010110010001000010
00100001011010001010010000000001
00000000001010111000000000000100
00110000000000000000001000100000
00000000000001000000010100100010
00100101001010010000101100001000
01101000100000000000001110101100
00000000000000110000000101100001
10011000000101000100001000000001
10010000000000000000001010000000
00000000000000000000001000011010
00100001000000000001101000000100
11000101001010000000010000001100
00001010100001000101000101100010
00100100000000010001100000010000
10011100000100110000000010000000
10010001000001000011001011001000
10001001001110000000001100011101

00000000010010010000000010000001
01001000011010000000010000100000
00000010101000010100100001100011
00100111000000000000010001100010
01000100100000010100101000000000
01000000001000000010000000100010
00000000010000000100000000000000
00000100010101000000000100010001
00000010001001000000000001100001
00011000001010000000000001000001
00000100000000000000100000000100
00001000100000100000010000000010
01000000000010100000010001001000
10000000001000100001010000010000
10100001001010000000000001000000
01000000100100001000000000101001
00010001000000000000000100000000
00011110000000010000001000000000
00000000001000000000000000100010
10000000000000000100000001000000
00000000100100000000000000100000
00000000000000000000000100010000
00010000100000000000000010010001
00010000000001001001001000000000
00000000001100000000001000010010
00001000100001000000001000001000
01010100000000000000010100000001
10011000000010000100000101000100
00001000001000000000010000001000
00000100000100000000001000000001
00000000000001000001000000001000
00010000000000000010000100001001

00000000000001000000001110000000
10010000000100000101010000000000
00000000000101001101000011000000
00000011101000011001001000000011
00001000001000000000100000000110
00001110000110000001100110010000
00000100100001000000011000000000
00110000000000000000000000000001
01000010001001000000000001000100
00011110000000010000000000010000
00001100100000000000001001000000
00010001001000000000010000000000
00000000000000101010000000000000
01000010000000001000001000000100
00011000100001001000000000000000
00000000011001000000010010000100
00100000001000010110000001000011
00110000000000000000000000100100
00000001000101000000000000010100
00000100001000000010000010001000
00011001000000000000000000000100
10100100100000000000000000100000
00010000000000000000101000000001
00000000110001011000010010100010
11010000000000000001000000000100
00000000110001100000100000100101
00011000000001000001000000100110
10100010100000010010000000001000
10010000100001000001001010001010
10010010000000101000000010100001
00000000101000001001000010000000
01001000000100000110000000000000

00110000000000100000000000000100
00010000001000100001010000001011
00000000010000000000001000010000
00000000000001100100000000001000
10100000000100000000100000000000
00000010000000001010000010000000
10010101100001000000001000010100
00010000000001101000000000010101
00001010000000000101000000000010
00011000000000010001100001010001
00100100000000001000000010100000
01011000000000000000000000011000
00100100100000000000000000000000
00000000000000000110000101110001
00010000001001000000000001000000
00000000000000000010000110000000
01000010100010000100010000001000
00010000000110000000100010000011
00000000000011000100000010100100
01000000000100000001000000000000
00111000000000011000000000000000
10000111000000000100000010100000
00111010001000000010101000000000
10011101000000001010000100001110
00000000000000000001010000010000
00000000010000000001010000110001
00001000000000000000010000000010
00100000000100000100000000010001
00100100010000001010000000000001
00000010000100100001100000001011
00000100111010001100000000010100
00000001000100000000100100000001

