0000000000000000000000000000000000000000000000000000000000000000000000000000000000
0000000000000000000000000000000000000000000000000000000000000000000000000000000000
0000000000000000000000000000000000000000000000000000000000000000000000000000000000
0000000000000000000000000000000000000000000000000000000000000000000000000000000000
0000000000000000000000000000000000000000000000000000000000000000000000000000000000
0000000000000000000000000000000000000000000000000000000000000000000000000000000000
0000000000000000000000000000000000000000000000000000000000000000000000000000000000
0000000000000000000000000000000000000000000000000000000000000000000000000000000000
0000000000000000000000000000000000000000000000000000000000000000000000000000000000
0000000000000000000000000000000000000000000000000000000000000000000000000000000000
0000000000000000000000000000000000000001110000000000000000000000000000000000000000
0000000000000000000000000000000001111111111111111000000000000000000000000000000000
0000000000000000000000000000001111110000000000111111000000000000000000000000000000
0000000000000000000000000001111100000000000000000011110000000000000000000000000000
0000000000000000000000000111100000000000000000000000111100000000000000000000000000
0000000000000000000000001110000000000000000000000000001110000000000000000000000000
0000000000000000000000111000000000000000000000000000000011100000000000000000000000
0000000000000000000001110000000000000000000000000000000000110000000000000000000000
0000000000000000000011000000000000000000000000000000000000011000000000000000000000
0000000000000000000110000000000000000011111100000000000000001100000000000000000000
0000000000000000001100000000000001111111111111110000000000000110000000000000000000
0000000000000000011000000000000111110000000000111100000000000011000000000000000000
0000000000000000110000000000011110000000000000000111000000000001100000000000000000
0000000000000000110000000000111000000000000000000001110000000000110000000000000000
0000000000000001100000000011100000000000000000000000111000000000010000000000000000
0000000000000011000000000111000000000000000000000000001100000000011000000000000000
0000000000000011000000001110000000000000000000000000000110000000001100000000000000
0000000000000110000000001100000000000000000000000000000011000000001100000000000000
0000000000000100000000011000000000000000000000000000000001100000000110000000000000
0000000000001100000000110000000000000000000000000000000001100000000110000000000000
0000000000001100000000100000000000000000000000000000000000110000000011000000000000
0000000000011000000001100000000000000000000000000000000000011000000011000000000000
0000000000011000000001000000000000000000000000000000000000011000000001000000000000
0000000000011000000011000000000000000000000000000000000000001000000001000000000000
0000000000010000000010000000000000000000000000000000000000001100000001100000000000
0000000000110000000110000000000000000000000000000000000000001100000001100000000000
0000000000110000000110000000000000000000000000000000000000000100000001100000000000
0000000000110000000110000000000000000000000000000000000000000110000000100000000000
0000000000110000000100000000000000000000000000000000000000000110000000100000000000
0000000000110000000100000000000000000000000000000000000000000110000000100000000000
0000000000100000000100000000000000000000000000000000000000000110000000100000000000
0000000000100000000100000000000000000000000000000000000000000110000000100000000000
0000000000110000000100000000000000000000000000000000000000000110000000100000000000
0000000000110000000100000000000000000000000000000000000000000110000000100000000000
0000000000110000000110000000000000000000000000000000000000000110000000100000000000
0000000000110000000110000000000000000000000000000000000000000100000000100000000000
0000000000110000000110000000000000000000000000000000000000000100000001100000000000
0000000000010000000010000000000000000000000000000000000000001100000001100000000000
0000000000010000000011000000000000000000000000000000000000001100000001100000000000
0000000000011000000011000000000000000000000000000000000000001000000001000000000000
0000000000011000000001000000000000000000000000000000000000011000000011000000000000
0000000000001000000001100000000000000000000000000000000000010000000011000000000000
0000000000001100000000110000000000000000000000000000000000110000000010000000000000
0000000000001100000000110000000000000000000000000000000001100000000110000000000000
0000000000000110000000011000000000000000000000000000000011000000000100000000000000
0000000000000110000000001100000000000000000000000000000011000000001100000000000000
0000000000000011000000000110000000000000000000000000000110000000001000000000000000
0000000000000001000000000011000000000000000000000000011100000000011000000000000000
0000000000000001100000000001110000000000000000000000111000000000110000000000000000
0000000000000000110000000000111000000000000000000011100000000001100000000000000000
0000000000000000011000000000001111000000000000001111000000000001100000000000000000
0000000000000000001100000000000011111000000011111100000000000011000000000000000000
0000000000000000001110000000000000111111111111100000000000000110000000000000000000
0000000000000000000111000000000000000000000000000000000000001100000000000000000000
0000000000000000000001100000000000000000000000000000000000111000000000000000000000
0000000000000000000000110000000000000000000000000000000001110000000000000000000000
0000000000000000000000011100000000000000000000000000000111000000000000000000000000
0000000000000000000000000111000000000000000000000000011110000000000000000000000000
0000000000000000000000000011110000000000000000000001111000000000000000000000000000
0000000000000000000000000000111110000000000000001111100000000000000000000000000000
0000000000000000000000000000000111111111111111111100000000000000000000000000000000
0000000000000000000000000000000000011111111111000000000000000000000000000000000000
0000000000000000000000000000000000000000000000000000000000000000000000000000000000
0000000000000000000000000000000000000000000000000000000000000000000000000000000000
0000000000000000000000000000000000000000000000000000000000000000000000000000000000
0000000000000000000000000000000000000000000000000000000000000000000000000000000000
0000000000000000000000000000000000000000000000000000000000000000000000000000000000
0000000000000000000000000000000000000000000000000000000000000000000000000000000000
0000000000000000000000000000000000000000000000000000000000000000000000000000000000
0000000000000000000000000000000000000000000000000000000000000000000000000000000000
0000000000000000000000000000000000000000000000000000000000000000000000000000000000
0000000000000000000000000000000000000000000000000000000000000000000000000000000000

0000000000000000000000000000000000000000000000000000000000000000000000000000000000
0000000000000000000000000000000000000000000000000000000000000000000000000000000000
0000000000000000000000000000000000000000000000000000000000000000000000000000000000
0000000000000000000000000000000000000000000000000000000000000000000000000000000000
0000000000000000000000000000000000000000000000000000000000000000000000000000000000
0000000000000000000000000000000000000000000000000000000000000000000000000000000000
0000000000000000000000000000000000000000000000000000000000000000000000000000000000
0000000000000000000000000000000000000000000000000000000000000000000000000000000000
0000000000000000000000000000000000000000000000000000000000000000000000000000000000
0000000000000000000000000000000000000000000000000000000000000000000000000000000000
0000000000000000000000000000000000000000111000000000000000000000000000000000000000
0000000000000000000000000000000001111111111111111000000000000000000000000000000000
0000000000000000000000000000001111110000000000111111000000000000000000000000000000
0000000000000000000000000000111100000000000000000011110000000000000000000000000000
0000000000000000000000000011110000000000000000000000011100000000000000000000000000
0000000000000000000000001110000000000000000000000000000111000000000000000000000000
0000000000000000000000011100000000000000000000000000000001100000000000000000000000
0000000000000000000000110000000000000000000000000000000000111000000000000000000000
0000000000000000000011100000000000000000000000000000000000011100000000000000000000
0000000000000000000111000000000000000000000000000000000000000110000000000000000000
0000000000000000001110000000000000000000000000000000000000000011000000000000000000
0000000000000000001100000000000000000000000000000000000000000001100000000000000000
0000000000000000011000000000000000000000000000000000000000000000110000000000000000
0000000000000000110000000000000000000000000000000000000000000000110000000000000000
0000000000000001100000000000000000000000000000000000000000000000011000000000000000
0000000000000001100000000000000000000000000000000000000000000000001100000000000000
0000000000000011000000000000000000000000000000000000000000000000001100000000000000
0000000000000010000000000000000000000000000000000000000000000000000110000000000000
0000000000000110000000000000000000000000000000000000000000000000000110000000000000
0000000000000100000000000000000000000000000000000000000000000000000011000000000000
0000000000001100000000000000000000000000000000000000000000000000000011000000000000
0000000000001100000000000000000000000000000000000000000000000000000001000000000000
0000000000001000000000000000000000000000000000000000000000000000000001100000000000
0000000000011000000000000000000000000000000000000000000000000000000001100000000000
0000000000011000000000000000000000000000000000000000000000000000000000100000000000
0000000000011000000000000000000000000000000000000000000000000000000000100000000000
0000000000010000000000000000000000000000000000000000000000000000000000110000000000
0000000000010000000000000000000000000000000000000000000000000000000000110000000000
0000000000110000000000000000000000000000000000000000000000000000000000110000000000
0000000000110000000000000000000000000000000000000000000000000000000000110000000000
0000000000110000000000000000000000000000000000000000000000000000000000110000000000
0000000000110000000000000000000000000000000000000000000000000000000000110000000000
0000000000110000000000000000000000000000000000000000000000000000000000110000000000
0000000000110000000000000000000000000000000000000000000000000000000000110000000000
0000000000010000000000000000000000000000000000000000000000000000000000110000000000
0000000000010000000000000000000000000000000000000000000000000000000000110000000000
0000000000010000000000000000000000000000000000000000000000000000000000110000000000
0000000000011000000000000000000000000000000000000000000000000000000000100000000000
0000000000011000000000000000000000000000000000000000000000000000000001100000000000
0000000000011000000000000000000000000000000000000000000000000000000001100000000000
0000000000001000000000000000000000000000000000000000000000000000000001100000000000
0000000000001100000000000000000000000000000000000000000000000000000001000000000000
0000000000000100000000000000000000000000000000000000000000000000000011000000000000
0000000000000110000000000000000000000000000000000000000000000000000010000000000000
0000000000000110000000000000000000000000000000000000000000000000000110000000000000
0000000000000011000000000000000000000000000000000000000000000000000100000000000000
0000000000000011000000000000000000000000000000000000000000000000001100000000000000
0000000000000001100000000000000000000000000000000000000000000000011000000000000000
0000000000000000110000000000000000000000000000000000000000000000011000000000000000
0000000000000000110000000000000000000000000000000000000000000000110000000000000000
0000000000000000011000000000000000000000000000000000000000000001100000000000000000
0000000000000000001100000000000000000000000000000000000000000011000000000000000000
0000000000000000000110000000000000000000000000000000000000000110000000000000000000
0000000000000000000011000000000000000000000000000000000000001100000000000000000000
0000000000000000000001110000000000000000000000000000000000011000000000000000000000
0000000000000000000000111000000000000000000000000000000001110000000000000000000000
0000000000000000000000001110000000000000000000000000000011100000000000000000000000
0000000000000000000000000111000000000000000000000000001110000000000000000000000000
0000000000000000000000000001111000000000000000000000111000000000000000000000000000
0000000000000000000000000000011111000000000000001111100000000000000000000000000000
0000000000000000000000000000000011111111111111111110000000000000000000000000000000
0000000000000000000000000000000000011111111111100000000000000000000000000000000000
0000000000000000000000000000000000000000000000000000000000000000000000000000000000
0000000000000000000000000000000000000000000000000000000000000000000000000000000000
0000000000000000000000000000000000000000000000000000000000000000000000000000000000
0000000000000000000000000000000000000000000000000000000000000000000000000000000000
0000000000000000000000000000000000000000000000000000000000000000000000000000000000
0000000000000000000000000000000000000000000000000000000000000000000000000000000000
0000000000000000000000000000000000000000000000000000000000000000000000000000000000
0000000000000000000000000000000000000000000000000000000000000000000000000000000000
0000000000000000000000000000000000000000000000000000000000000000000000000000000000
0000000000000000000000000000000000000000000000000000000000000000000000000000000000

0000000000000000000000000000000000000000000000000000000000000000000000000000000000
0000000000000000000000000000000000000000000000000000000000000000000000000000000000
0000000000000000000000000000000000000000000000000000000000000000000000000000000000
0000000000000000000000000000000000000000000000000000000000000000000000000000000000
0000000000000000000000000000000000000000000000000000000000000000000000000000000000
0000000000000000000000000000000000000000000000000000000000000000000000000000000000
0000000000000000000000000000000000000000000000000000000000000000000000000000000000
0000000000000000000000000000000000000000000000000000000000000000000000000000000000
0000000000000000000000000000000000000000000000000000000000000000000000000000000000
0000000000000000000000000000000000000000000000000000000000000000000000000000000000
0000000000000000000000000000000000000000000000000000000000000000000000000000000000
0000000000000000000000000000000000000000000000000000000000000000000000000000000000
0000000000000000000000000000000000000000000000000000000000000000000000000000000000
0000000000000111111111111111111111111111111111111111111111111111111111000000000000
0000000000000110000000000000000000000000000000000000000000000000000011000000000000
0000000000000100000000000000000000000000000000000000000000000000000011000000000000
0000000000000100000000000000000000000000000000000000000000000000000011000000000000
0000000000000100000000000000000000000000000000000000000000000000000011000000000000
0000000000000100000000000000000000000000000000000000000000000000000011000000000000
0000000000000100000111111111111111111111111111111111111111111110000011000000000000
0000000000000100000111111111111111111111111111111111111111111110000011000000000000
0000000000000100000110000000000000000000000000000000000000000010000011000000000000
0000000000000100000110000000000000000000000000000000000000000010000011000000000000
0000000000000100000110000000000000000000000000000000000000000010000011000000000000
0000000000000100000110000000000000000000000000000000000000000010000011000000000000
0000000000000100000110000000000000000000000000000000000000000010000011000000000000
0000000000000100000110000000000000000000000000000000000000000010000011000000000000
0000000000000100000110000000000000000000000000000000000000000010000011000000000000
0000000000000100000110000000000000000000000000000000000000000010000011000000000000
0000000000000100000110000000000000000000000000000000000000000010000011000000000000
0000000000000100000110000000000000000000000000000000000000000010000011000000000000
0000000000000100000110000000000000000000000000000000000000000010000011000000000000
0000000000000100000110000000000000000000000000000000000000000010000011000000000000
0000000000000100000110000000000000000000000000000000000000000010000011000000000000
0000000000000100000110000000000000000000000000000000000000000010000011000000000000
0000000000000100000110000000000000000000000000000000000000000010000011000000000000
0000000000000100000110000000000000000000000000000000000000000010000011000000000000
0000000000000100000110000000000000000000000000000000000000000010000011000000000000
0000000000000100000110000000000000000000000000000000000000000010000011000000000000
0000000000000100000110000000000000000000000000000000000000000010000011000000000000
0000000000000100000110000000000000000000000000000000000000000010000011000000000000
0000000000000100000110000000000000000000000000000000000000000010000011000000000000
0000000000000100000110000000000000000000000000000000000000000010000011000000000000
0000000000000100000110000000000000000000000000000000000000000010000011000000000000
0000000000000100000110000000000000000000000000000000000000000010000011000000000000
0000000000000100000110000000000000000000000000000000000000000010000011000000000000
0000000000000100000110000000000000000000000000000000000000000010000011000000000000
0000000000000100000110000000000000000000000000000000000000000010000011000000000000
0000000000000100000110000000000000000000000000000000000000000010000011000000000000
0000000000000100000110000000000000000000000000000000000000000010000011000000000000
0000000000000100000110000000000000000000000000000000000000000010000011000000000000
0000000000000100000110000000000000000000000000000000000000000010000011000000000000
0000000000000100000110000000000000000000000000000000000000000010000011000000000000
0000000000000100000110000000000000000000000000000000000000000010000011000000000000
0000000000000100000110000000000000000000000000000000000000000010000011000000000000
0000000000000100000110000000000000000000000000000000000000000010000011000000000000
0000000000000100000110000000000000000000000000000000000000000010000011000000000000
0000000000000100000110000000000000000000000000000000000000000010000011000000000000
0000000000000100000110000000000000000000000000000000000000000010000011000000000000
0000000000000100000110000000000000000000000000000000000000000010000011000000000000
0000000000000100000110000000000000000000000000000000000000000010000011000000000000
0000000000000100000110000000000000000000000000000000000000000010000011000000000000
0000000000000100000111111111111111111111111111111111111111111110000011000000000000
0000000000000100000011111111111111111111111111111111111111111110000011000000000000
0000000000000100000000000000000000000000000000000000000000000000000011000000000000
0000000000000100000000000000000000000000000000000000000000000000000011000000000000
0000000000000100000000000000000000000000000000000000000000000000000011000000000000
0000000000000100000000000000000000000000000000000000000000000000000011000000000000
0000000000000111111111111111111111111111111111111111111111111111111111000000000000
0000000000000111111111111111111111111111111111111111111111111111111110000000000000
0000000000000000000000000000000000000000000000000000000000000000000000000000000000
0000000000000000000000000000000000000000000000000000000000000000000000000000000000
0000000000000000000000000000000000000000000000000000000000000000000000000000000000
0000000000000000000000000000000000000000000000000000000000000000000000000000000000
0000000000000000000000000000000000000000000000000000000000000000000000000000000000
0000000000000000000000000000000000000000000000000000000000000000000000000000000000
0000000000000000000000000000000000000000000000000000000000000000000000000000000000
0000000000000000000000000000000000000000000000000000000000000000000000000000000000
0000000000000000000000000000000000000000000000000000000000000000000000000000000000
0000000000000000000000000000000000000000000000000000000000000000000000000000000000
0000000000000000000000000000000000000000000000000000000000000000000000000000000000
0000000000000000000000000000000000000000000000000000000000000000000000000000000000

0000000000000000000000000000000000000000000000000000000000000000000000000000000000
0000000000000000000000000000000000000000000000000000000000000000000000000000000000
0000000000000000000000000000000000000000000000000000000000000000000000000000000000
0000000000000000000000000000000000000000000000000000000000000000000000000000000000
0000000000000000000000000000000000000000000000000000000000000000000000000000000000
0000000000000000000000000000000000000000000000000000000000000000000000000000000000
0000000000000000000000000000000000000000000000000000000000000000000000000000000000
0000000000000000000000000000000000000000000000000000000000000000000000000000000000
0000000000000000000000000000000000000000000000000000000000000000000000000000000000
0000000000000000000000000000000000000000000000000000000000000000000000000000000000
0000000000000000000000000000000000000000000000000000000000000000000000000000000000
0000000000000000000000000000000000000000000000000000000000000000000000000000000000
0000000000000000000000000000000000000000000000000000000000000000000000000000000000
0000000000000111111111111111111111111111111111111111111111111111111111000000000000
0000000000000110010101100000000100000000100000000000100000000010000111000000000000
0000000000000100000000000000000000000000000000000000000000000000000011000000000000
0000000000000100000000000000000000000000000000000000000000000000000011000000000000
0000000000000100000000000000000000000000000000000000000000000000000011000000000000
0000000000001100000000000000000000000000000000000000000000000000000011000000000000
0000000000000100000111111111111111111111111111111111111111111110000011000000000000
0000000000000100000111111111111111111111111111111111111111111110000011000000000000
0000000000000100000110000000000000000000000000000000000000000010000011000000000000
0000000000000100000110000000000000000000000000000000000000000010000011000000000000
0000000000001100000110000000000000000000000000000000000000000010000011000000000000
0000000000000100000110000000000000000000001000000000000000000010000011000000000000
0000000000000100000110000000000000000000000000000000000000000010000011000000000000
0000000000000100000110000000000000000000000000000000000000000010000011000000000000
0000000000000100000110000000000000000000000000000000000000000010001011000000000000
0000000000000100000110000000000000000000000000000000000000000010000011000000000000
0000000000000100000110000000000000000000000000000000000000000010000011000000000000
0000000000000100000110000000000000000000000000000000000000000010000011000000000000
0000000000000100000110000000000000000000000000000000000000000010000011000000000000
0000000000000100000110000000000000000000000000000000000000000010000011000000000000
0000000000000100000110000000000000000000000000000000000000000010000011000000000000
0000000000000100000110000000000000000000000000000000000000000010000011000000000000
0000000000000100000110000000000000000000000000000000000000000010000011000000000000
0000000000000100000110000000000000000000000000000000000000000010000011000000000000
0000000000001100000110000000000000000000000000000000000000000010000011000000000000
0000000000000100000110000000000000000000000000000000000000000010000011000000000000
0000000000000100000110000000000000000000000000000000000000000010000011000000000000
0000000000000100000110000000000000000000000000000000000000000010000011000000000000
0000000000000100000110000000000000000000000000000000000000000110000011000000000000
0000000000000100000110000000000000000000000000000000000000000010000011000000000000
0000000000000100000110000000000000000000000000000000000000000010000011000000000000
0000000000000100000110000000000000000000000000000000000000000010000011000000000000
0000000000000100000110000000000000000000000000000000000000000010000011000000000000
0000000000000100000110000000000000000000000000000000000000000010000011000000000000
0000000000000100000110000000000000000000000000000000000000000010000011000000000000
0000000000000100000110000000000000000000000000000000000000000010000011000000000000
0000000000000100000110000000000000000000000000000000000000000010000011000000000000
0000000000000100000110000000000000000000000000000000000000000010000011000000000000
0000000000000100000110000000000000000000000000000000000000000010000011000000000000
0000000000000100000110000000000000000000000000000000000000000010000011000000000000
0000000000001100000110000000000000000000000000000000000000000010000011000000000000
0000000000000100000110000000000000000000000000000000000010000010000011000000000000
0000000000000100000110000000000000000000000000000000000000000010000011000000000000
0000000000000100000110000000000000000000000000000000000000000010000011000000000000
0000000000000100000110000000000000000000000000000000000000000010000011000000000000
0000000000000100000110000000000000000000000000000000000000000010000011000000000000
0000000000000100000110000000000000000000000000000000000000000010000011000000000000
0000000000000100000110000000000000000000000000000000000000000010000011000000000000
0000000000000100000110000000000000000000000000000000000000000110000011000000000000
0000000000000100000111111111111111111111111111111111111111111110000011000000000000
0000000000001100000011111111111111111111111111111111111111111110000011000000000000
0000000000000100000000000000000000000000000000000000000000000000000011000000000000
0000000000000100000000000000000000000000000000000000000000000000000011000000000000
0000000000000100000000000000000000000000000000000000000000000000000011000000000000
0000000000000110000000000000000000000000000000000000000000000000000111000000000000
0000000000000111111111111111111111111111111111111111111111111111111111000000000000
0000000000000111111111111111111111111111111111111111111111111111111110000000000000
0000000000000000000000000000000000000000000000000000000000000000000000000000000000
0000000000000000000000000000000000000000000000000000000000000000000000000000000000
0000000000000000000000000000000000000000000000000000000000000000000000000000000000
0000000000000000000000000000000000000000000000000000000000000000000000000000000000
0000000000000000000000000000000000000000000000000000000000000000000000000000000000
0000000000000000000000000000000000000000000000000000000000000000000000000000000000
0000000000000000000000000000000000000000000000000000000000000000000000000000000000
0000000000000000000000000000000000000000000000000000000000000000000000000000000000
0000000000000000000000000000000000000000000000000000000000000000000000000000000000
0000000000000000000000000000000000000000000000000000000000000000000000000000000000
0000000000000000000000000000000000000000000000000000000000000000000000000000000000
0000000000000000000000000000000000000000000000000000000000000000000000000000000000

