0000000000000000000000000000000000000000000000000000000000000000000000000000000000
0000000000000000000000000000000000000000000000000000000000000000000000000000000000
0000000000000000000000000000000000000000000000000000000000000000000000000000000000
0000000000000000000000000000000000000000000000000000000000000000000000000000000000
0000000000000000000000000000000000000000000000000000000000000000000000000000000000
0000000000000000000000000000000001111111111111110000000000000000000000000000000000
0000000000000000000000000000011111111100000011111111000000000000000000000000000000
0000000000000000000000000001111100000000000000000111111000000000000000000000000000
0000000000000000000000000111100000000000000000000000011110000000000000000000000000
0000000000000000000000011100000000000000000000000000000111100000000000000000000000
0000000000000000000001110000000000000000000000000000000001110000000000000000000000
0000000000000000000011000000000000000000000000000000000000011100000000000000000000
0000000000000000001110000000000000000000000000000000000000001110000000000000000000
0000000000000000011100000000000000000000000000000000000000000011000000000000000000
0000000000000000110000000000000000000000000000000000000000000001100000000000000000
0000000000000001100000000000000000000000000000000000000000000000111000000000000000
0000000000000011000000000000000000000000000000000000000000000000011000000000000000
0000000000000110000000000000000000000000000000000000000000000000001100000000000000
0000000000001100000000000000000000000000000000000000000000000000000110000000000000
0000000000011000001111111111111111111111111111111111111111111111000011000000000000
0000000000011000001100000000000000000000000000000000000000000011000001100000000000
0000000000110000001100000000000000000000000000000000000000000011000001100000000000
0000000001100000001100000000000000000000000000000000000000000011000000110000000000
0000000001100000001100000000000000000000000000000000000000000011000000011000000000
0000000011000000001100000000000000000000000000000000000000000011000000011000000000
0000000011000000001100000000000000000000000000000000000000000011000000001100000000
0000000110000000001100000000000000000000000000000000000000000011000000001100000000
0000000110000000001100000000000000000000110000000000000000000011000000000100000000
0000001100000000001100000000000000000001110000000000000000000011000000000110000000
0000001100000000001100000000000000000001111000000000000000000011000000000010000000
0000001000000000001100000000000000000011011000000000000000000011000000000011000000
0000011000000000001100000000000000000011001100000000000000000011000000000011000000
0000011000000000001100000000000000000110001100000000000000000011000000000011000000
0000011000000000001100000000000000000110000110000000000000000011000000000001000000
0000010000000000001100000000000000001100000110000000000000000011000000000001100000
0000010000000000001100000000000000001100000011000000000000000011000000000001100000
0000110000000000001100000000000000011000000011000000000000000011000000000001100000
0000110000000000001100000000000000011000000001100000000000000011000000000001100000
0000110000000000001100000000000000110000000001100000000000000011000000000001100000
0000110000000000001100000000000000110000000000110000000000000011000000000000100000
0000110000000000001100000000000001100000000000110000000000000011000000000000100000
0000110000000000001100000000000001100000000000011000000000000011000000000000100000
0000110000000000001100000000000011000000000000011000000000000011000000000000100000
0000110000000000001100000000000011000000000000001100000000000011000000000000100000
0000110000000000001100000000000110000000000000001100000000000011000000000001100000
0000110000000000001100000000000110000000000000000110000000000011000000000001100000
0000010000000000001100000000001100000000000000000110000000000011000000000001100000
0000010000000000001100000000001100000000000000000011000000000011000000000001100000
0000011000000000001100000000011000000000000000000011000000000011000000000001000000
0000011000000000001100000000011000000000000000000001100000000011000000000001000000
0000011000000000001100000000110000000000000000000001100000000011000000000011000000
0000001000000000001100000000110000000000000000000000110000000011000000000011000000
0000001100000000001100000001100000000000000000000000110000000011000000000010000000
0000001100000000001100000001100000000000000000000000011000000011000000000110000000
0000000100000000001100000011111111111111111111111111111000000011000000000110000000
0000000110000000001100000011111111111111111111111111111000000011000000000100000000
0000000110000000001100000000000000000000000000000000000000000011000000001100000000
0000000011000000001100000000000000000000000000000000000000000011000000001000000000
0000000011000000001100000000000000000000000000000000000000000011000000011000000000
0000000001100000001100000000000000000000000000000000000000000011000000110000000000
0000000000110000001100000000000000000000000000000000000000000011000000110000000000
0000000000110000001000000000000000000000000000000000000000000011000001100000000000
0000000000011000001100000000000000000000000000000000000000000011000011000000000000
0000000000001100001111111111111111111111111111111111111111111110000011000000000000
0000000000000110000000000000000000000000000000000000000000000000000110000000000000
0000000000000111000000000000000000000000000000000000000000000000001100000000000000
0000000000000011100000000000000000000000000000000000000000000000011000000000000000
0000000000000001110000000000000000000000000000000000000000000000110000000000000000
0000000000000000111000000000000000000000000000000000000000000011100000000000000000
0000000000000000001100000000000000000000000000000000000000000111000000000000000000
0000000000000000000111000000000000000000000000000000000000001100000000000000000000
0000000000000000000011100000000000000000000000000000000000111000000000000000000000
0000000000000000000000111000000000000000000000000000000011110000000000000000000000
0000000000000000000000001110000000000000000000000000001111000000000000000000000000
0000000000000000000000000011110000000000000000000001111100000000000000000000000000
0000000000000000000000000000111111000000000000011111100000000000000000000000000000
0000000000000000000000000000000111111111111111111100000000000000000000000000000000
0000000000000000000000000000000000001111111110000000000000000000000000000000000000
0000000000000000000000000000000000000000000000000000000000000000000000000000000000
0000000000000000000000000000000000000000000000000000000000000000000000000000000000
0000000000000000000000000000000000000000000000000000000000000000000000000000000000
0000000000000000000000000000000000000000000000000000000000000000000000000000000000

0000000000000000000000000000000000000000000000000000000000000000000000000000000000
0000000000000000000000000000000000000000000000000000000000000000000000000000000000
0000000000000000000000000000000000000000000000000000000000000000000000000000000000
0000000000000000000000000000000000000000000000000000000000000000000000000000000000
0000000000000000000000000000000000000000000000000000000000000000000000000000000000
0000000000000000000000000000000000000001111000000000000000000000000000000000000000
0000000000000000000000000000000001111111111111111100000000000000000000000000000000
0000000000000000000000000000011111111111111111111111100000000000000000000000000000
0000000000000000000000000001111111111111111111111111111100000000000000000000000000
0000000000000000000000000111111111111111111111111111111111000000000000000000000000
0000000000000000000000011111111111111111111111111111111111100000000000000000000000
0000000000000000000001111111111111111111111111111111111111111000000000000000000000
0000000000000000000011111111111111111111111111111111111111111100000000000000000000
0000000000000000000111111111111111111111111111111111111111111111000000000000000000
0000000000000000011111111111111111111111111111111111111111111111100000000000000000
0000000000000000111111111111111111111111111111111111111111111111110000000000000000
0000000000000001111111111111111111111111111111111111111111111111111000000000000000
0000000000000011111111111111111111111111111111111111111111111111111100000000000000
0000000000000111111111111111111111111111111111111111111111111111111110000000000000
0000000000000111111111111111111111111111111111111111111111111111111110000000000000
0000000000001111111100000000000000000000000000000000000000000011111111000000000000
0000000000011111111100000000000000000000000000000000000000000011111111100000000000
0000000000011111111100000000000000000000000000000000000000000011111111110000000000
0000000000111111111100000000000000000000000000000000000000000011111111110000000000
0000000001111111111100000000000000000000000000000000000000000011111111111000000000
0000000001111111111100000000000000000000000000000000000000000011111111111000000000
0000000001111111111100000000000000000000000000000000000000000011111111111100000000
0000000011111111111100000001111111111111111111111111111100000011111111111100000000
0000000011111111111100000001100000000000000000000000011000000011111111111100000000
0000000111111111111100000000100000000000000000000000011000000011111111111110000000
0000000111111111111100000000110000000000000000000000010000000011111111111110000000
0000000111111111111100000000010000000000000000000000110000000011111111111110000000
0000001111111111111100000000011000000000000000000000100000000011111111111111000000
0000001111111111111100000000001000000000000000000001100000000011111111111111000000
0000001111111111111100000000001100000000000000000001000000000011111111111111000000
0000001111111111111100000000000100000000000000000011000000000011111111111111000000
0000001111111111111100000000000110000000000000000010000000000011111111111111000000
0000001111111111111100000000000010000000000000000110000000000011111111111111100000
0000011111111111111100000000000011000000000000000100000000000011111111111111100000
0000011111111111111100000000000001000000000000001100000000000011111111111111100000
0000011111111111111100000000000001100000000000001000000000000011111111111111100000
0000011111111111111100000000000000100000000000011000000000000011111111111111100000
0000011111111111111100000000000000110000000000010000000000000011111111111111100000
0000011111111111111100000000000000110000000000110000000000000011111111111111100000
0000001111111111111100000000000000011000000000100000000000000011111111111111100000
0000001111111111111100000000000000011000000001100000000000000011111111111111100000
0000001111111111111100000000000000001100000001000000000000000011111111111111000000
0000001111111111111100000000000000001100000011000000000000000011111111111111000000
0000001111111111111100000000000000000110000010000000000000000011111111111111000000
0000001111111111111100000000000000000110000110000000000000000011111111111111000000
0000000111111111111100000000000000000011000100000000000000000011111111111111000000
0000000111111111111100000000000000000011001100000000000000000011111111111110000000
0000000111111111111100000000000000000001101000000000000000000011111111111110000000
0000000011111111111100000000000000000001111000000000000000000011111111111110000000
0000000011111111111100000000000000000000110000000000000000000011111111111100000000
0000000011111111111100000000000000000000010000000000000000000011111111111100000000
0000000001111111111100000000000000000000000000000000000000000011111111111000000000
0000000001111111111100000000000000000000000000000000000000000011111111111000000000
0000000000111111111100000000000000000000000000000000000000000011111111110000000000
0000000000111111111100000000000000000000000000000000000000000011111111110000000000
0000000000011111111100000000000000000000000000000000000000000011111111100000000000
0000000000001111111100000000000000000000000000000000000000000011111111000000000000
0000000000001111111100000000000000000000000000000000000000000011111111000000000000
0000000000000111111111111111111111111111111111111111111111111111111110000000000000
0000000000000011111111111111111111111111111111111111111111111111111100000000000000
0000000000000001111111111111111111111111111111111111111111111111111000000000000000
0000000000000000111111111111111111111111111111111111111111111111110000000000000000
0000000000000000011111111111111111111111111111111111111111111111100000000000000000
0000000000000000001111111111111111111111111111111111111111111111000000000000000000
0000000000000000000111111111111111111111111111111111111111111110000000000000000000
0000000000000000000001111111111111111111111111111111111111111000000000000000000000
0000000000000000000000111111111111111111111111111111111111110000000000000000000000
0000000000000000000000001111111111111111111111111111111111000000000000000000000000
0000000000000000000000000011111111111111111111111111111100000000000000000000000000
0000000000000000000000000000111111111111111111111111110000000000000000000000000000
0000000000000000000000000000000111111111111111111110000000000000000000000000000000
0000000000000000000000000000000000001111111111000000000000000000000000000000000000
0000000000000000000000000000000000000000000000000000000000000000000000000000000000
0000000000000000000000000000000000000000000000000000000000000000000000000000000000
0000000000000000000000000000000000000000000000000000000000000000000000000000000000
0000000000000000000000000000000000000000000000000000000000000000000000000000000000
0000000000000000000000000000000000000000000000000000000000000000000000000000000000

0000000000000000000000000000000000000000000000000000000000000000000000000000000000
0000000000000000000000000000000000000000000000000000000000000000000000000000000000
0000000000000000000000000000000000000000000000000000000000000000000000000000000000
0000000000000000000000000000000000000000000000000000000000000000000000000000000000
0000000000000000000000000000000000000000000000000000000000000000000000000000000000
0000011111111111111111111111111111111111111111111111111111111111111111111111110000
0000010000000000000000000000000000000000000000000000000000000000000000000000110000
0000010000000000000000000000000000000000000000000000000000000000000000000000110000
0000010000000000000000000000000000000000000000000000000000000000000000000000110000
0000010000000000000000000000000000000000000000000000000000000000000000000000110000
0000010000000000000000000000000000000011111110000000000000000000000000000000110000
0000010000000000000000000000000001111111111111111100000000000000000000000000110000
0000010000000000000000000000001111100000000000011111100000000000000000000000110000
0000010000000000000000000001111100000000000000000001111000000000000000000000110000
0000010000000000000000000011100000000000000000000000011110000000000000000000110000
0000010000000000000000001110000000000000000000000000000111000000000000000000110000
0000010000000000000000011000000000000000000000000000000001110000000000000000110000
0000010000000000000001110000000000000000000000000000000000111000000000000000110000
0000010000000000000011100000000000000000000000000000000000001100000000000000110000
0000010000000000000110000000000000000000000000000000000000000110000000000000110000
0000010000000000001100000000000000000000000000000000000000000011000000000000110000
0000010000000000011000000000000000000000000000000000000000000001100000000000110000
0000010000000000011000000000000000000000000000000000000000000000110000000000110000
0000010000000000110000000000000000000000000000000000000000000000110000000000110000
0000010000000001100000000000000000000000000000000000000000000000011000000000110000
0000010000000001000000000100000000000000000000000000000010000000001100000000110000
0000010000000011000000001110000000000000000000000000000111000000001100000000110000
0000010000000110000000011011000000000000000000000000001101100000000110000000110000
0000010000000110000000110001100000000000000000000000011000110000000010000000110000
0000010000001100000000100000110000000000000000000000110000010000000011000000110000
0000010000001100000001100000011000000000000000000001100000011000000011000000110000
0000010000001000000011000000001100000000000000000011000000001100000001000000110000
0000010000011000000011000000000110000000000000000110000000001100000001100000110000
0000010000011000000010000000000011000000000000001100000000000100000001100000110000
0000010000011000000110000000000001100000000000011000000000000110000000100000110000
0000010000010000000110000000000000110000000000110000000000000110000000110000110000
0000010000010000000100000000000000011000000001100000000000000010000000110000110000
0000010000110000000100000000000000001100000011000000000000000010000000110000110000
0000010000110000001100000000000000000110000110000000000000000011000000110000110000
0000010000110000001100000000000000000011001100000000000000000011000000110000110000
0000010000110000001100000000000000000001111000000000000000000011000000110000110000
0000010000110000001100000000000000000000110000000000000000000011000000110000110000
0000010000110000001100000000000000000000000000000000000000000011000000110000110000
0000010000110000001100000000000000000000000000000000000000000011000000110000110000
0000010000110000000100000000000000000000000000000000000000000011000000110000110000
0000010000110000000100000000000000000000000000000000000000000010000000110000110000
0000010000010000000100000000000000000000000000000000000000000010000000110000110000
0000010000010000000110000000000000000000000000000000000000000110000000100000110000
0000010000011000000110000000000000000000000000000000000000000110000000100000110000
0000010000011000000010000000000000000000000000000000000000000100000001100000110000
0000010000001000000011000000000000000000000000000000000000001100000001100000110000
0000010000001100000001000000000000000000000000000000000000001000000001000000110000
0000010000001100000001100000000000000000000000000000000000011000000011000000110000
0000010000000100000000110000000000000000000000000000000000110000000011000000110000
0000010000000110000000010000000000000000000000000000000000100000000110000000110000
0000010000000010000000011000000000000000000000000000000001100000000110000000110000
0000010000000011000000001100000000000000000000000000000011000000001100000000110000
0000010000000001100000000110000000000000000000000000000110000000001100000000110000
0000010000000001100000000011100000000000000000000000011100000000011000000000110000
0000010000000000110000000001110000000000000000000000111000000000110000000000110000
0000010000000000011000000000011100000000000000000011100000000001100000000000110000
0000010000000000001100000000000111100000000000011110000000000011100000000000110000
0000010000000000000110000000000001111111111111111000000000000011000000000000110000
0000010000000000000111000000000000001111111111000000000000001110000000000000110000
0000010000000000000001100000000000000000000000000000000000011100000000000000110000
0000010000000000000000110000000000000000000000000000000000111000000000000000110000
0000010000000000000000011100000000000000000000000000000011100000000000000000110000
0000010000000000000000001111000000000000000000000000000111000000000000000000110000
0000010000000000000000000011110000000000000000000000111100000000000000000000110000
0000010000000000000000000000111110000000000000000011110000000000000000000000110000
0000010000000000000000000000001111111000000001111111000000000000000000000000110000
0000010000000000000000000000000000111111111111111000000000000000000000000000110000
0000010000000000000000000000000000000000000000000000000000000000000000000000110000
0000010000000000000000000000000000000000000000000000000000000000000000000000110000
0000010000000000000000000000000000000000000000000000000000000000000000000000110000
0000010000000000000000000000000000000000000000000000000000000000000000000000110000
0000011111111111111111111111111111111111111111111111111111111111111111111111110000
0000011111111111111111111111111111111111111111111111111111111111111111111111100000
0000000000000000000000000000000000000000000000000000000000000000000000000000000000
0000000000000000000000000000000000000000000000000000000000000000000000000000000000
0000000000000000000000000000000000000000000000000000000000000000000000000000000000
0000000000000000000000000000000000000000000000000000000000000000000000000000000000

0000000000000000000000000000000000000000000000000000000000000000000000000000000000
0000000000000000000000000000000000000000000000000000000000000000000000000000000000
0000000000000000000000000000000000000000000000000000000000000000000000000000000000
0000000000000000000000000000000000000000000000000000000000000000000000000000000000
0000000000000000000000000000000000000000000000000000000000000000000000000000000000
0000000000000000000000000000000000000000000000000000000000000000000000000000000000
0000000000000000000000000000000000000000000000000000000000000000000000000000000000
0000000000000000000000000000000000000000000000000000000000000000000000000000000000
0000000000000000000000000000000000000000000000000000000000000000000000000000000000
0000000000000000000000000000000000000000000000000000000000000000000000000000000000
0000000000000000000000000000000000000000000000000000000000000000000000000000000000
0000000000000000000000000000000000000110110000000000000000000000000000000000000000
0000000000000000000000000000000000001000000001000000000000000000000000000000000000
0000000000000000000000000000010000000000000000011000000000000000000000000000000000
0000000000000000000000000000000000000100010000000001000000000000000000000000000000
0000000000000000000000000011100000010000000000010000000000000000000000000000000000
0000000000000000000000000000000110001000000000000000110001000000000000000000000000
0000000000000000000000000000000000000000000000001000000000000000000000000000000000
0000000000000000000000000100001010000100100000000001100000000000000000000000000000
0000000000000000000001100001000000000000010000011001000000000000000000000000000000
0000000000000000000100000011000000000110001100001001000000001000000000000000000000
0000000000000000000010010100000000100000100000000000001001000000000000000000000000
0000000000000000000000001100101000001011000000000000000100100000000000000000000000
0000000000000000001000000010000100000000010100101000000000100000000000000000000000
0000000000000000000000010000000000000000000100000000001000000000000000000000000000
0000000000000000010000000000000000000000000100000000000000000000000000000000000000
0000000000000000000001000001000000001000000001000000000000010000000000000000000000
0000000000000000000000010000000000000000000000000000000000010000000000000000000000
0000000000000000000000000000000000000000000000100101010000001000000000000000000000
0000000000000000000000100000100000000000000100001000000000100000000000000000000000
0000000000000100101100000100000000001001001000000100001000000000000000000000000000
0000000000000000010000000100010010000000000000000010000001000010000000000000000000
0000000000000000000000010000001010000000000000000100000000000000000000000000000000
0000000000000010000000000100000000000100000010010001100000000000000000000000000000
0000000000000011000010001010000000000000000000000000010001101000000000000000000000
0000000000000000000000100000000100100000100001000000000000000100000000100000000000
0000000000000100000000100000100101000000001000000000000000010000000100000000000000
0000000000000000000001000101000101000010010000000010000100100010000000000000000000
0000000000001000000100100000001000000100000000000100000000000010000010000000000000
0000000000000010000010000001001001100000101000000000010000010100000000000000000000
0000000000000001000000001000000000000000010011010000000000000000000010000000000000
0000000000000000010000100010000000000000000000000000000000001000000001100000000000
0000000000000000000001000000100000010000000010000000000010000000101001100000000000
0000000000010000000000000000000000000000000000000001000000000000000000000000000000
0000000000000000000010010000000000000000000001000100100000000000000000000000000000
0000000000001000011000000000001000101000000101000000000000000010000000000000000000
0000000000000000000000110000000100000000100100000110001000000001000001000000000000
0000000000000000000000000000000000000000001000100000100000000000000000000000000000
0000000000000100000000010000010000110000000000000000000000000000001001000000000000
0000000000000110000100000100100001011000000010010000000000001000000001000000000000
0000000000000000010000000000010000000010000000000000100000010000000000000000000000
0000000000000011101000010000000000000000000000000010000100000000000000000000000000
0000000000000000000000000010000000001000010100000100001000000001110010000000000000
0000000000000000000011010000000010000100000000100000100000001010000000000000000000
0000000000000000000010000000001100000000000000000001000000010000000000000000000000
0000000000000000000000000100001000001010000000100100000000000001000000000000000000
0000000000000000000100000000000000001000000100010000000000000000001000000000000000
0000000000000000000001000000000001000000000000000000101000000010000000000000000000
0000000000000000001010010000000000001000000000000000000010000000000000000000000000
0000000000000000000101001101000001000000000010000000000000010100000000000000000000
0000000000000000001000000001000000000010000010000000010100000010000000000000000000
0000000000000000000000000001000100000100000010000001000010000100000000000000000000
0000000000000000000000000000000000010000001000010000000000000000000000000000000000
0000000000000000000000000000010000000000100000000010000000000000000000000000000000
0000000000000000000000000000000000000000000100000000000000000000000000000000000000
0000000000000000000000001100010000000000011000001101000000000000000000000000000000
0000000000000000000000000000000100001000000000010000000000000000000000000000000000
0000000000000000000000000000000010000000000010000000000000000000000000000000000000
0000000000000000000000000000000000010000000001000000000000000000000000000000000000
0000000000000000000000000000000010100001000001000000000000000000000000000000000000
0000000000000000000000000000000000001000000000000000000000000000000000000000000000
0000000000000000000000000000000000000000000000000000000000000000000000000000000000
0000000000000000000000000000000000000000000000000000000000000000000000000000000000
0000000000000000000000000000000000000000000000000000000000000000000000000000000000
0000000000000000000000000000000000000000000000000000000000000000000000000000000000
0000000000000000000000000000000000000000000000000000000000000000000000000000000000
0000000000000000000000000000000000000000000000000000000000000000000000000000000000
0000000000000000000000000000000000000000000000000000000000000000000000000000000000
0000000000000000000000000000000000000000000000000000000000000000000000000000000000
0000000000000000000000000000000000000000000000000000000000000000000000000000000000
0000000000000000000000000000000000000000000000000000000000000000000000000000000000
0000000000000000000000000000000000000000000000000000000000000000000000000000000000

