0000000000000000000000000000000000000000000000000000000000000000000000000000000000
0000000000000000000000000000000000000000000000000000000000000000000000000000000000
0000000000000000000000000000000000000000000000000000000000000000000000000000000000
0000000000000000000000000000000000000000000000000000000000000000000000000000000000
0000000000000000000000000000000000000000000000000000000000000000000000000000000000
0000000000000000000000000000000000000000000000000000000000000000000000000000000000
0000000000000000000000000000000000000000000000000000000000000000000000000000000000
0000000000000000000000000000000000000000000000000000000000000000000000000000000000
0000000111111111111111111111111111111111111111111111111111111111111111111100000000
0000000110000000000000000000000000000000000000000000000000000000000000000110000000
0000000110000000000000000000000000000000000000000000000000000000000000000110000000
0000000110000000000000000000000000000000000000000000000000000000000000000110000000
0000000110000000000000000000000000000000000000000000000000000000000000000110000000
0000000110000000000000000000000000000000000000000000000000000000000000000110000000
0000000110000000000000000000000000000000000000000000000000000000000000000110000000
0000000110000000000000000000000000000000000000000000000000000000000000000110000000
0000000110000000000000000000000000000000000000000000000000000000000000000110000000
0000000110000000000000000000000000000000000000000000000000000000000000000110000000
0000000110000000000000000000000000000000000000000000000000000000000000000110000000
0000000110000000000000000000000000000000000000000000000000000000000000000110000000
0000000110000000000000000000000000000000000000000000000000000000000000000110000000
0000000110000000000000000000000000000000000000000000000000000000000000000110000000
0000000110000000000000000000000000000000000000000000000000000000000000000110000000
0000000110000000000000000000000000000000000000000000000000000000000000000110000000
0000000110000000000000000000000000000000000000000000000000000000000000000110000000
0000000110000000000000000000000000000000000000000000000000000000000000000110000000
0000000110000000000000000000000000000000000000000000000000000000000000000110000000
0000000110000000000000000000000000000000000000000000000000000000000000000110000000
0000000110000000000000000000000000000000000000000000000000000000000000000110000000
0000000110000000000000000000000000000000000000000000000000000000000000000110000000
0000000110000000000000000000000000000000000000000000000000000000000000000110000000
0000000110000000000000000000000000000000000000000000000000000000000000000110000000
0000000110000000000000000000000000000000000000000000000000000000000000000110000000
0000000110000000000000000000000000000000000000000000000000000000000000000110000000
0000000110000000000000000000000000000000000000000000000000000000000000000110000000
0000000110000000000000000000000000000000000000000000000000000000000000000110000000
0000000110000000000000000000000000000000000000000000000000000000000000000110000000
0000000110000000000000000000000000000000000000000000000000000000000000000110000000
0000000110000000000000000000000000000000000000000000000000000000000000000110000000
0000000110000000000000000000000000000000000000000000000000000000000000000110000000
0000000110000000000000000000000000000000000000000000000000000000000000000110000000
0000000110000000000000000000000000000000000000000000000000000000000000000110000000
0000000110000000000000000000000000000000000000000000000000000000000000000110000000
0000000110000000000000000000000000000000000000000000000000000000000000000110000000
0000000110000000000000000000000000000000000000000000000000000000000000000110000000
0000000110000000000000000000000000000000000000000000000000000000000000000110000000
0000000110000000000000000000000000000000000000000000000000000000000000000110000000
0000000110000000000000000000000000000000000000000000000000000000000000000110000000
0000000110000000000000000000000000000000000000000000000000000000000000000110000000
0000000110000000000000000000000000000000000000000000000000000000000000000110000000
0000000110000000000000000000000000000000000000000000000000000000000000000110000000
0000000110000000000000000000000000000000000000000000000000000000000000000110000000
0000000110000000000000000000000000000000000000000000000000000000000000000110000000
0000000110000000000000000000000000000000000000000000000000000000000000000110000000
0000000110000000000000000000000000000000000000000000000000000000000000000110000000
0000000110000000000000000000000000000000000000000000000000000000000000000110000000
0000000110000000000000000000000000000000000000000000000000000000000000000110000000
0000000110000000000000000000000000000000000000000000000000000000000000000110000000
0000000110000000000000000000000000000000000000000000000000000000000000000110000000
0000000110000000000000000000000000000000000000000000000000000000000000000110000000
0000000110000000000000000000000000000000000000000000000000000000000000000110000000
0000000110000000000000000000000000000000000000000000000000000000000000000110000000
0000000110000000000000000000000000000000000000000000000000000000000000000110000000
0000000110000000000000000000000000000000000000000000000000000000000000000110000000
0000000110000000000000000000000000000000000000000000000000000000000000000110000000
0000000110000000000000000000000000000000000000000000000000000000000000000110000000
0000000110000000000000000000000000000000000000000000000000000000000000000110000000
0000000110000000000000000000000000000000000000000000000000000000000000000110000000
0000000110000000000000000000000000000000000000000000000000000000000000000110000000
0000000110000000000000000000000000000000000000000000000000000000000000000110000000
0000000110000000000000000000000000000000000000000000000000000000000000000110000000
0000000110000000000000000000000000000000000000000000000000000000000000000110000000
0000000110000000000000000000000000000000000000000000000000000000000000000100000000
0000000111111111111111111111111111111111111111111111111111111111111111111110000000
0000000111111111111111111111111111111111111111111111111111111111111111111100000000
0000000000000000000000000000000000000000000000000000000000000000000000000000000000
0000000000000000000000000000000000000000000000000000000000000000000000000000000000
0000000000000000000000000000000000000000000000000000000000000000000000000000000000
0000000000000000000000000000000000000000000000000000000000000000000000000000000000
0000000000000000000000000000000000000000000000000000000000000000000000000000000000
0000000000000000000000000000000000000000000000000000000000000000000000000000000000
0000000000000000000000000000000000000000000000000000000000000000000000000000000000

0000000000000000000000000000000000000000000000000000000000000000000000000000000000
0000000000000000000000000000000000000000000000000000000000000000000000000000000000
0000000000000000000000000000000000000000000000000000000000000000000000000000000000
0000000000000000000000000000000000000000000000000000000000000000000000000000000000
0000000000000000000000000000000000000000000000000000000000000000000000000000000000
0000000000000000000000000000000000000000000000000000000000000000000000000000000000
0000000000000000000000000000000000000000000000000000000000000000000000000000000000
0000000000000000000000000000000000000000000000000000000000000000000000000000000000
0000000111111111111111111111111111111111111111111111111111111111111111111110000000
0000000111111111111111111111111111111111100000000000000000000000000000000110000000
0000000111111111111111111111111111111111100000000000000000000000000000000110000000
0000000111111111111111111111111111111111100000000000000000000000000000000110000000
0000000111111111111111111111111111111111100000000000000000000000000000000110000000
0000000111111111111111111111111111111111100000000000000000000000000000000110000000
0000000111111111111111111111111111111111100000000000000000000000000000000110000000
0000000111111111111111111111111111111111100000000000000000000000000000000110000000
0000000111111111111111111111111111111111100000000000000000000000000000000110000000
0000000111111111111111111111111111111111100000000000000000000000000000000110000000
0000000111111111111111111111111111111111100000000000000000000000000000000110000000
0000000111111111111111111111111111111111100000000000000000000000000000000110000000
0000000111111111111111111111111111111111100000000000000000000000000000000110000000
0000000111111111111111111111111111111111100000000000000000000000000000000110000000
0000000111111111111111111111111111111111100000000000000000000000000000000110000000
0000000111111111111111111111111111111111100000000000000000000000000000000110000000
0000000111111111111111111111111111111111100000000000000000000000000000000110000000
0000000111111111111111111111111111111111100000000000000000000000000000000110000000
0000000111111111111111111111111111111111100000000000000000000000000000000110000000
0000000111111111111111111111111111111111100000000000000000000000000000000110000000
0000000111111111111111111111111111111111100000000000000000000000000000000110000000
0000000111111111111111111111111111111111100000000000000000000000000000000110000000
0000000111111111111111111111111111111111100000000000000000000000000000000110000000
0000000111111111111111111111111111111111100000000000000000000000000000000110000000
0000000111111111111111111111111111111111100000000000000000000000000000000110000000
0000000111111111111111111111111111111111100000000000000000000000000000000110000000
0000000111111111111111111111111111111111100000000000000000000000000000000110000000
0000000111111111111111111111111111111111100000000000000000000000000000000110000000
0000000111111111111111111111111111111111100000000000000000000000000000000110000000
0000000111111111111111111111111111111111100000000000000000000000000000000110000000
0000000111111111111111111111111111111111100000000000000000000000000000000110000000
0000000111111111111111111111111111111111100000000000000000000000000000000110000000
0000000111111111111111111111111111111111100000000000000000000000000000000110000000
0000000111111111111111111111111111111111100000000000000000000000000000000110000000
0000000111111111111111111111111111111111100000000000000000000000000000000110000000
0000000111111111111111111111111111111111100000000000000000000000000000000110000000
0000000111111111111111111111111111111111100000000000000000000000000000000110000000
0000000111111111111111111111111111111111100000000000000000000000000000000110000000
0000000111111111111111111111111111111111100000000000000000000000000000000110000000
0000000111111111111111111111111111111111100000000000000000000000000000000110000000
0000000111111111111111111111111111111111100000000000000000000000000000000110000000
0000000111111111111111111111111111111111100000000000000000000000000000000110000000
0000000111111111111111111111111111111111100000000000000000000000000000000110000000
0000000111111111111111111111111111111111100000000000000000000000000000000110000000
0000000111111111111111111111111111111111100000000000000000000000000000000110000000
0000000111111111111111111111111111111111100000000000000000000000000000000110000000
0000000111111111111111111111111111111111100000000000000000000000000000000110000000
0000000111111111111111111111111111111111100000000000000000000000000000000110000000
0000000111111111111111111111111111111111100000000000000000000000000000000110000000
0000000111111111111111111111111111111111100000000000000000000000000000000110000000
0000000111111111111111111111111111111111100000000000000000000000000000000110000000
0000000111111111111111111111111111111111100000000000000000000000000000000110000000
0000000111111111111111111111111111111111100000000000000000000000000000000110000000
0000000111111111111111111111111111111111100000000000000000000000000000000110000000
0000000111111111111111111111111111111111100000000000000000000000000000000110000000
0000000111111111111111111111111111111111100000000000000000000000000000000110000000
0000000111111111111111111111111111111111100000000000000000000000000000000110000000
0000000111111111111111111111111111111111100000000000000000000000000000000110000000
0000000111111111111111111111111111111111100000000000000000000000000000000110000000
0000000111111111111111111111111111111111100000000000000000000000000000000110000000
0000000111111111111111111111111111111111100000000000000000000000000000000110000000
0000000111111111111111111111111111111111100000000000000000000000000000000110000000
0000000111111111111111111111111111111111100000000000000000000000000000000110000000
0000000111111111111111111111111111111111100000000000000000000000000000000110000000
0000000111111111111111111111111111111111100000000000000000000000000000000110000000
0000000111111111111111111111111111111111111111111111111111111111111111111110000000
0000000111111111111111111111111111111111111111111111111111111111111111111110000000
0000000000000000000000000000000000000000000000000000000000000000000000000000000000
0000000000000000000000000000000000000000000000000000000000000000000000000000000000
0000000000000000000000000000000000000000000000000000000000000000000000000000000000
0000000000000000000000000000000000000000000000000000000000000000000000000000000000
0000000000000000000000000000000000000000000000000000000000000000000000000000000000
0000000000000000000000000000000000000000000000000000000000000000000000000000000000
0000000000000000000000000000000000000000000000000000000000000000000000000000000000

0000000000000000000000000000000000000000000000000000000000000000000000000000000000
0000000000000000000000000000000000000000000000000000000000000000000000000000000000
0000000000000000000000000000000000000000000000000000000000000000000000000000000000
0000000000000000000000000000000000000000000000000000000000000000000000000000000000
0000000000000000000000000000000000000000000000000000000000000000000000000000000000
0000000000000000000000000000000000000000000000000000000000000000000000000000000000
0000000000000000000000000000000000000000000000000000000000000000000000000000000000
0000000000000000000000000000000000000000000000000000000000000000000000000000000000
0000000111111111111111111111111111111111111111111111111111111111111111111110000000
0000000111111111111111111111111111111111111111111111111111111111111111111110000000
0000000111111111111111111111111111111111111111111111111111111111111111111110000000
0000000111111111111111111111111111111111111111111111111111111111111111111110000000
0000000111111111111111111111111111111111111111111111111111111111111111111110000000
0000000111111111111111111111111111111111111111111111111111111111111111111110000000
0000000111111111111111111111111111111111111111111111111111111111111111111110000000
0000000111111111111111111111111111111111111111111111111111111111111111111110000000
0000000111111111111111111111111111111111111111111111111111111111111111111110000000
0000000111111111111111111111111111111111111111111111111111111111111111111110000000
0000000111111111111111111111111111111111111111111111111111111111111111111110000000
0000000111111111111111111111111111111111111111111111111111111111111111111110000000
0000000111111111111111111111111111111111111111111111111111111111111111111110000000
0000000111111111111111111111111111111111111111111111111111111111111111111110000000
0000000111111111111111111111111111111111111111111111111111111111111111111110000000
0000000111111111111111111111111111111111111111111111111111111111111111111110000000
0000000111111111111111111111111111111111111111111111111111111111111111111110000000
0000000111111111111111111111111111111111111111111111111111111111111111111110000000
0000000111111111111111111111111111111111111111111111111111111111111111111110000000
0000000111111111111111111111111111111111111111111111111111111111111111111110000000
0000000111111111111111111111111111111111111111111111111111111111111111111110000000
0000000111111111111111111111111111111111111111111111111111111111111111111110000000
0000000111111111111111111111111111111111111111111111111111111111111111111110000000
0000000111111111111111111111111111111111111111111111111111111111111111111110000000
0000000111111111111111111111111111111111111111111111111111111111111111111110000000
0000000111111111111111111111111111111111111111111111111111111111111111111110000000
0000000111111111111111111111111111111111111111111111111111111111111111111110000000
0000000111111111111111111111111111111111111111111111111111111111111111111110000000
0000000111111111111111111111111111111111111111111111111111111111111111111110000000
0000000111111111111111111111111111111111111111111111111111111111111111111110000000
0000000111111111111111111111111111111111111111111111111111111111111111111110000000
0000000111111111111111111111111111111111111111111111111111111111111111111110000000
0000000111111111111111111111111111111111111111111111111111111111111111111110000000
0000000110000000000000000000000000000000000000000000000000000000000000000110000000
0000000110000000000000000000000000000000000000000000000000000000000000000110000000
0000000110000000000000000000000000000000000000000000000000000000000000000110000000
0000000110000000000000000000000000000000000000000000000000000000000000000110000000
0000000110000000000000000000000000000000000000000000000000000000000000000110000000
0000000110000000000000000000000000000000000000000000000000000000000000000110000000
0000000110000000000000000000000000000000000000000000000000000000000000000110000000
0000000110000000000000000000000000000000000000000000000000000000000000000110000000
0000000110000000000000000000000000000000000000000000000000000000000000000110000000
0000000110000000000000000000000000000000000000000000000000000000000000000110000000
0000000110000000000000000000000000000000000000000000000000000000000000000110000000
0000000110000000000000000000000000000000000000000000000000000000000000000110000000
0000000110000000000000000000000000000000000000000000000000000000000000000110000000
0000000110000000000000000000000000000000000000000000000000000000000000000110000000
0000000110000000000000000000000000000000000000000000000000000000000000000110000000
0000000110000000000000000000000000000000000000000000000000000000000000000110000000
0000000110000000000000000000000000000000000000000000000000000000000000000110000000
0000000110000000000000000000000000000000000000000000000000000000000000000110000000
0000000110000000000000000000000000000000000000000000000000000000000000000110000000
0000000110000000000000000000000000000000000000000000000000000000000000000110000000
0000000110000000000000000000000000000000000000000000000000000000000000000110000000
0000000110000000000000000000000000000000000000000000000000000000000000000110000000
0000000110000000000000000000000000000000000000000000000000000000000000000110000000
0000000110000000000000000000000000000000000000000000000000000000000000000110000000
0000000110000000000000000000000000000000000000000000000000000000000000000110000000
0000000110000000000000000000000000000000000000000000000000000000000000000110000000
0000000110000000000000000000000000000000000000000000000000000000000000000110000000
0000000110000000000000000000000000000000000000000000000000000000000000000110000000
0000000110000000000000000000000000000000000000000000000000000000000000000110000000
0000000110000000000000000000000000000000000000000000000000000000000000000110000000
0000000110000000000000000000000000000000000000000000000000000000000000000110000000
0000000110000000000000000000000000000000000000000000000000000000000000000110000000
0000000111111111111111111111111111111111111111111111111111111111111111111110000000
0000000111111111111111111111111111111111111111111111111111111111111111111110000000
0000000000000000000000000000000000000000000000000000000000000000000000000000000000
0000000000000000000000000000000000000000000000000000000000000000000000000000000000
0000000000000000000000000000000000000000000000000000000000000000000000000000000000
0000000000000000000000000000000000000000000000000000000000000000000000000000000000
0000000000000000000000000000000000000000000000000000000000000000000000000000000000
0000000000000000000000000000000000000000000000000000000000000000000000000000000000
0000000000000000000000000000000000000000000000000000000000000000000000000000000000

0000000000000000000000000000000000000000000000000000000000000000000000000000000000
0000000000000000000000000000000000000000000000000000000000000000000000000000000000
0000000000000000000000000000000000000000000000000000000000000000000000000000000000
0000000000000000000000000000000000000000000000000000000000000000000000000000000000
0000000000000000000000000000000000000000000000000000000000000000000000000000000000
0000110000000000000000000000000000000000000000000000000000000000000000000000000000
0000010000000000000000000000000000000000000000000000000000000000000000000000000000
0000001010000000000000000000000000000000000000000000000000000000000000000000000000
0000100111111111111111111111111111111111111111111111111111111111111111111110000000
0000100111111111111111111111111111111111100000000000000000000000000000000110000000
0000000111111111111111111111111111111111100000000000000000100000000000000110000000
0000100111111111111111111111111111111111100000000000000000000001000000000110000000
0000000111111111111111111111111111111111100000000000000000000000010000000110000000
0000100111111111111111111111111111111111100000000000000000000000110000000110000000
0000100111111111111111111111111111111111100000000000000000000000000000000110000000
0000100111111111111111111111111111111111100000000000000000000000000000000110000000
0000000111111111111111111111111111111111100000000010000000000000000000000110000000
0000000111111111111111111111111111111111100000000010000000000000000000000110000000
0000000111111111111111111111111111111111100000000000000000000000000000000110100000
0000000111111111111111111111111111111111100000000000000000000000000000000110010000
0000100111111111111111111111111111111111100000000010000000000000000000000110100000
0000000111111111111111111111111111111111100000000000000000000000000000000111000000
0000100111111111111111111111111111111111100000000000000000000000000000100110000000
0000000111111111111111111111111111111111100000000000000000000000000001000110000000
0000000111111111111111111111111111111111100000000000000000000000000100000110000000
0000000111111111111111111111111111111111100000000000000000000000101000000110000000
0000000111111111111111111111111111111111100000000000000000000000000000000110000000
0000000111111111111111111111111111111111100000000000000000000011000000000110000000
0000000111111111111111111111111111111111100000000000000000000000000000000110000000
0000000111111111111111111111111111111111100000000000000010010000000000000110000000
0000000111111111111111111111111111111111100000000010000000000000000000000110000000
0000001111111111111111111111111111111111100000000000100000000000000000000110000000
0000000111111111111111111111111111111111100000000001100000000000000000000110000000
0000110111111111111111111111111111111111100000000010000000000000000000000110000000
0000000111111111111111111111111111111111100000000000000000000000000000000110000000
0000000111111111111111111111111111111111100000000000000000000000000000000110000000
0000000111111111111111111111111111111111100000000000000000000000000000000110000000
0000000111111111111111111111111111111111100000000000000000000000000000000110000000
0000000111111111111111111111111111111111100000000000000000000000000000000110000000
0000000111111111111111111111111111111111100000000000000000000000000000000110000000
0000000111111111111111111111111111111111100000000000000000000000000000000110000000
0000000111111111111111111111111111111111100000000000000000000000000000000110000000
0000000111111111111111111111111111111111100000000000000000000000000000000110000000
0000000111111111111111111111111111111111100000000000000000000000000000000110000000
0000000111111111111111111111111111111111100000000000000000000000000000000110000000
0000000111111111111111111111111111111111100000000000000000000000000000000110000000
0000000111111111111111111111111111111111100000000000000000000000000000000110000000
0000000111111111111111111111111111111111100000000000000000000000000000000110000000
0000000111111111111111111111111111111111100000000000000000100000000000000110000000
0000000111111111111111111111111111111111100000000000000000000000000000000110000000
0000000111111111111111111111111111111111100000000000000000000000000000000110000000
0000000111111111111111111111111111111111100000000000000000000000000000000110000000
0000000111111111111111111111111111111111100000000000000000000000000000000110000000
0000000111111111111111111111111111111111100000000000000000000000000000000110000000
0000000111111111111111111111111111111111100000000000000000000000000000000110000000
0000000111111111111111111111111111111111100000000000000000000000000000000110000000
0000000111111111111111111111111111111111100000000000000000000000000000000110000000
0000000111111111111111111111111111111111100001000000000000000000000000000110000000
0000000111111111111111111111111111111111100000000000000000000000000000000110000000
0000000111111111111111111111111111111111100000000000000000000000000000000110000000
0000000111111111111111111111111111111111100000000000000000000000000000000110000000
0000000111111111111111111111111111111111100000000000000000000000000000000110000000
0000000111111111111111111111111111111111100000000000000000000000000000000110000000
0000000111111111111111111111111111111111100000000000000000000000000000000110000000
0000000111111111111111111111111111111111100000000000000000000000000000000110000000
0000000111111111111111111111111111111111100000000000000000000000000000000110000000
0000000111111111111111111111111111111111100000000000000000000000000000000110000000
0000000111111111111111111111111111111111100000000000000000000000000000000110000000
0000000111111111111111111111111111111111100000000000000000000000000000000110000000
0000000111111111111111111111111111111111100000000000000000000000000000000110000000
0000000111111111111111111111111111111111100000000000000000000000000000000110000000
0000000111111111111111111111111111111111100000000000000000000000000000000110000000
0000000111111111111111111111111111111111100000000000000000000000000000000110000000
0000000111111111111111111111111111111111111111111111111111111111111111111110000000
0000000111111111111111111111111111111111111111111111111111111111111111111110000000
0000000000000000000000000000000000000000000000000000000000000000000000000000000000
0000000000000000000000000000000000000000000000000000000000000000000000000000000000
0000000000000000000000000000000000000000000000000000000000000000000000000000000000
0000000000000000000000000000000000000000000000000000000000000000000000000000000000
0000000000000000000000000000000000000000000000000000000000000000000000000000000000
0000000000000000000000000000000000000000000000000000000000000000000000000000000000
0000000000000000000000000000000000000000000000000000000000000000000000000000000000

