0000000000000000000000000000000000000000000000000000000000000000000000000000000000
0000000000000000000000000000000000000000000000000000000000000000000000000000000000
0000000000000000000000000000000000000000000000000000000000000000000000000000000000
0000000000000000000000000000000000000000000000000000000000000000000000000000000000
0000000000000000000000000000000000000000000000000000000000000000000000000000000000
0000000000000000001000000000000000000000000000000000000000000000100000000000000000
0000000000000000011100000000000000000000000000000000000000000001110000000000000000
0000000000000000011100000000000000000000000000000000000000000001110000000000000000
0000000000000000110110000000000000000000000000000000000000000011011000000000000000
0000000000000000100110000000000000000000000000000000000000000010011000000000000000
0000000000000001100011000000000000000000000000000000000000000110001100000000000000
0000000000000001000011000000000000000000000000000000000000000100001100000000000000
0000000000000011000001100000000000000000000000000000000000001100000110000000000000
0000000000000010000001100000000000000000000000000000000000001000000110000000000000
0000000000000110000000110000000000000000000000000000000000011000000011000000000000
0000000000000100000000110000000000000000000000000000000000010000000011000000000000
0000000000001100000000011000000000000000000000000000000000110000000001100000000000
0000000000001100000000011000000000000000000000000000000000100000000001100000000000
0000000000011000000000001100000000000000000000000000000001100000000000110000000000
0000000000011000000000001100000000000000000000000000000001000000000000110000000000
0000000000110000000000000110000000000000000000000000000011000000000000011000000000
0000000000110000000000000110000000000000000000000000000010000000000000011000000000
0000000001100000000000000011000000000000000000000000000110000000000000001100000000
0000000001100000000000000011000000000000000000000000000100000000000000001100000000
0000000011000000000000000001100000000000000000000000001100000000000000000110000000
0000000011000000000000000001100000000000000000000000001000000000000000000110000000
0000000110000000000000000000110000000000000000000000011000000000000000000011000000
0000000110000000000000000000110000000000000000000000010000000000000000000011000000
0000001100000000000000000000011000000000000000000000110000000000000000000001100000
0000001100000000000000000000011000000000000000000000100000000000000000000001100000
0000011000000000000000000000001100000000000000000001100000000000000000000000110000
0000010000000000000000000000001100000000000000000001000000000000000000000000110000
0000111011111111111111111111101110000000000000000011111111111111111111111110111000
0000111111111111111111111111111110000000000000000011111111111111111111111111111000
0000000000000000000000000000000000000000000000000000000000000000000000000000000000
0000000000000000000000000000000000000000000000000000000000000000000000000000000000
0000000000000000000000000000000000000000000000000000000000000000000000000000000000
0000000000000000000000000000000000000000000000000000000000000000000000000000000000
0000000000000000000000000000000000000000000000000000000000000000000000000000000000
0000000000000000000000000000000000000000000000000000000000000000000000000000000000
0000000000000000000000000000000000000000000000000000000000000000000000000000000000
0000000000000000000000000000000000000000000000000000000000000000000000000000000000
0000000000000000000000000000000000000000000000000000000000000000000000000000000000
0000000000000000000000000000000000000000000000000000000000000000000000000000000000
0000000000000000000000000000000000000000000000000000000000000000000000000000000000
0000000000000000000000000000000000000000000000000000000000000000000000000000000000
0000000000000000000000000000000000000000000000000000000000000000000000000000000000
0000000000000000000000000000000000000000000000000000000000000000000000000000000000
0000000000000000000000000000000000000000000000000000000000000000000000000000000000
0000000000000000000000000000000000000000000000000000000000000000000000000000000000
0000000000000000000000000000000000000000000000000000000000000000000000000000000000
0000000000000000000000000000000000000000000000000000000000000000000000000000000000
0000000000000000000000000000000000000000000000000000000000000000000000000000000000
0000000000000000000000000000000000000000000000000000000000000000000000000000000000
0000000000000000000000000000000000000000000000000000000000000000000000000000000000
0000000000000000000000000000000000000000000000000000000000000000000000000000000000
0000000000000000000000000000000000000000000000000000000000000000000000000000000000
0000000000000000000000000000000000000000000000000000000000000000000000000000000000
0000000000000000000000000000000000000000000000000000000000000000000000000000000000
0000000000000000000000000000000000000000000000000000000000000000000000000000000000
0000000000000000000000000000000000000000000000000000000000000000000000000000000000
0000000000000000000000000000000000000000000000000000000000000000000000000000000000
0000000000000000000000000000000000000000000000000000000000000000000000000000000000
0000000000000000000000000000000000000000000000000000000000000000000000000000000000
0000000000000000000000000000000000000000000000000000000000000000000000000000000000
0000000000000000000000000000000000000000000000000000000000000000000000000000000000
0000000000000000000000000000000000000000000000000000000000000000000000000000000000
0000000000000000000000000000000000000000000000000000000000000000000000000000000000
0000000000000000000000000000000000000000000000000000000000000000000000000000000000
0000000000000000000000000000000000000000000000000000000000000000000000000000000000
0000000000000000000000000000000000000000000000000000000000000000000000000000000000
0000000000000000000000000000000000000000000000000000000000000000000000000000000000
0000000000000000000000000000000000000000000000000000000000000000000000000000000000
0000000000000000000000000000000000000000000000000000000000000000000000000000000000
0000000000000000000000000000000000000000000000000000000000000000000000000000000000
0000000000000000000000000000000000000000000000000000000000000000000000000000000000
0000000000000000000000000000000000000000000000000000000000000000000000000000000000
0000000000000000000000000000000000000000000000000000000000000000000000000000000000
0000000000000000000000000000000000000000000000000000000000000000000000000000000000
0000000000000000000000000000000000000000000000000000000000000000000000000000000000
0000000000000000000000000000000000000000000000000000000000000000000000000000000000
0000000000000000000000000000000000000000000000000000000000000000000000000000000000

0000000000000000000000000000000000000000000000000000000000000000000000000000000000
0000000000000000000000000000000000000000000000000000000000000000000000000000000000
0000000000000000000000000000000000000000000000000000000000000000000000000000000000
0000000000000000000000000000000000000000000000000000000000000000000000000000000000
0000000000000000000000000000000000000000000000000000000000000000000000000000000000
0000110000000000000000000000000000000000000000000011000000000000000000000000000000
0000111100000000000000000000000000000000000000000011110000000000000000000000000000
0000101111000000000000000000000000000000000000000010111100000000000000000000000000
0000100011110000000000000000000000000000000000000010001111000000000000000000000000
0000100000111100000000000000000000000000000000000010000011110000000000000000000000
0000100000001111000000000000000000000000000000000010000000111100000000000000000000
0000100000000011110000000000000000000000000000000010000000001111000000000000000000
0000100000000000111100000000000000000000000000000010000000000011110000000000000000
0000100000000000001111000000000000000000000000000010000000000000111100000000000000
0000100000000000000011110000000000000000000000000010000000000000001111000000000000
0000100000000000000000111100000000000000000000000010000000000000000011110000000000
0000100000000000000000001111000000000000000000000010000000000000000000111100000000
0000100000000000000000000011110000000000000000000010000000000000000000001111000000
0000100000000000000000000000111100000000000000000010000000000000000000000011110000
0000100000000000000000000000001110000000000000000010000000000000000000000000111000
0000100000000000000000000000111100000000000000000010000000000000000000000011110000
0000100000000000000000000011110000000000000000000010000000000000000000001111000000
0000100000000000000000001111000000000000000000000010000000000000000000111100000000
0000100000000000000000111100000000000000000000000010000000000000000011110000000000
0000100000000000000011110000000000000000000000000010000000000000001111000000000000
0000100000000000001111000000000000000000000000000010000000000000111100000000000000
0000100000000000111100000000000000000000000000000010000000000011110000000000000000
0000100000000011110000000000000000000000000000000010000000001111000000000000000000
0000100000001111000000000000000000000000000000000010000000111100000000000000000000
0000100000111100000000000000000000000000000000000010000011110000000000000000000000
0000100011110000000000000000000000000000000000000010001111000000000000000000000000
0000101111000000000000000000000000000000000000000010111100000000000000000000000000
0000111100000000000000000000000000000000000000000011110000000000000000000000000000
0000110000000000000000000000000000000000000000000011000000000000000000000000000000
0000000000000000000000000000000000000000000000000000000000000000000000000000000000
0000000000000000000000000000000000000000000000000000000000000000000000000000000000
0000000000000000000000000000000000000000000000000000000000000000000000000000000000
0000000000000000000000000000000000000000000000000000000000000000000000000000000000
0000000000000000000000000000000000000000000000000000000000000000000000000000000000
0000000000000000000000000000000000000000000000000000000000000000000000000000000000
0000000000000000000000000000000000000000000000000000000000000000000000000000000000
0000000000000000000000000000000000000000000000000000000000000000000000000000000000
0000000000000000000000000000000000000000000000000000000000000000000000000000000000
0000000000000000000000000000000000000000000000000000000000000000000000000000000000
0000000000000000000000000000000000000000000000000000000000000000000000000000000000
0000000000000000000000000000000000000000000000000000000000000000000000000000000000
0000000000000000000000000000000000000000000000000000000000000000000000000000000000
0000000000000000000000000000000000000000000000000000000000000000000000000000000000
0000000000000000000000000000000000000000000000000000000000000000000000000000000000
0000000000000000000000000000000000000000000000000000000000000000000000000000000000
0000000000000000000000000000000000000000000000000000000000000000000000000000000000
0000000000000000000000000000000000000000000000000000000000000000000000000000000000
0000000000000000000000000000000000000000000000000000000000000000000000000000000000
0000000000000000000000000000000000000000000000000000000000000000000000000000000000
0000000000000000000000000000000000000000000000000000000000000000000000000000000000
0000000000000000000000000000000000000000000000000000000000000000000000000000000000
0000000000000000000000000000000000000000000000000000000000000000000000000000000000
0000000000000000000000000000000000000000000000000000000000000000000000000000000000
0000000000000000000000000000000000000000000000000000000000000000000000000000000000
0000000000000000000000000000000000000000000000000000000000000000000000000000000000
0000000000000000000000000000000000000000000000000000000000000000000000000000000000
0000000000000000000000000000000000000000000000000000000000000000000000000000000000
0000000000000000000000000000000000000000000000000000000000000000000000000000000000
0000000000000000000000000000000000000000000000000000000000000000000000000000000000
0000000000000000000000000000000000000000000000000000000000000000000000000000000000
0000000000000000000000000000000000000000000000000000000000000000000000000000000000
0000000000000000000000000000000000000000000000000000000000000000000000000000000000
0000000000000000000000000000000000000000000000000000000000000000000000000000000000
0000000000000000000000000000000000000000000000000000000000000000000000000000000000
0000000000000000000000000000000000000000000000000000000000000000000000000000000000
0000000000000000000000000000000000000000000000000000000000000000000000000000000000
0000000000000000000000000000000000000000000000000000000000000000000000000000000000
0000000000000000000000000000000000000000000000000000000000000000000000000000000000
0000000000000000000000000000000000000000000000000000000000000000000000000000000000
0000000000000000000000000000000000000000000000000000000000000000000000000000000000
0000000000000000000000000000000000000000000000000000000000000000000000000000000000
0000000000000000000000000000000000000000000000000000000000000000000000000000000000
0000000000000000000000000000000000000000000000000000000000000000000000000000000000
0000000000000000000000000000000000000000000000000000000000000000000000000000000000
0000000000000000000000000000000000000000000000000000000000000000000000000000000000
0000000000000000000000000000000000000000000000000000000000000000000000000000000000
0000000000000000000000000000000000000000000000000000000000000000000000000000000000

0000000000000000000000000000000000000000000000000000000000000000000000000000000000
0000000000000000000000000000000000000000000000000000000000000000000000000000000000
0000000000000000000000000000000000000000000000000000000000000000000000000000000000
0000000000000000000000000000000000000000000000000000000000000000000000000000000000
0000000000000000000000000000000000000000000000000000000000000000000000000000000000
0000000000000000011000000000000000000000000000000000000000000001100000000000000000
0000000000000000011000000000000000000000000000000000000000000001100000000000000000
0000000000000000111100000000000000000000000000000000000000000011110000000000000000
0000000000000000110100000000000000000000000000000000000000000010010000000000000000
0000000000000001100110000000000000000000000000000000000000000110011000000000000000
0000000000000001100010000000000000000000000000000000000000000110001000000000000000
0000000000000011000011000000000000000000000000000000000000001100001100000000000000
0000000000000011000001000000000000000000000000000000000000001100000100000000000000
0000000000000110000001100000000000000000000000000000000000011000000110000000000000
0000000000000110000000100000000000000000000000000000000000011000000110000000000000
0000000000001100000000110000000000000000000000000000000000110000000011000000000000
0000000000001100000000010000000000000000000000000000000000110000000011000000000000
0000000000011000000000011000000000000000000000000000000001100000000001100000000000
0000000000011000000000001000000000000000000000000000000001100000000001100000000000
0000000000110000000000001100000000000000000000000000000011000000000000110000000000
0000000000110000000000000100000000000000000000000000000011000000000000110000000000
0000000001100000000000000110000000000000000000000000000110000000000000011000000000
0000000001100000000000000010000000000000000000000000000110000000000000011000000000
0000000011000000000000000011000000000000000000000000001100000000000000001100000000
0000000011000000000000000001000000000000000000000000001100000000000000001100000000
0000000110000000000000000001100000000000000000000000011000000000000000000110000000
0000000110000000000000000000100000000000000000000000011000000000000000000110000000
0000001100000000000000000000110000000000100000000000110000000000000000000011000000
0000001100000000000000000000010000000001110000000000110000000000000000000011000000
0000011000000000000000000000011000000001110000000001100000000000000000000001100000
0000011000000000000000000000001000000011011000000001100000000000000000000001100000
0000110000000000000000000000001100000010011000000011000000000000000000000000110000
0000110111111111111111111111101100000110001100000011011111111111111111111110110000
0000111111111111111111111111111110000100001100000011111111111111111111111111110000
0000000000000000000000000000000000001100000110000000000000000000000000000000000000
0000000000000000000000000000000000001000000110000000000000000000000000000000000000
0000000000000000000000000000000000011000000011000000000000000000000000000000000000
0000000000000000000000000000000000010000000011000000000000000000000000000000000000
0000000000000000000000000000000000110000000001100000000000000000000000000000000000
0000000000000000000000000000000000100000000001100000000000000000000000000000000000
0000000000000000000000000000000001100000000000110000000000000000000000000000000000
0000000000000000000000000000000001000000000000110000000000000000000000000000000000
0000000000000000000000000000000011000000000000011000000000000000000000000000000000
0000000000000000000000000000000010000000000000011000000000000000000000000000000000
0000000000000000000000000000000110000000000000001100000000000000000000000000000000
0000000000000000000000000000000100000000000000001100000000000000000000000000000000
0000000000000000000000000000001100000000000000000110000000000000000000000000000000
0000000000000000000000000000001000000000000000000110000000000000000000000000000000
0000000000000000000000000000011000000000000000000011000000000000000000000000000000
0000000000000000011000000000010000000000000000000011000000000001100000000000000000
0000000000000000011100000000110000000000000000000001100000000001100000000000000000
0000000000000000111100000000100000000000000000000001100000000011110000000000000000
0000000000000000100110000001100000000000000000000000110000000010010000000000000000
0000000000000001100110000001000000000000000000000000110000000110011000000000000000
0000000000000001000011000011111111111111111111111111111000000100001000000000000000
0000000000000011000011000011111111111111111111111111111000001100001100000000000000
0000000000000010000001100000000000000000000000000000000000001000000100000000000000
0000000000000110000001100000000000000000000000000000000000011000000110000000000000
0000000000000100000000110000000000000000000000000000000000010000000010000000000000
0000000000001100000000110000000000000000000000000000000000110000000011000000000000
0000000000001000000000011000000000000000000000000000000000100000000001000000000000
0000000000011000000000011000000000000000000000000000000001100000000001100000000000
0000000000010000000000001100000000000000000000000000000001000000000000100000000000
0000000000110000000000001100000000000000000000000000000011000000000000110000000000
0000000000100000000000000110000000000000000000000000000010000000000000010000000000
0000000001100000000000000110000000000000000000000000000110000000000000011000000000
0000000001000000000000000011000000000000000000000000000100000000000000001000000000
0000000011000000000000000011000000000000000000000000001100000000000000001100000000
0000000010000000000000000001100000000000000000000000001000000000000000000100000000
0000000110000000000000000001100000000000000000000000011000000000000000000110000000
0000000100000000000000000000110000000000000000000000010000000000000000000010000000
0000001100000000000000000000110000000000000000000000110000000000000000000011000000
0000001000000000000000000000011000000000000000000000100000000000000000000001000000
0000011000000000000000000000011000000000000000000001100000000000000000000001100000
0000010000000000000000000000001100000000000000000001000000000000000000000000100000
0000110000000000000000000000001100000000000000000011000000000000000000000000110000
0000111111111111111111111111111110000000000000000011111111111111111111111111110000
0000111111111111111111111111111100000000000000000011111111111111111111111111110000
0000000000000000000000000000000000000000000000000000000000000000000000000000000000
0000000000000000000000000000000000000000000000000000000000000000000000000000000000
0000000000000000000000000000000000000000000000000000000000000000000000000000000000
0000000000000000000000000000000000000000000000000000000000000000000000000000000000

0000000000000000000000000000000000000000000000000000000000000000000000000000000000
0000000000000000000000000000000000000000000000000000000000000000000000000000000000
0000000000000000000000000000000000000000000000000000000000000000000000000000000000
0000000000000000000000000000000000000000000000000000000000000000000000000000000000
0000000000000000000000000000000000000000000000000000000000000000000000000000000000
0000010000000000011000000000000000000000000000000000000000000001100000000000000000
0000100000000000011000000000000000000000000000000000000000000001110000000000000000
0000001000000000111100000000000000000000000000000000100000000011110000000000000000
0000100001100000110100000000000000000000000000000000000000000010011000000000000000
0000000000001001100110000000000000000000000000000000000000000110011000000000000000
0000000000000001100010000000000000000000000000000000000000000110001000000000000000
0000000000000011000011000000000000000000000000000000000000001100001100000000000000
0000000000000011000001100000000000000000000000000000000000001100000100000000000000
0000000000000110000101100000000000000000000000000010000000011000000110000000000000
0000000000000110000000110000000000000000000000000010000000011000000111000000000000
0000000000001100000000111000000000000000000000000010000000110000000011000000000000
0000000000001100000000010101000000000000000000000000000000110000000011101100000000
0000000000011000000000011000100000000000000000000000000001100000000001100000000000
0000100000011000000000001000000000000000000000000000000001100000000001100001100000
0000100000110000000000001100000100000000000000000000000011000000000000110000010000
0000100000110000000000000110100100000000000000000000000011000000000000110000100000
0000000001100000000000000110000000000000000000000000000110000000000000011000000000
0000000001100000000000000010000000000000000000000010000110000000000000011100000000
0000100011000000000000001011000000000000000000000010001100000000000010001100000000
0000000011000000000000000001100000000000000000000000001100000000000100001110000000
0000000111000000000000000001100000000000000000000000011000000000001000000110000000
0000100110000000010000000000100000000000000000000000011000000001100000000111000000
0000101110000000000000000000110000000000110000000010110000001000000000000011000000
0000001100000100000000000000010000000001110000000010110000000000000000000011000000
0000011100010100000000000000011000000001110000000001100000100000000000000001100000
0000011000100000000000000000001000000011011000000011101000000000000000000001100000
0000110001000000000000000000001100000010011000000011010000000000000000000000110000
0000110111111111111111111111101110000110001100000011011111111111111111111110110000
0000111111111111111111111111111110000100001100000011111111111111111111111111110000
0000000000000000000000000000000000001100000110000000000000000000000000000000000000
0000000000000000000000000000000000001000000110000000000000000000000000000000000000
0000000000000000000000000000000000011000000011000000000000000000000000000000000000
0000000000000000000000000000000000011000000011000000000000000000000000000000000000
0000000000000000000000000000000000110000000001100000000000000000000000000000000000
0000000000000000000000000000000000100000000001100000000000000000000000000000000000
0000000000000000000000000000000001100000000000110000000000000000000000000000000000
0000000000000000000000000000000001000000000000110000000000000000000000000000000000
0000000000000000000000000000000011000000000000011000000000000000000000000000000000
0000000000000000000000000000000010000000000000011100000000000000000000000000000000
0000000000000000000000000000000110000000000000001100000000000000000000000000000000
0000000000000000000000000000000100000000000000001100000000000000000000000000000000
0000000000000000000000000000001100000000000000000110000000000000000000000000000000
0000000000000000000000000000001000000000000000000110000000000000000000000000000000
0000000000000000000000000000011000000010000000000011000000000000000000000000000000
0000000000000000011000000000011000000000000000000011000000000001100000000000000000
0000000000000000011100000000110000000000000000000001100000000001100000000000000000
0000000000000000111100000000100000000000000000000001100000000011110000000000000000
0000000000000000100110000001100000000000000000000000110000000010010000000000000000
0000000000000001100110000001000000000000000000000000110000000110011000000000000000
0000000000000001000011000011111111111111111111111111111000000100001000000000000000
0000000000000011000011000011111111111111111111111111111000001100001100000000000000
0000000000000010000001100000000000000000000000000000000000001000000100000000000000
0000000000000110000001100000000000000000000000000000000000011000000110000000000000
0000000000000100000000110000000000000000000000000000000000010000000010000000000000
0000000000001100000000110000000000000000000000000000000000110000000011000000000000
0000000000001000000000011000000000000000000000000000000000100000000001000000000000
0000000000011000000000011000000000000000000000000000000001100000000001100000000000
0000000000110000000000001100000000000000000000000000000001000000000000100000000000
0000000000110000000000001100000000000000000000000000000011000000000000110000000000
0000000000100000000000000110000000000000000000000000000010000000000000010000000000
0000000001100000000000000110000000000000000000000000000110000000000000011000000000
0000000001000000000000000011000000000000000000000000000100000000000000001000000000
0000000011000000000000000011000000000000000000000000001100000000000000001100000000
0000000010000000000000000001100000000000000000000000001000000000000000000100000000
0000000110000000000000000001100000000000000000000000011000000000000000000110000000
0000000100000000000000000000110000000000000000000000010000000000000000000010000000
0000001100000000000000000000110000000000000000000000110000000000000000000011000000
0000001000000000000000000000011000000000000000000000100000000000000000000001000000
0000011000000000000000000000011000000000000000000001100000000000000000000001100000
0000010000000000000000000000001100000000000000000001000000000000000000000000100000
0000110000000000000000000000001100000000000000000011000000000000000000000000110000
0000111111111111111111111111111110000000000000000011111111111111111111111111110000
0000111111111111111111111111111100000000000000000011111111111111111111111111110000
0000000000000000000000000000000000000000000000000000000000000000000000000000000000
0000000000000000000000000000000000000000000000000000000000000000000000000000000000
0000000000000000000000000000000000000000000000000000000000000000000000000000000000
0000000000000000000000000000000000000000000000000000000000000000000000000000000000

