Backtracking temporal memory
all examples
20 iter
reset after all sequence
learn true result


[[ 0.          0.00536193  0.99193548  0.25575448  0.9769821   0.32762836
   0.98058252  0.40835267  0.9862069   0.47149123  0.98910675  0.98026316
   0.55532359  0.87136929  0.99585062  0.99170124  0.99377593  0.60557769
   0.98221344  0.99409449]
 [ 0.          0.          0.97306397  0.12037037  0.93617021  0.
   0.8591954   0.53457447  0.98408488  0.          0.98271605  0.95873786
   0.47321429  0.98672566  0.98896247  0.98898678  0.95814978  0.51559252
   0.95426195  0.99791667]
 [ 0.          0.          0.99511002  0.06146572  1.          0.          0.
   0.85        0.9978308   0.          0.95020747  0.99792961  0.          1.
   0.99802761  1.          1.          0.          1.          0.99814815]
 [ 0.          0.01533742  0.88217523  0.6039886   0.96866097  0.71351351
   0.77662338  0.94041451  0.9488491   0.76049383  0.95061728  0.99014778
   0.77985948  0.98122066  0.9882904   0.98834499  0.97906977  0.75784753
   0.98218263  0.99333333]
 [ 0.          0.          0.98490566  0.20955882  0.97122302  0.35034014
   0.42586751  0.89440994  0.90273556  0.53846154  0.98044693  0.99162011
   0.616       0.9843342   0.99222798  0.98976982  0.99232737  0.58980583
   0.99513382  0.99275362]
 [ 0.          0.          0.95037221  0.          0.95011876  0.
   0.0619469   0.80487805  0.99334812  0.10537634  0.80603448  0.98491379
   0.19875776  0.97938144  0.87190083  0.98347107  0.98559671  0.17382812
   0.97276265  0.98632812]
 [ 0.0997151   0.06048387  0.98790323  0.22307692  0.96946565  0.34181818
   0.38333333  0.88704319  0.92532468  0.45454545  0.97904192  0.99401198
   0.5027933   0.98044693  0.98611111  0.99168975  0.99723757  0.46891192
   0.9870801   0.98714653]
 [ 0.          0.02140673  0.96036585  0.27586207  0.95726496  0.41463415
   0.42065491  0.9425      0.98753117  0.43809524  0.98345154  0.99526066
   0.45515695  0.98        0.98672566  0.99779249  0.98461538  0.51440329
   0.94455852  0.99176955]
 [ 0.          0.98677249  0.99469496  0.99503722  1.          0.99295775
   0.10337079  0.99775281  1.          0.99784946  1.          0.99145299
   0.99796748  0.99593496  0.99796748  1.          0.99796334  0.26871401
   0.99042146  1.        ]
 [ 0.          0.          0.98863636  0.0944206   0.99570815  0.
   0.18875502  1.          0.99799197  0.          1.          0.99805447
   0.13909774  0.90056285  0.99812734  0.99812734  0.99813084  0.06329114
   0.99818841  0.99637681]
 [ 0.          0.          0.9953271   0.          0.99777283  0.
   0.0407332   0.79268293  0.63157895  0.17850288  0.99808429  0.99042146
   0.          0.98897059  0.82169118  0.82352941  0.99448529  0.
   0.99480069  0.9982699 ]
 [ 0.          0.0245614   0.85517241  0.44186047  0.88599349  0.65861027
   0.73295455  0.90449438  0.74133333  0.97112861  0.97916667  0.97948718
   0.77506112  0.98058252  0.98053528  0.98783455  0.99266504  0.77262181
   0.98845266  0.99769053]
 [ 0.          0.          0.99535963  0.          0.9978022   0.          0.
   0.69744597  0.          0.42589118  0.99626168  0.99440299  0.
   0.99471831  0.99823944  0.98949212  0.99824869  0.          0.99343186
   0.99835796]
 [ 0.          0.02461538  0.96904025  0.26453488  0.42739726  0.94086022
   0.49618321  0.95959596  0.53605769  0.97129187  0.98564593  0.99047619
   0.51333333  0.98669623  0.98675497  0.99120879  0.98034934  0.54209446
   0.97755102  0.99389002]
 [ 0.          0.          0.9204893   0.          0.          0.86863271
   0.          0.98014888  0.          0.97695853  0.98627002  0.99316629
   0.          1.          0.985138    0.99150743  0.94491525  0.
   0.98640777  0.99223301]
 [ 0.22402597  0.26168224  0.79906542  0.21973094  0.          0.99787686
   0.18585859  0.98987854  0.          0.99428571  0.99809524  0.99239544
   0.          0.99819168  0.99638336  0.          0.99460432  0.          1.
   0.99323181]
 [ 0.          0.          0.99698795  0.          0.          0.88674033
   0.          0.91315789  0.36020151  0.99747475  0.99494949  0.8989899
   0.          0.92124105  0.99524941  0.99763593  0.99528302  0.
   0.95143488  0.99779249]
 [ 0.01862197  0.38502674  0.86933333  0.1475827   0.15853659  0.99271845
   0.27713626  0.81880734  0.28104575  0.98695652  0.96095445  0.33880903
   0.92827869  0.97137014  0.99795918  0.99796334  1.          0.4410058
   0.996139    0.8996139 ]
 [ 0.          0.          0.98626374  0.0129199   0.00484262  0.97596154
   0.          0.45720721  0.02145923  0.97639485  0.98931624  0.
   0.97782258  0.9939759   0.99598394  0.9939759   0.99597586  0.01509434
   0.9905838   0.9905838 ]
 [ 0.          0.125       0.98502994  0.          0.00793651  0.98153034
   0.          0.98777506  0.          0.97916667  0.98383372  0.
   0.98494624  0.99147122  0.99148936  0.99574468  0.98726115  0.
   0.9921875   0.99804688]
 [ 0.          0.97096774  0.95483871  0.39384615  0.3255132   0.99120235
   0.3030303   0.99175824  0.47792208  0.99483204  0.96143959  0.52969121
   0.87383178  0.99300699  0.99766355  0.99767442  1.          0.66519824
   1.          0.94517544]
 [ 0.00808625  0.83557951  0.9972973   0.46173469  0.15931373  0.98786408
   0.24768519  0.96073903  0.35        0.99130435  0.99566161  0.34355828
   0.9         0.96130346  0.99796748  0.98985801  1.          0.41762452
   0.99617591  0.90839695]
 [ 0.25187032  0.98746867  0.91729323  0.34761905  0.4479638   0.99099099
   0.45119306  1.          0.58419958  0.99171843  0.96687371  0.65949119
   0.95711501  1.          0.99805068  0.99416342  1.          0.7481203
   0.99623352  0.96804511]
 [ 0.          0.85217391  0.90670554  0.          0.03693931  0.91927083
   0.05210918  0.91604938  0.0399061   0.98591549  0.98352941  0.06345733
   0.97807018  0.99120879  0.98253275  0.9912854   0.98913043  0.06378601
   0.94008264  0.99171843]
 [ 0.          0.95098039  0.47352025  0.92236025  0.63817664  0.96619718
   0.68351064  0.98421053  0.70617284  0.97317073  0.99270073  0.7281106
   0.9793578   0.99310345  0.99084668  0.99315068  0.99316629  0.70932755
   0.98698482  0.9978308 ]
 [ 0.          0.99206349  0.04477612  0.99751244  0.07764706  0.99764706
   0.99550562  0.98886414  0.15913978  0.99784946  0.99785408  0.2296748
   1.          0.82688391  1.          0.99796334  0.99593496  0.99808061
   0.99808429  0.86450382]
 [ 0.          0.9787234   0.          0.99319728  0.          0.99342105
   0.          0.98734177  0.          0.98790323  0.9939759   0.
   0.99227799  0.99612403  0.99613153  0.9980695   1.          0.          1.
   0.99252336]
 [ 0.          0.99765808  0.          0.99101124  0.          0.995671    0.
   0.69151139  0.          0.99610895  0.99612403  0.          1.
   0.99264706  0.99816176  0.99815838  0.          0.9965035   1.          1.        ]]
