== Attributes ==
title=2x1 Basic Problem 19
type= 2x1
result=1
window_size=(82, 82)

== Input ==
0000000000000000000000000000000000000000000000000000000000000000000000000000000000
0000000000000000000000000000000000000000000000000000000000000000000000000000000000
0000000000000000000000000000000000000000000000000000000000000000000000000000000000
0000000000000000000000000000000000000000000000000000000000000000000000000000000000
0000000000000000000000000000000000000000000000000000000000000000000000000000000000
0000000000000000000000000000000000000000000000000000000000000000000000000000000000
0000000000000000000000000000000000000000000000000000000000000000000000000000000000
0000000000000000000000000000000000000000000000000000000000000000000000000000000000
0000000000000000000000000000000000000000000000000000000000000000000000000000000000
0000000000000000000000000000000000000000000000000000000000000000000000000000000000
0000000000000000000000000000000000000000000000000000000000000000000000000000000000
0000000000000000000000000000000000000000000000000000000000000000000000000000000000
0000000000000000000000000000000000000000000000000000000000000000000000000000000000
0000000000000000000000001111111111000000000000000000000000000000000000000000000000
0000000000000000000000001100000011000000000000000000000000000000000000000000000000
0000000000000000000000001000000001000000000000000000000000000000000000000000000000
0000000000000000000000001000000001000000000000000000000000000000000000000000000000
0000000000000000000000001000000001000000000000000000000000000000000000000000000000
0000000000000000000000001000000001000000000000000000000000000000000000000000000000
0000000000000000000000001000000001000000000000000000000000000000000000000000000000
0000000000000000000000001000000001000000000000000000000000000000000000000000000000
0000000000000000000000001000000001000000000000000000000000000000000000000000000000
0000000000000000000000011000000001100000000000000000000000000000000000000000000000
0000000000000011111111111000000001111111111100000000000000000000000000000000000000
0000000000000011000000000000000000000000001100000000000000000000000000000000000000
0000000000000011000000000000000000000000001100000000000000000000000000000000000000
0000000000000011000000000000000000000000001100000000000000000000000000000000000000
0000000000000011000000000000000000000000001100000000000000000000000000000000000000
0000000000000011000000000000000000000000001100000000000000000000000000000000000000
0000000000000011000000000000000000000000001100000000000000000000000000000000000000
0000000000000011000000000000000000000000001100000000000000000000000000000000000000
0000000000000011000000000000000000000000001100000000000000000000000000000000000000
0000000000000011111111111000000001111111111100000000000000000000000000000000000000
0000000000000000000000001000000001100000000000000000000000000000000000000000000000
0000000000000000000000001000000001000000000000000000000000000000000000000000000000
0000000000000000000000001000000001000000000000000000000000000000000000000000000000
0000000000000000000000001000000001000000000000000000000000000000000000000000000000
0000000000000000000000001000000001000000000000000000000000000000000000000000000000
0000000000000000000000001000000001000000000000000000000000000000000000000000000000
0000000000000000000000001000000001000000000000000000000000000000000000000000000000
0000000000000000000000001000000001000000000000001111111111100000000000000000000000
0000000000000000000000001111111111000000000000001110111101100000000000000000000000
0000000000000000000000001111111111000000000000001100000001100000000000000000000000
0000000000000000000000000000000000000000000000001100000001100000000000000000000000
0000000000000000000000000000000000000000000000001100000001100000000000000000000000
0000000000000000000000000000000000000000000000001100000001100000000000000000000000
0000000000000000000000000000000000000000000000001100000001100000000000000000000000
0000000000000000000000000000000000000000000000001100000001100000000000000000000000
0000000000000000000000000000000000000000000000001100000001100000000000000000000000
0000000000000000000000000000000000000000011111101100000001110111110100000000000000
0000000000000000000000000000000000000001111111111100000001111111111110000000000000
0000000000000000000000000000000000000001000000000000000000000000000110000000000000
0000000000000000000000000000000000000001000000000000000000000000000110000000000000
0000000000000000000000000000000000000001000000000000000000000000000110000000000000
0000000000000000000000000000000000000001000000000000000000000000000110000000000000
0000000000000000000000000000000000000001000000000000000000000000000110000000000000
0000000000000000000000000000000000000001000000000000000000000000000110000000000000
0000000000000000000000000000000000000001000000000000000000000000000110000000000000
0000000000000000000000000000000000000001100000000000000000000000000110000000000000
0000000000000000000000000000000000000001111111111100000001111111111110000000000000
0000000000000000000000000000000000000000000000001100000001100000000000000000000000
0000000000000000000000000000000000000000000000001100000001100000000000000000000000
0000000000000000000000000000000000000000000000001100000001100000000000000000000000
0000000000000000000000000000000000000000000000001100000001100000000000000000000000
0000000000000000000000000000000000000000000000001100000001100000000000000000000000
0000000000000000000000000000000000000000000000001100000001100000000000000000000000
0000000000000000000000000000000000000000000000001100000001100000000000000000000000
0000000000000000000000000000000000000000000000001100000001100000000000000000000000
0000000000000000000000000000000000000000000000001111111111100000000000000000000000
0000000000000000000000000000000000000000000000000111111111100000000000000000000000
0000000000000000000000000000000000000000000000000000000000000000000000000000000000
0000000000000000000000000000000000000000000000000000000000000000000000000000000000
0000000000000000000000000000000000000000000000000000000000000000000000000000000000
0000000000000000000000000000000000000000000000000000000000000000000000000000000000
0000000000000000000000000000000000000000000000000000000000000000000000000000000000
0000000000000000000000000000000000000000000000000000000000000000000000000000000000
0000000000000000000000000000000000000000000000000000000000000000000000000000000000
0000000000000000000000000000000000000000000000000000000000000000000000000000000000
0000000000000000000000000000000000000000000000000000000000000000000000000000000000
0000000000000000000000000000000000000000000000000000000000000000000000000000000000
0000000000000000000000000000000000000000000000000000000000000000000000000000000000
0000000000000000000000000000000000000000000000000000000000000000000000000000000000

0000000000000000000000000000000000000000000000000000000000000000000000000000000000
0000000000000000000000000000000000000000000000000000000000000000000000000000000000
0000000000000000000000000000000000000000000000000000000000000000000000000000000000
0000000000000000000000000000000000000000000000000000000000000000000000000000000000
0000000000000000000000000000000000000000000000000000000000000000000000000000000000
0000000000000000000000000000000000000000000000000000000000000000000000000000000000
0000000000000000000000000000000000000000000000000000000000000000000000000000000000
0000000000000000000000000000000000000000000000000000000000000000000000000000000000
0000000000000000000000000000000000000000000000000000000000000000000000000000000000
0000000000000000000000000000000000000000000000000000000000000000000000000000000000
0000000000000000000000000000000000000000000000000000000000000000000000000000000000
0000000000000000000000000000000000000000000000000000000000000000000000000000000000
0000000000000000000000000000000000000000000000000000000000000000000000000000000000
0000000000000000000000000000000000000000000000000000000000000000000000000000000000
0000000000000000000000011000000000001100000000000000000000000000000000000000000000
0000000000000000000000111100000000011110000000000000000000000000000000000000000000
0000000000000000000001101100000000110011000000000000000000000000000000000000000000
0000000000000000000011000110000001100001100000000000000000000000000000000000000000
0000000000000000000110000011000011000000110000000000000000000000000000000000000000
0000000000000000001100000001100110000000011000000000000000000000000000000000000000
0000000000000000011000000000111100000000001100000000000000000000000000000000000000
0000000000000000011000000000011000000000001100000000000000000000000000000000000000
0000000000000000001100000000000000000000011000000000000000000000000000000000000000
0000000000000000000110000000000000000000110000000000000000000000000000000000000000
0000000000000000000011000000000000000001100000000000000000000000000000000000000000
0000000000000000000001100000000000000011000000000000000000000000000000000000000000
0000000000000000000000110000000000000110000000000000000000000000000000000000000000
0000000000000000000000011000000000001100000000000000000000000000000000000000000000
0000000000000000000000110000000000001100000000000000000000000000000000000000000000
0000000000000000000001100000000000000110000000000000000000000000000000000000000000
0000000000000000000011000000000000000011100000000000000000000000000000000000000000
0000000000000000000110000000000000000001100000000000000000000000000000000000000000
0000000000000000001100000000000000000000111000000000000000000000000000000000000000
0000000000000000011000000000001000000000011100000000000000000000000000000000000000
0000000000000000110000000000011100000000001100000000000000000000000000000000000000
0000000000000000011000000000111110000000001100000000000000000000000000000000000000
0000000000000000001100000001100011000000011000000000000000000000000000000000000000
0000000000000000000110000011000001100000110000000000000000000000000000000000000000
0000000000000000000011000110000000110001100000000000000000000000000000000000000000
0000000000000000000001101100000000011011000000000000000000000000000000000000000000
0000000000000000000000111000000000001110000000000000000000000000000000000000000000
0000000000000000000000010000000000000100000000011000000000000110000000000000000000
0000000000000000000000000000000000000000000000111100000000001111000000000000000000
0000000000000000000000000000000000000000000001100110000000011001100000000000000000
0000000000000000000000000000000000000000000011000011000000110000110000000000000000
0000000000000000000000000000000000000000000110000001100001100000011000000000000000
0000000000000000000000000000000000000000001100000000110011000000001100000000000000
0000000000000000000000000000000000000000011000000000011110000000000110000000000000
0000000000000000000000000000000000000000011000000000001100000000000110000000000000
0000000000000000000000000000000000000000001100000000000000000000011100000000000000
0000000000000000000000000000000000000000000110000000000000000000111000000000000000
0000000000000000000000000000000000000000000011000000000000000001110000000000000000
0000000000000000000000000000000000000000000001100000000000000011100000000000000000
0000000000000000000000000000000000000000000000110000000000000111000000000000000000
0000000000000000000000000000000000000000000000011000000000000110000000000000000000
0000000000000000000000000000000000000000000000011000000000000110000000000000000000
0000000000000000000000000000000000000000000000110000000000000011000000000000000000
0000000000000000000000000000000000000000000001100000000000000001100000000000000000
0000000000000000000000000000000000000000000011000000000000000000110000000000000000
0000000000000000000000000000000000000000000110000000000000000000011000000000000000
0000000000000000000000000000000000000000001100000000001000000000001100000000000000
0000000000000000000000000000000000000000011000000000011100000000000110000000000000
0000000000000000000000000000000000000000001100000000111110000000001100000000000000
0000000000000000000000000000000000000000000110000001110011000000011000000000000000
0000000000000000000000000000000000000000000011000011100001100000110000000000000000
0000000000000000000000000000000000000000000001100111000000110001100000000000000000
0000000000000000000000000000000000000000000000111110000000011111000000000000000000
0000000000000000000000000000000000000000000000011100000000001110000000000000000000
0000000000000000000000000000000000000000000000001000000000000100000000000000000000
0000000000000000000000000000000000000000000000000000000000000000000000000000000000
0000000000000000000000000000000000000000000000000000000000000000000000000000000000
0000000000000000000000000000000000000000000000000000000000000000000000000000000000
0000000000000000000000000000000000000000000000000000000000000000000000000000000000
0000000000000000000000000000000000000000000000000000000000000000000000000000000000
0000000000000000000000000000000000000000000000000000000000000000000000000000000000
0000000000000000000000000000000000000000000000000000000000000000000000000000000000
0000000000000000000000000000000000000000000000000000000000000000000000000000000000
0000000000000000000000000000000000000000000000000000000000000000000000000000000000
0000000000000000000000000000000000000000000000000000000000000000000000000000000000
0000000000000000000000000000000000000000000000000000000000000000000000000000000000
0000000000000000000000000000000000000000000000000000000000000000000000000000000000
0000000000000000000000000000000000000000000000000000000000000000000000000000000000

0000000000000000000000000000000000000000000000000000000000000000000000000000000000
0000000000000000000000000000000000000000000000000000000000000000000000000000000000
0000000000000000000000000000000000000000000000000000000000000000000000000000000000
0000000000000000000000000000000000000000000000000000000000000000000000000000000000
0000000000000000000000000000000000000000000000000000000000000000000000000000000000
0000000000000000000000000000000000000000000000000000000000000000000000000000000000
0000000000000000000000000000000000000000000000000000000000000000000000000000000000
0000000000000000000000000000000000000000000000000000000000000000000000000000000000
0000000000000000000000111111111110000000000000000000000000000000000000000000000000
0000000000000000000011111100011111110000000000000000000000000000000000000000000000
0000000000000000001110000000000000111100000000000000000000000000000000000000000000
0000000000000000111000000000000000001110000000000000000000000000000000000000000000
0000000000000001100000000000000000000011100000000000000000000000000000000000000000
0000000000000011000000000000000000000001110000000000000000000000000000000000000000
0000000000000110000000000000000000000000111000000000000000000000000000000000000000
0000000000001100000000000000000000000000011000000000000000000000000000000000000000
0000000000011000000000000000000000000000001100000000000000000000000000000000000000
0000000000010000000000000000000000000000000110000000000000000000000000000000000000
0000000000110000000000000000000000000000000010000000000000000000000000000000000000
0000000001100000000000000000000000000000000011000000000000000000000000000000000000
0000000001100000000000000000000000000000000001000000000000000000000000000000000000
0000000001000000000000000000000000000000000001100000000000000000000000000000000000
0000000011000000000000000000000000000000000001100000000000000000000000000000000000
0000000011000000000000000000000000000000000000100000000000000000000000000000000000
0000000011000000000000000000000000000000000000100000000000000000000000000000000000
0000000010000000000000000000000000000000000000110000000000000000000000000000000000
0000000010000000000000000000000000000000000000110000000000000000000000000000000000
0000000010000000000000000000000000000000000000110000000000000000000000000000000000
0000000010000000000000000000000000000000000000110000000000000000000000000000000000
0000000010000000000000000000000000000000000000110000000000000000000000000000000000
0000000010000000000000000000000000000000000000110000000000000000000000000000000000
0000000011000000000000000000000000000000000000100000000000000000000000000000000000
0000000011000000000000000000000000000000000000100000000000000000000000000000000000
0000000011000000000000000000000000000000000001100000000000000000000000000000000000
0000000001000000000000000000000000000000000001100000000000000000000000000000000000
0000000001100000000000000000000000000000000011000111111111110000000000000000000000
0000000000100000000000000000000000000000000011011111100011111110000000000000000000
0000000000110000000000000000000000000000000111110000000000000111100000000000000000
0000000000011000000000000000000000000000000111000000000000000001110000000000000000
0000000000011000000000000000000000000000001100000000000000000000011000000000000000
0000000000001100000000000000000000000000011000000000000000000000001100000000000000
0000000000000110000000000000000000000000110000000000000000000000000110000000000000
0000000000000011100000000000000000000001100000000000000000000000000011000000000000
0000000000000001110000000000000000000111000000000000000000000000000001100000000000
0000000000000000011100000000000000001110000000000000000000000000000000110000000000
0000000000000000001111000000000001111110000000000000000000000000000000110000000000
0000000000000000000011111111111111101100000000000000000000000000000000011000000000
0000000000000000000000001111111100001100000000000000000000000000000000011000000000
0000000000000000000000000000000000001000000000000000000000000000000000001100000000
0000000000000000000000000000000000011000000000000000000000000000000000001100000000
0000000000000000000000000000000000011000000000000000000000000000000000001100000000
0000000000000000000000000000000000010000000000000000000000000000000000000100000000
0000000000000000000000000000000000010000000000000000000000000000000000000100000000
0000000000000000000000000000000000010000000000000000000000000000000000000110000000
0000000000000000000000000000000000010000000000000000000000000000000000000110000000
0000000000000000000000000000000000010000000000000000000000000000000000000110000000
0000000000000000000000000000000000010000000000000000000000000000000000000110000000
0000000000000000000000000000000000010000000000000000000000000000000000000100000000
0000000000000000000000000000000000010000000000000000000000000000000000000100000000
0000000000000000000000000000000000011000000000000000000000000000000000001100000000
0000000000000000000000000000000000011000000000000000000000000000000000001100000000
0000000000000000000000000000000000001000000000000000000000000000000000001000000000
0000000000000000000000000000000000001100000000000000000000000000000000011000000000
0000000000000000000000000000000000001100000000000000000000000000000000011000000000
0000000000000000000000000000000000000110000000000000000000000000000000110000000000
0000000000000000000000000000000000000010000000000000000000000000000000110000000000
0000000000000000000000000000000000000011000000000000000000000000000001100000000000
0000000000000000000000000000000000000001100000000000000000000000000011000000000000
0000000000000000000000000000000000000000110000000000000000000000000110000000000000
0000000000000000000000000000000000000000011000000000000000000000001100000000000000
0000000000000000000000000000000000000000001110000000000000000000111000000000000000
0000000000000000000000000000000000000000000111100000000000000011110000000000000000
0000000000000000000000000000000000000000000001111000000000001111000000000000000000
0000000000000000000000000000000000000000000000011111111111111100000000000000000000
0000000000000000000000000000000000000000000000000001111111100000000000000000000000
0000000000000000000000000000000000000000000000000000000000000000000000000000000000
0000000000000000000000000000000000000000000000000000000000000000000000000000000000
0000000000000000000000000000000000000000000000000000000000000000000000000000000000
0000000000000000000000000000000000000000000000000000000000000000000000000000000000
0000000000000000000000000000000000000000000000000000000000000000000000000000000000
0000000000000000000000000000000000000000000000000000000000000000000000000000000000
0000000000000000000000000000000000000000000000000000000000000000000000000000000000

== Output ==
0000000000000000000000000000000000000000000000000000000000000000000000000000000000
0000000000000000000000000000000000000000000000000000000000000000000000000000000000
0000000000000000000000000000000000000000000000000000000000000000000000000000000000
0000000000000000000000000000000000000000000000000000000000000000000000000000000000
0000000000000000000000000000000000000000000000000000000000000000000000000000000000
0000000000000000000000000000000000000000000000000000000000000000000000000000000000
0000000000000000000000000000000000000000000000000000000000000000000000000000000000
0000000000000000000000000000000000000000000000000000000000000000000000000000000000
0000000000000000000001111111111110000000000000000000000000000000000000000000000000
0000000000000000000111110000000111110000000000000000000000000000000000000000000000
0000000000000000011110000000000000111100000000000000000000000000000000000000000000
0000000000000001110000000000000000001110000000000000000000000000000000000000000000
0000000000000011100000000000000000000011000000000000000000000000000000000000000000
0000000000000111000000000000000000000001110000000000000000000000000000000000000000
0000000000001100000000000000000000000000110000000000000000000000000000000000000000
0000000000011000000000000000000000000000011000000000000000000000000000000000000000
0000000000011000000000000000000000000000001100000000000000000000000000000000000000
0000000000110000000000000000000000000000000110000000000000000000000000000000000000
0000000000100000000000000000000000000000000110000000000000000000000000000000000000
0000000001100000000000000000000000000000000011000000000000000000000000000000000000
0000000001000000000000000000000000000000000011000000000000000000000000000000000000
0000000011000000000000000000000000000000000001000000000000000000000000000000000000
0000000011000000000000000000000000000000000001100000000000000000000000000000000000
0000000010000000000000000000000000000000000001100000000000000000000000000000000000
0000000010000000000000000000000000000000000000100000000000000000000000000000000000
0000000110000000000000000000000000000000000000100000000000000000000000000000000000
0000000110000000000000000000000000000000000000100000000000000000000000000000000000
0000000110000000000000000000000000000000000000100000000000000000000000000000000000
0000000110000000000000000000000000000000000000100000000000000000000000000000000000
0000000110000000000000000000000000000000000000100000000000000000000000000000000000
0000000010000000000000000000000000000000000000100000000000000000000000000000000000
0000000010000000000000000000000000000000000001100000000000000000000000000000000000
0000000011000000000000000000000000000000000001100000000000000000000000000000000000
0000000011000000000000000000000000000000000001100000000000000000000000000000000000
0000000001000000000000000000000000000000000011000000111100000000000000000000000000
0000000001100000000000000000000000000000000011001111111111111000000000000000000000
0000000001100000000000000000000000000000000011111100000000111110000000000000000000
0000000000110000000000000000000000000000000111100000000000000011100000000000000000
0000000000010000000000000000000000000000001110000000000000000001110000000000000000
0000000000011000000000000000000000000000011100000000000000000000011100000000000000
0000000000001100000000000000000000000000110000000000000000000000001110000000000000
0000000000000110000000000000000000000001100000000000000000000000000111000000000000
0000000000000011100000000000000000000011000000000000000000000000000011000000000000
0000000000000001110000000000000000000111000000000000000000000000000001100000000000
0000000000000000011100000000000000011110000000000000000000000000000000110000000000
0000000000000000001111100000000011111100000000000000000000000000000000110000000000
0000000000000000000001111111111111001100000000000000000000000000000000011000000000
0000000000000000000000000111110000001000000000000000000000000000000000011000000000
0000000000000000000000000000000000011000000000000000000000000000000000001000000000
0000000000000000000000000000000000011000000000000000000000000000000000001100000000
0000000000000000000000000000000000010000000000000000000000000000000000001100000000
0000000000000000000000000000000000010000000000000000000000000000000000001100000000
0000000000000000000000000000000000110000000000000000000000000000000000000100000000
0000000000000000000000000000000000110000000000000000000000000000000000000100000000
0000000000000000000000000000000000110000000000000000000000000000000000000100000000
0000000000000000000000000000000000110000000000000000000000000000000000000100000000
0000000000000000000000000000000000110000000000000000000000000000000000000100000000
0000000000000000000000000000000000010000000000000000000000000000000000001100000000
0000000000000000000000000000000000010000000000000000000000000000000000001100000000
0000000000000000000000000000000000011000000000000000000000000000000000001100000000
0000000000000000000000000000000000011000000000000000000000000000000000001000000000
0000000000000000000000000000000000001000000000000000000000000000000000011000000000
0000000000000000000000000000000000001100000000000000000000000000000000011000000000
0000000000000000000000000000000000000100000000000000000000000000000000110000000000
0000000000000000000000000000000000000110000000000000000000000000000000110000000000
0000000000000000000000000000000000000011000000000000000000000000000001100000000000
0000000000000000000000000000000000000011000000000000000000000000000011000000000000
0000000000000000000000000000000000000001100000000000000000000000000110000000000000
0000000000000000000000000000000000000000110000000000000000000000001110000000000000
0000000000000000000000000000000000000000011100000000000000000000011000000000000000
0000000000000000000000000000000000000000001110000000000000000001110000000000000000
0000000000000000000000000000000000000000000011100000000000000111100000000000000000
0000000000000000000000000000000000000000000000111110000000111110000000000000000000
0000000000000000000000000000000000000000000000001111111111111000000000000000000000
0000000000000000000000000000000000000000000000000000000000000000000000000000000000
0000000000000000000000000000000000000000000000000000000000000000000000000000000000
0000000000000000000000000000000000000000000000000000000000000000000000000000000000
0000000000000000000000000000000000000000000000000000000000000000000000000000000000
0000000000000000000000000000000000000000000000000000000000000000000000000000000000
0000000000000000000000000000000000000000000000000000000000000000000000000000000000
0000000000000000000000000000000000000000000000000000000000000000000000000000000000
0000000000000000000000000000000000000000000000000000000000000000000000000000000000

0000000000000000000000000000000000000000000000000000000000000000000000000000000000
0000000000000000000000000000000000000000000000000000000000000000000000000000000000
0000000000000000000000000000000000000000000000000000000000000000000000000000000000
0000000000000000000000000000000000000000000000000000000000000000000000000000000000
0000000000000000000000000000000000000000000000000000000000000000000000000000000000
0000000000000000000000000000000000000000000000000000000000000000000000000000000000
0000000000000000000000000000000000000000000000000000000000000000000000000000000000
0000000000000000000000000000000000000000000000000000000000000000000000000000000000
0000000000000000000000000000000000000000000000000000000000000000000000000000000000
0000000000000000000000000000000000000000000000000000000000000000000000000000000000
0000000000000000000000000000000000000000000000000000000000000000000000000000000000
0000000000000000000000000000000000000000000000000000000000000000000000000000000000
0000000000000000000000000000000000000000000000000000000000000000000000000000000000
0000000000000000000000011111111111000000000000000000000000000000000000000000000000
0000000000000000000000011000000011000000000000000000000000000000000000000000000000
0000000000000000000000011000000011000000000000000000000000000000000000000000000000
0000000000000000000000011000000011000000000000000000000000000000000000000000000000
0000000000000000000000011000000011000000000000000000000000000000000000000000000000
0000000000000000000000011000000011000000000000000000000000000000000000000000000000
0000000000000000000000011000000011000000000000000000000000000000000000000000000000
0000000000000000000000011000000011000000000000000000000000000000000000000000000000
0000000000000000000000011000000011000000000000000000000000000000000000000000000000
0000000000000011111111111000000011111111111000000000000000000000000000000000000000
0000000000000011111111111000000011111111111000000000000000000000000000000000000000
0000000000000010000000000000000000000000001000000000000000000000000000000000000000
0000000000000010000000000000000000000000001000000000000000000000000000000000000000
0000000000000010000000000000000000000000001000000000000000000000000000000000000000
0000000000000010000000000000000000000000001000000000000000000000000000000000000000
0000000000000010000000000000000000000000001000000000000000000000000000000000000000
0000000000000010000000000000000000000000001000000000000000000000000000000000000000
0000000000000010000000000000000000000000001000000000000000000000000000000000000000
0000000000000011111111111000000001111111111000000000000000000000000000000000000000
0000000000000011111111111000000011111111111000000000000000000000000000000000000000
0000000000000000000000011000000011000000000000000000000000000000000000000000000000
0000000000000000000000011000000011000000000000000000000000000000000000000000000000
0000000000000000000000011000000011000000000000000000000000000000000000000000000000
0000000000000000000000011000000011000000000000000000000000000000000000000000000000
0000000000000000000000011000000011000000000000000000000000000000000000000000000000
0000000000000000000000011000000011000000000000000000000000000000000000000000000000
0000000000000000000000011000000011000000000000001111111111000000000000000000000000
0000000000000000000000011000000011000000000000001111111111100000000000000000000000
0000000000000000000000011111111111000000000000001100000001100000000000000000000000
0000000000000000000000001111111110000000000000001000000001100000000000000000000000
0000000000000000000000000000000000000000000000001100000001100000000000000000000000
0000000000000000000000000000000000000000000000001100000001100000000000000000000000
0000000000000000000000000000000000000000000000001100000001100000000000000000000000
0000000000000000000000000000000000000000000000001100000001100000000000000000000000
0000000000000000000000000000000000000000000000001100000001100000000000000000000000
0000000000000000000000000000000000000000000000001000000001100000000000000000000000
0000000000000000000000000000000000000011111111111100000001111111111100000000000000
0000000000000000000000000000000000000011111111111000000001111111111100000000000000
0000000000000000000000000000000000000011000000000000000000000000000100000000000000
0000000000000000000000000000000000000011000000000000000000000000000100000000000000
0000000000000000000000000000000000000011000000000000000000000000000100000000000000
0000000000000000000000000000000000000011000000000000000000000000000100000000000000
0000000000000000000000000000000000000011000000000000000000000000000100000000000000
0000000000000000000000000000000000000011000000000000000000000000000100000000000000
0000000000000000000000000000000000000011000000000000000000000000000100000000000000
0000000000000000000000000000000000000011111111111000000001111111111100000000000000
0000000000000000000000000000000000000011111111111100000001111111111100000000000000
0000000000000000000000000000000000000000000000001000000001100000000000000000000000
0000000000000000000000000000000000000000000000001100000001100000000000000000000000
0000000000000000000000000000000000000000000000001100000001100000000000000000000000
0000000000000000000000000000000000000000000000001100000001100000000000000000000000
0000000000000000000000000000000000000000000000001100000001100000000000000000000000
0000000000000000000000000000000000000000000000001100000001100000000000000000000000
0000000000000000000000000000000000000000000000001000000001100000000000000000000000
0000000000000000000000000000000000000000000000001100000001100000000000000000000000
0000000000000000000000000000000000000000000000001111111111100000000000000000000000
0000000000000000000000000000000000000000000000000000000000000000000000000000000000
0000000000000000000000000000000000000000000000000000000000000000000000000000000000
0000000000000000000000000000000000000000000000000000000000000000000000000000000000
0000000000000000000000000000000000000000000000000000000000000000000000000000000000
0000000000000000000000000000000000000000000000000000000000000000000000000000000000
0000000000000000000000000000000000000000000000000000000000000000000000000000000000
0000000000000000000000000000000000000000000000000000000000000000000000000000000000
0000000000000000000000000000000000000000000000000000000000000000000000000000000000
0000000000000000000000000000000000000000000000000000000000000000000000000000000000
0000000000000000000000000000000000000000000000000000000000000000000000000000000000
0000000000000000000000000000000000000000000000000000000000000000000000000000000000
0000000000000000000000000000000000000000000000000000000000000000000000000000000000
0000000000000000000000000000000000000000000000000000000000000000000000000000000000

0000000000000000000000000000000000000000000000000000000000000000000000000000000000
0000000000000000000000000000000000000000000000000000000000000000000000000000000000
0000000000000000000000000000000000000000000000000000000000000000000000000000000000
0000000000000000000000000000000000000000000000000000000000000000000000000000000000
0000000000000000000000000000000000000000000000000000000000000000000000000000000000
0000000000000000000000000000000000000000000000000000000000000000000000000000000000
0000000000000000000000000000000000000000000000000000000000000000000000000000000000
0000000000000000000000000000000000000000000000000000000000000000000000000000000000
0000000000000000000000000000000000000000000000000000000000000000000000000000000000
0000000000111111111111111111111111111100000000000000000000000000000000000000000000
0000000001111111111111111111111111111100000000000000000000000000000000000000000000
0000000001100000000000000000000000000100000000000000000000000000000000000000000000
0000000001100000000000000000000000000100000000000000000000000000000000000000000000
0000000001100000000000000000000000000100000000000000000000000000000000000000000000
0000000001100000000000000000000000000100000000000000000000000000000000000000000000
0000000001100000000000000000000000000100000000000000000000000000000000000000000000
0000000001100000000000000000000000000100000000000000000000000000000000000000000000
0000000001100000000000000000000000000100000000000000000000000000000000000000000000
0000000001100000000000000000000000000100000000000000000000000000000000000000000000
0000000001100000000000000000000000000100000000000000000000000000000000000000000000
0000000001100000000000000000000000000100000000000000000000000000000000000000000000
0000000001100000000000000000000000000100000000000000000000000000000000000000000000
0000000001100000000000000000000000000100000000000000000000000000000000000000000000
0000000001100000000000000000000000000100000000000000000000000000000000000000000000
0000000001100000000000000000000000000100000000000000000000000000000000000000000000
0000000001100000000000000000000000000100000000000000000000000000000000000000000000
0000000001100000000000000000000000000100000000000000000000000000000000000000000000
0000000001100000000000000000000000000100000000000000000000000000000000000000000000
0000000001100000000000000000000000000100000000000000000000000000000000000000000000
0000000001100000000000000000000000000100000000000000000000000000000000000000000000
0000000001100000000000000000000000000100000000000000000000000000000000000000000000
0000000001100000000000000000000000000100000000000000000000000000000000000000000000
0000000001100000000000000000000000000100000000000000000000000000000000000000000000
0000000001100000000000000000000000000100000000000000000000000000000000000000000000
0000000001100000000000000000000000000100000000000000000000000000000000000000000000
0000000001100000000000000000000000000100000000000000000000000000000000000000000000
0000000001100000000000000000000000001100000000000000000000000000000000000000000000
0000000001111111111111111111111111111100000000000000000000000000000000000000000000
0000000000000000000000000000000000000000000000000000000000000000000000000000000000
0000000000000000000000000000000000000000000000000000000000000000000000000000000000
0000000000000000000000000000000000000000000000000000000000000000000000000000000000
0000000000000000000000000000000000000000000000000000000000000000000000000000000000
0000000000000000000000000000000000000000000000000000000000000000000000000000000000
0000000000000000000000000000000000000000000000000000000000000000000000000000000000
0000000000000000000000000000000000000000000011111111111111111111111111111000000000
0000000000000000000000000000000000000000000010000000000000000000000000011000000000
0000000000000000000000000000000000000000000010000000000000000000000000011000000000
0000000000000000000000000000000000000000000010000000000000000000000000011000000000
0000000000000000000000000000000000000000000010000000000000000000000000011000000000
0000000000000000000000000000000000000000000010000000000000000000000000011000000000
0000000000000000000000000000000000000000000010000000000000000000000000011000000000
0000000000000000000000000000000000000000000010000000000000000000000000011000000000
0000000000000000000000000000000000000000000010000000000000000000000000011000000000
0000000000000000000000000000000000000000000010000000000000000000000000011000000000
0000000000000000000000000000000000000000000010000000000000000000000000011000000000
0000000000000000000000000000000000000000000010000000000000000000000000011000000000
0000000000000000000000000000000000000000000010000000000000000000000000011000000000
0000000000000000000000000000000000000000000010000000000000000000000000011000000000
0000000000000000000000000000000000000000000010000000000000000000000000011000000000
0000000000000000000000000000000000000000000010000000000000000000000000011000000000
0000000000000000000000000000000000000000000010000000000000000000000000011000000000
0000000000000000000000000000000000000000000010000000000000000000000000011000000000
0000000000000000000000000000000000000000000010000000000000000000000000011000000000
0000000000000000000000000000000000000000000010000000000000000000000000011000000000
0000000000000000000000000000000000000000000010000000000000000000000000011000000000
0000000000000000000000000000000000000000000010000000000000000000000000011000000000
0000000000000000000000000000000000000000000010000000000000000000000000011000000000
0000000000000000000000000000000000000000000010000000000000000000000000011000000000
0000000000000000000000000000000000000000000010000000000000000000000000011000000000
0000000000000000000000000000000000000000000010000000000000000000000000011000000000
0000000000000000000000000000000000000000000010000000000000000000000000011000000000
0000000000000000000000000000000000000000000011111111111111111111111111111000000000
0000000000000000000000000000000000000000000011111111111111111111111111110000000000
0000000000000000000000000000000000000000000000000000000000000000000000000000000000
0000000000000000000000000000000000000000000000000000000000000000000000000000000000
0000000000000000000000000000000000000000000000000000000000000000000000000000000000
0000000000000000000000000000000000000000000000000000000000000000000000000000000000
0000000000000000000000000000000000000000000000000000000000000000000000000000000000
0000000000000000000000000000000000000000000000000000000000000000000000000000000000
0000000000000000000000000000000000000000000000000000000000000000000000000000000000
0000000000000000000000000000000000000000000000000000000000000000000000000000000000
0000000000000000000000000000000000000000000000000000000000000000000000000000000000

0000000000000000000000000000000000000000000000000000000000000000000000000000000000
0000000000000000000000000000000000000000000000000000000000000000000000000000000000
0000000000000000000000000000000000000000000000000000000000000000000000000000000000
0000000000000000000000000000000000000000000000000000000000000000000000000000000000
0000000000000000000000000000000000000000000000000000000000000000000000000000000000
0000000000000000000000000000000000000000000000000000000000000000000000000000000000
0000000000000000000000000000000000000000000000000000000000000000000000000000000000
0000000000000000000000000000000000000000000000000000000000000000000000000000000000
0000000000000000000000000000000000000000000000000000000000000000000000000000000000
0000000000000000000000000000000000000000000000000000000000000000000000000000000000
0000000000000000000000000000000000000000000000000000000000000000000000000000000000
0000000000000000000000000000000000000000000000000000000000000000000000000000000000
0000000000000000000000000000000000000000000000000000000000000000000000000000000000
0000000000000000000000000000000000000000000000000000000000000000000000000000000000
0000000000000000000001100000000000111000000000000000000000000000000000000000000000
0000000000000000000011110000000001111100000000000000000000000000000000000000000000
0000000000000000000110011000000011000110000000000000000000000000000000000000000000
0000000000000000001100001100000110000011000000000000000000000000000000000000000000
0000000000000000011000000110001100000001100000000000000000000000000000000000000000
0000000000000000110000000011011000000000110000000000000000000000000000000000000000
0000000000000001100000000001110000000000111000000000000000000000000000000000000000
0000000000000001100000000000100000000000110000000000000000000000000000000000000000
0000000000000000110000000000000000000001100000000000000000000000000000000000000000
0000000000000000011000000000000000000011000000000000000000000000000000000000000000
0000000000000000001100000000000000000110000000000000000000000000000000000000000000
0000000000000000000110000000000000001100000000000000000000000000000000000000000000
0000000000000000000011000000000000011000000000000000000000000000000000000000000000
0000000000000000000001100000000000110000000000000000000000000000000000000000000000
0000000000000000000011000000000000011000000000000000000000000000000000000000000000
0000000000000000000110000000000000001100000000000000000000000000000000000000000000
0000000000000000001100000000000000000110000000000000000000000000000000000000000000
0000000000000000011000000000000000000011000000000000000000000000000000000000000000
0000000000000000110000000000000000000001100000000000000000000000000000000000000000
0000000000000001100000000000100000000000110000000000000000000000000000000000000000
0000000000000001100000000001110000000000111000000000000000000000000000000000000000
0000000000000000110000000011011000000000110000000000000000000000000000000000000000
0000000000000000011000000110001100000001100000000000000000000000000000000000000000
0000000000000000001100001100000110000011000000000000000000000000000000000000000000
0000000000000000000110011000000011000110000000000000000000000000000000000000000000
0000000000000000000011110000000001111100000000000000000000000000000000000000000000
0000000000000000000001100000000000111000000000100000000000000000000000000000000000
0000000000000000000000000000000000000000000001110000000000011000000000000000000000
0000000000000000000000000000000000000000000011111000000000111100000000000000000000
0000000000000000000000000000000000000000000110001100000001100110000000000000000000
0000000000000000000000000000000000000000001100000110000011000011000000000000000000
0000000000000000000000000000000000000000011000000011000110000001100000000000000000
0000000000000000000000000000000000000000110000000001101100000000110000000000000000
0000000000000000000000000000000000000001100000000000111000000000011000000000000000
0000000000000000000000000000000000000000110000000000010000000000111000000000000000
0000000000000000000000000000000000000000011000000000000000000001110000000000000000
0000000000000000000000000000000000000000001100000000000000000011100000000000000000
0000000000000000000000000000000000000000000110000000000000000111000000000000000000
0000000000000000000000000000000000000000000011000000000000001110000000000000000000
0000000000000000000000000000000000000000000001100000000000011100000000000000000000
0000000000000000000000000000000000000000000001110000000000011000000000000000000000
0000000000000000000000000000000000000000000001100000000000001100000000000000000000
0000000000000000000000000000000000000000000011000000000000000110000000000000000000
0000000000000000000000000000000000000000000110000000000000000011000000000000000000
0000000000000000000000000000000000000000001100000000000000000001100000000000000000
0000000000000000000000000000000000000000011000000000000000000000110000000000000000
0000000000000000000000000000000000000000110000000000110000000000011000000000000000
0000000000000000000000000000000000000001100000000001111000000000011000000000000000
0000000000000000000000000000000000000000110000000011101100000000110000000000000000
0000000000000000000000000000000000000000011000000111000110000001100000000000000000
0000000000000000000000000000000000000000001100001110000011000011000000000000000000
0000000000000000000000000000000000000000000110011100000001100110000000000000000000
0000000000000000000000000000000000000000000011111000000000111100000000000000000000
0000000000000000000000000000000000000000000001110000000000011000000000000000000000
0000000000000000000000000000000000000000000000000000000000000000000000000000000000
0000000000000000000000000000000000000000000000000000000000000000000000000000000000
0000000000000000000000000000000000000000000000000000000000000000000000000000000000
0000000000000000000000000000000000000000000000000000000000000000000000000000000000
0000000000000000000000000000000000000000000000000000000000000000000000000000000000
0000000000000000000000000000000000000000000000000000000000000000000000000000000000
0000000000000000000000000000000000000000000000000000000000000000000000000000000000
0000000000000000000000000000000000000000000000000000000000000000000000000000000000
0000000000000000000000000000000000000000000000000000000000000000000000000000000000
0000000000000000000000000000000000000000000000000000000000000000000000000000000000
0000000000000000000000000000000000000000000000000000000000000000000000000000000000
0000000000000000000000000000000000000000000000000000000000000000000000000000000000
0000000000000000000000000000000000000000000000000000000000000000000000000000000000
0000000000000000000000000000000000000000000000000000000000000000000000000000000000

0000000000000000000000000000000000000000000000000000000000000000000000000000000000
0000000000000000000000000000000000000000000000000000000000000000000000000000000000
0000000000000000000000000000000000000000000000000000000000000000000000000000000000
0000000000000000000000000000000000000000000000000000000000000000000000000000000000
0000000000000000000000011000000000000000000000000000000000000000000000000000000000
0000000000000000000000111100000000000000000000000000000000000000000000000000000000
0000000000000000000001100110000000000000000000000000000000000000000000000000000000
0000000000000000000011000011000000000000000000000000000000000000000000000000000000
0000000000000000000110000001100000000000000000000000000000000000000000000000000000
0000000000000000001100000000110000000000000000000000000000000000000000000000000000
0000000000000000011000000000011000000000000000000000000000000000000000000000000000
0000000000000000110000000000001100000000000000000000000000000000000000000000000000
0000000000000001100000000000000110000000000000000000000000000000000000000000000000
0000000000000011000000000000000011000000000000000000000000000000000000000000000000
0000000000000110000000000000000001100000000000000000000000000000000000000000000000
0000000000001100000000000000000000110000000000000000000000000000000000000000000000
0000000000011000000000000000000000011000000000000000000000000000000000000000000000
0000000000110000000000000000000000001100000000000000000000000000000000000000000000
0000000001100000000000000000000000000110000000000000000000000000000000000000000000
0000000011000000000000000000000000000011000000000000000000000000000000000000000000
0000000110000000000000000000000000000001100000000000000000000000000000000000000000
0000001100000000000000000000000000000000110000000000000000000000000000000000000000
0000011000000000000000000000000000000000011000000000000000000000000000000000000000
0000110000000000000000000000000000000000001100000000000000000000000000000000000000
0000110000000000000000000000000000000000011100000000000000000000000000000000000000
0000011000000000000000000000000000000000111000000000000000000000000000000000000000
0000001100000000000000000000000000000001110000000000000000000000000000000000000000
0000000110000000000000000000000000000011100000000000000000000000000000000000000000
0000000011000000000000000000000000000111000000000000000000000000000000000000000000
0000000001100000000000000000000000001110000000000000000000000000000000000000000000
0000000000110000000000000000000000011100000000000000000000000000000000000000000000
0000000000011000000000000000000000111000000000000000000000000000000000000000000000
0000000000001100000000000000000001110000000000000000000000000000000000000000000000
0000000000000110000000000000000011100000000000000000000000000000000000000000000000
0000000000000011000000000000000111000000000000000000000000000000000000000000000000
0000000000000001100000000000001110000000000000000000000000000000000000000000000000
0000000000000000110000000000011100000000000000000000000000000000000000000000000000
0000000000000000011000000000111000000000000000000000000000000000000000000000000000
0000000000000000001100000001110000000000000000000000000001100000000000000000000000
0000000000000000000110000011100000000000000000000000000011110000000000000000000000
0000000000000000000011000111000000000000000000000000000110011000000000000000000000
0000000000000000000001101110000000000000000000000000001100001100000000000000000000
0000000000000000000000111100000000000000000000000000011000000110000000000000000000
0000000000000000000000011000000000000000000000000000110000000011000000000000000000
0000000000000000000000000000000000000000000000000001100000000001100000000000000000
0000000000000000000000000000000000000000000000000011000000000000110000000000000000
0000000000000000000000000000000000000000000000000110000000000000011000000000000000
0000000000000000000000000000000000000000000000001100000000000000001100000000000000
0000000000000000000000000000000000000000000000011000000000000000000110000000000000
0000000000000000000000000000000000000000000000110000000000000000000011000000000000
0000000000000000000000000000000000000000000001100000000000000000000001100000000000
0000000000000000000000000000000000000000000011000000000000000000000000110000000000
0000000000000000000000000000000000000000000110000000000000000000000000011000000000
0000000000000000000000000000000000000000001100000000000000000000000000001100000000
0000000000000000000000000000000000000000011000000000000000000000000000000110000000
0000000000000000000000000000000000000000110000000000000000000000000000000011000000
0000000000000000000000000000000000000001100000000000000000000000000000000001100000
0000000000000000000000000000000000000011000000000000000000000000000000000000110000
0000000000000000000000000000000000000011000000000000000000000000000000000000110000
0000000000000000000000000000000000000001100000000000000000000000000000000001100000
0000000000000000000000000000000000000000110000000000000000000000000000000011000000
0000000000000000000000000000000000000000011000000000000000000000000000000110000000
0000000000000000000000000000000000000000001100000000000000000000000000001100000000
0000000000000000000000000000000000000000000110000000000000000000000000011000000000
0000000000000000000000000000000000000000000011000000000000000000000000110000000000
0000000000000000000000000000000000000000000001100000000000000000000001100000000000
0000000000000000000000000000000000000000000000110000000000000000000011000000000000
0000000000000000000000000000000000000000000000011000000000000000000110000000000000
0000000000000000000000000000000000000000000000001100000000000000001100000000000000
0000000000000000000000000000000000000000000000000110000000000000011000000000000000
0000000000000000000000000000000000000000000000000011000000000000110000000000000000
0000000000000000000000000000000000000000000000000001100000000001100000000000000000
0000000000000000000000000000000000000000000000000000110000000011000000000000000000
0000000000000000000000000000000000000000000000000000011000000110000000000000000000
0000000000000000000000000000000000000000000000000000001100001100000000000000000000
0000000000000000000000000000000000000000000000000000000110011000000000000000000000
0000000000000000000000000000000000000000000000000000000011110000000000000000000000
0000000000000000000000000000000000000000000000000000000001100000000000000000000000
0000000000000000000000000000000000000000000000000000000000000000000000000000000000
0000000000000000000000000000000000000000000000000000000000000000000000000000000000
0000000000000000000000000000000000000000000000000000000000000000000000000000000000
0000000000000000000000000000000000000000000000000000000000000000000000000000000000

0000000000000000000000000000000000000000000000000000000000000000000000000000000000
0000000000000000000000000000000000000000000000000000000000000000000000000000000000
0000000000000000000000000000000000000000000000000000000000000000000000000000000000
0000000000000000000000000000000000000000000000000000000000000000000000000000000000
0000000000000000000000000000000000000000000000000000000000000000000000000000000000
0000000000000000000000000000000000000000000000000000000000000000000000000000000000
0000000000000000000000000000000000000000000000000000000000000000000000000000000000
0000000000000000000000000000000000000000000000000000000000000000000000000000000000
0000000000000000000001100000000000000000000000000000000000000000000000000000000000
0000000000000000000001110000000000000000000000000000000000000000000000000000000000
0000000000000000000011110000000000000000000000000000000000000000000000000000000000
0000000000000000000010011000000000000000000000000000000000000000000000000000000000
0000000000000000000110011000000000000000000000000000000000000000000000000000000000
0000000000000000000110001100000000000000000000000000000000000000000000000000000000
0000000000000000001100001100000000000000000000000000000000000000000000000000000000
0000000000000000001100000110000000000000000000000000000000000000000000000000000000
0000000000000000011000000110000000000000000000000000000000000000000000000000000000
0000000000000000011000000011000000000000000000000000000000000000000000000000000000
0000000000000000110000000011000000000000000000000000000000000000000000000000000000
0000000000000000110000000001100000000000000000000000000000000000000000000000000000
0000000000000001100000000001100000000000000000000000000000000000000000000000000000
0000000000000001100000000000110000000000000000000000000000000000000000000000000000
0000000000000011000000000000110000000000000000000000000000000000000000000000000000
0000000000000011000000000000011000000000000000000000000000000000000000000000000000
0000000000000110000000000000011000000000000000000000000000000000000000000000000000
0000000000000110000000000000001100000000000000000000000000000000000000000000000000
0000000000001100000000000000001100000000000000000000000000000000000000000000000000
0000000000001100000000000000000110000000000000000000000000000000000000000000000000
0000000000011000000000000000000110000000000000000000000000000000000000000000000000
0000000000011000000000000000000011000000000000000000000000000000000000000000000000
0000000000110000000000000000000011000000000000000000000000000000000000000000000000
0000000000110000000000000000000001100000000000000000000000000000000000000000000000
0000000001100000000000000000000001100000000000000000000000000000000000000000000000
0000000001000000000000000000000000110000000000000000000000000000000000000000000000
0000000011000000000000000000000000110000000000000000000000000000000000000000000000
0000000011111111111111111111111111111000000000000000000000000000000000000000000000
0000000001111111111111111111111111110000000000000000000000000000000000000000000000
0000000000000000000000000000000000000000000000000000000000000000000000000000000000
0000000000000000000000000000000000000000000000000000000000000000000000000000000000
0000000000000000000000000000000000000000000000000000000000000000000000000000000000
0000000000000000000000000000000000000000000000000000000000000000000000000000000000
0000000000000000000000000000000000000000000000000000000000000000000000000000000000
0000000000000000000000000000000000000000000000000000000000000000000000000000000000
0000000000000000000000000000000000000000000000000000000000000000000000000000000000
0000000000000000000000000000000000000000000011111111111111111111111111111000000000
0000000000000000000000000000000000000000000011000000000000000000000000110000000000
0000000000000000000000000000000000000000000001000000000000000000000000110000000000
0000000000000000000000000000000000000000000001100000000000000000000000100000000000
0000000000000000000000000000000000000000000000110000000000000000000001100000000000
0000000000000000000000000000000000000000000000110000000000000000000001000000000000
0000000000000000000000000000000000000000000000011000000000000000000011000000000000
0000000000000000000000000000000000000000000000011000000000000000000010000000000000
0000000000000000000000000000000000000000000000001100000000000000000110000000000000
0000000000000000000000000000000000000000000000001100000000000000000100000000000000
0000000000000000000000000000000000000000000000000110000000000000001100000000000000
0000000000000000000000000000000000000000000000000110000000000000001000000000000000
0000000000000000000000000000000000000000000000000011000000000000011000000000000000
0000000000000000000000000000000000000000000000000011000000000000010000000000000000
0000000000000000000000000000000000000000000000000001100000000000110000000000000000
0000000000000000000000000000000000000000000000000001100000000000100000000000000000
0000000000000000000000000000000000000000000000000000110000000001100000000000000000
0000000000000000000000000000000000000000000000000000110000000001000000000000000000
0000000000000000000000000000000000000000000000000000011000000011000000000000000000
0000000000000000000000000000000000000000000000000000011000000010000000000000000000
0000000000000000000000000000000000000000000000000000001100000110000000000000000000
0000000000000000000000000000000000000000000000000000001100000100000000000000000000
0000000000000000000000000000000000000000000000000000000110001100000000000000000000
0000000000000000000000000000000000000000000000000000000110001000000000000000000000
0000000000000000000000000000000000000000000000000000000011011000000000000000000000
0000000000000000000000000000000000000000000000000000000011010000000000000000000000
0000000000000000000000000000000000000000000000000000000001110000000000000000000000
0000000000000000000000000000000000000000000000000000000001100000000000000000000000
0000000000000000000000000000000000000000000000000000000000100000000000000000000000
0000000000000000000000000000000000000000000000000000000000000000000000000000000000
0000000000000000000000000000000000000000000000000000000000000000000000000000000000
0000000000000000000000000000000000000000000000000000000000000000000000000000000000
0000000000000000000000000000000000000000000000000000000000000000000000000000000000
0000000000000000000000000000000000000000000000000000000000000000000000000000000000
0000000000000000000000000000000000000000000000000000000000000000000000000000000000
0000000000000000000000000000000000000000000000000000000000000000000000000000000000
0000000000000000000000000000000000000000000000000000000000000000000000000000000000
0000000000000000000000000000000000000000000000000000000000000000000000000000000000

== SDRs ==
01000100000000000000110100000100
00000100001000000000000000001010
00010000001000000000000001000000
01000010000000010101001000101000
00000000000000001000000000000000
00000000001100000000000010000011
01000000100000000000000000010000
00000000000100000010000001000000
00000110000000000001100000000100
10000000001000001000101100010000
00000000000000000010000000100000
00000000000000000000000000000000
00000000011000000000000000000001
00000000000000000010000011000000
00010110100000000000000000000000
00100000000010100000001010000000
10000000000000000000000000011000
00000000001100000000100010000000
00001000000001000000000001000000
00001000000001000100000000010000
00001000001010000000000000000100
00000000000000000010100000000000
00101001000000000000001000000000
00000010010000010000000000001000
00000100000000001000000000000000
00000000000000101000000010000000
00000010000000000000000000001100
00000000000000001000000000000100
00000000000000001000011000001000
10000100000000000000000100000000
00000001010000010000000000000000
00000000000000000000000001001000

00001000000101000001000010001000
11000001000000000000000000000000
00000000000000000101110000000000
00001000100000100100000100000000
00001000001000001000000000000000
00010000000100000010000010100000
01000000000000000000000000000000
00100000010000000000000000000001
00000000000000100000000001000000
00000000000000000000000001000100
10100000001000101000100100000000
00000000000000000000000000000000
01000100100000000010000010000001
00000000001000010000000100110000
00001000100001000000000000000001
00001000000001000000000000000100
00000000001001000000010000000000
01010100000000000010001010010100
00000000100000000001000101010000
00000000001000000000000011101001
01000000001000000100000010000000
00000000000000000000000000010000
00000010010000100000000010000000
00000010000000110000100000000000
10000000010001000000000000000010
00000000010001001000100000000001
00011000000000000000000110000010
00011010000001001000000000001000
00000000010001100000000010000000
00001000000001100000000000001000
01000000011000100000000010100000
00000100001000000000000000000100

10100000000000011000001001001000
00001000100000000000001010000001
00010000100100000000000000000100
00000000000000000000011011000000
00000010001000000000010001000000
00100000000010000000001000100000
10011000001001110000000000000010
00000100000100000000000000000000
10110000011000000000010000000000
00000101010000010000000000000010
00000000000000100000010010000000
10000011000001000000000010010000
00100000100000001000000000000000
10000000000000000000000000000010
00000000000000000100010000000000
00000000010100000000100000100000
10000000000000000000000000100100
00001010000000000110010010000000
00100000100100001001011000000010
00000010000000000000000000001101
00100000000000001000000000100000
00110001000000000000001000000001
00010011000000001000010000000000
00000000000010000001100101000100
10110000001100000000000100010001
00000101000100000000000000000000
00000000000001010000000000001000
00000000110001000000000010001001
10001000100000010000000000000000
01000000000000000001001001000100
01010000000000000001010001000100
00000000000010000010000010100000

10100000000000010000001001011000
00001001100000000000001010000001
00010000100000000000000000000100
00000000000000000001010011000000
00000010001000000000000001000000
00100000000010000000101000000000
10000000000001111000000000000000
00000100000100000100000000000000
00000000011001000000010100000000
00000100000000010000000000000010
00000000000000000000010000000000
10000001000001011000000010010000
00100000100000001000000100000000
10000000000000000000000000000110
00000000000000000000010000000000
00000000001000000000100000101010
00000000100000000000000000100110
10001010000000000100000010000000
00100000000100001001001000000010
00000010100000000000000000000101
00100000000000001100000000100000
00000000100000000000001000000001
00011010000000001000010000000000
00001000000010000001100000000100
10110000001100000000000100010101
01000101001100000000000000000000
00000100000000000000000000000100
00010000110001000000000010001001
10001000100000010000000000000000
01000000001000000001001000000000
00000001000000000001010001000100
00000000000010000010000010100000

00000000000011001000110000000100
00000000001010100000000000000010
00010000001000010000000011010000
11000000000000010000000000001001
00001000000100000010000000000000
00000000000000000000000011000001
01000000100001000000000000001100
00000000000100000010000001000010
01000010000001000000100000000100
00000000001100001000101100000000
10000000110000100010000000100010
00010000000000000000000000000000
00000000011000000100001000001000
00000000000000000010000000000000
00011011100000000000000000000001
00000000000010100000001000000100
00000000000000000000000000010000
01000000000001001000000000000000
00000011000001000000000001000000
00100000000010000000000000010000
00001100000010000100010010000100
10000000000000000000000000000010
01110001000000000000010010000000
00000000110000010000000000000000
00000100000000000000000000100010
00000001100001100000000000000001
00011010000000000000000100011000
00000001000010011000000000000010
00000000010001001001000000001000
11100100000000000000000100000000
00100000000000000000000000000000
00000000000000000000000001001000

00000000010110010000000010001000
00010000000000000100100100000001
00000000000001000000000000000000
00010000101000000100010000100100
00000000000000000000000100000000
00100000000000000000000001100000
10000000010000000000100000001000
00000101000000000000000000010110
00000100001000000000101000000010
00000000000000000000000100001000
00010000100000010010000000000000
00000010000000000000001000010000
00100000000000000000000000001001
00000010100010010000000000001100
00010000000000000010000000000000
01000000000000000000000100000000
10010100000000000000000000100100
00000000000000010000000000000000
00000000000100001001011001000000
00011000100001000000000000000000
00100000000000001000000010100000
00100001000000010000000000000001
00011000001000001011000000001000
01001100000000000100000000010000
01100000000000000000000000000000
00001000001000000000000000000001
01100000001010000000000000000001
00000000000001000000000100110000
00010000100000000000000000001000
01000100000000000000000010000000
10010000000000000001000010000010
00100000000010100000001000000001

00000000000000000001010010000000
00000000000000000001000000000010
00010000100001100000000000000000
00010000000000000000000000100110
00011000000010000010000000000000
00000000000000000000000000000000
00000000000000000000000000001010
00000000010000000000000010100110
00000000000001000000010000000001
00000000001000000000010100000100
01001000001000100000000101000010
10100000000000000000010010000000
00000000001000011000001000000000
00100000000000000000010000010000
10000010001000000000100000000010
00000000000000000000000000000001
00000000000001100010000000000000
00000010000000011000001000010000
00101010101000000000000101000000
00000000000000000000000100100010
00000100001000000000000000000010
10110000000010000000000000000001
10000000011000000000000010100000
10000000000000101000000000001000
10010100001001000000000000000000
01010011100000001000000000000100
00001000000000000000100000100000
11000011000000010000000000000000
00000010000000000100100000000000
10100100000000000000011000100000
10000000000000000000000000000000
11100100000000000000000000000100

00001000000000001000001000000000
00010001001010000000000000000000
00000000110000000100000000000101
00000010010000100000000000010010
01000000000000000000000010010000
00100000000000000000000001000001
10000001000000000000000000000000
00000000000001000000000000000010
10000000000001000000000100000000
00000000000000001000000000000000
10000000010000000000001110000010
00000000001000000000000110000000
00000001000000100000000000000000
00000000000000000000000011010000
00000000100000000010000000000000
00000000001000000000000000100110
00000000000000000000000000010000
00000000001000010000000011000010
00001010000100010001000001000000
00000000001001000000000000001000
00000000100000010000000000100000
00000000110010000000000000001001
00000001100000101000000000000000
00000000000000001000000100000000
00000000001000000000000000000000
00101010000000100000000000000000
01000100000000000000011010001000
11110001010100000010000000000010
10100000000000000000000000010000
00011000000000000000001100011000
10001000000000000000110000000000
00000100000000000000000000000100

00001000010000010010100011001000
10010000000000000001000000000000
00100000000000010000000000000000
00000100000000000010000000000000
00000000110010000010000000000000
00000000000000000100100000100001
00000000000000011010000000000010
00000000011101000000000000000010
00000000000000000001000000000011
00000000010000001100000001000100
00001100100000101010000001000000
00000011000000000000000000010000
01100000000000100010100000000001
00000001010000000000000000000100
00010000000100010000101000000100
11001000000000000000001000000000
00000000000000100110000010010010
00100000010000011000000000010000
00001000000000011000001101000000
10000000000000000000000010100001
00010100000000101100000001000000
00010000000000000000000001000001
00000000000000000000000000000000
01100011000000000000000000000000
00100001000000000000000000000001
00000000101001000000000010000101
00000000001000000000000000001010
01010000100100000000000001100000
00000000000000010000000100000000
01000100000000000000000110100000
00010000000100100010000000100000
00000000000000010010000000000000

