== Attributes ==
title=2x1 Basic Problem 03
type= 2x1
result=4
window_size=(82, 82)

== Input ==
0000000000000000000000000000000000000000000000000000000000000000000000000000000000
0000000000000000000000000000000000000000000000000000000000000000000000000000000000
0000000000000000000000000000000000000000000000000000000000000000000000000000000000
0000000000000000000000000000000000000000000000000000000000000000000000000000000000
0000000000000000000000000000000000000000000000000000000000000000000000000000000000
0000000000000000000000000000000000000000000000000000000000000000000000000000000000
0000000000000000000000000000000000000000000000000000000000000000000000000000000000
0000000000000000000000000000000000000000000000000000000000000000000000000000000000
0000000000000000000000000000000000000000000000000000000000000000000000000000000000
0000000000000000000000000000000000000000000000000000000000000000000000000000000000
0000000000000000000000000000000000000000000000000000000000000000000000000000000000
0000000000000000000000000000000000000000000000000000000000000000000000000000000000
0000000000000000000000000000000000000000000000000000000000000000000000000000000000
0000000000000000000000000000000000001111111110000000000000000000000000000000000000
0000000000000000000000000000000011111111111111111000000000000000000000000000000000
0000000000000000000000000000011111100000000000011111000000000000000000000000000000
0000000000000000000000000001111000000000000000000011110000000000000000000000000000
0000000000000000000000000011100000000000000000000000111100000000000000000000000000
0000000000000000000000001110000000000000000000000000001110000000000000000000000000
0000000000000000000000011100000000000000000000000000000011000000000000000000000000
0000000000000000000000110000000000000000000000000000000001110000000000000000000000
0000000000000000000001100000000000000000000000000000000000111000000000000000000000
0000000000000000000011000000000000000000000000000000000000011100000000000000000000
0000000000000000000110000000000000000000000000000000000000001110000000000000000000
0000000000000000001100000000000000000000000000000000000000000110000000000000000000
0000000000000000011000000000000000000000000000000000000000000011000000000000000000
0000000000000000011000000000000000000000000000000000000000000001100000000000000000
0000000000000000110000000000000000000000000000000000000000000001100000000000000000
0000000000000000100000000000000000000000000000000000000000000000110000000000000000
0000000000000001100000000000000000000000000000000000000000000000010000000000000000
0000000000000001000000000000000000000000000000000000000000000000011000000000000000
0000000000000011000000000000000000000000000000000000000000000000011000000000000000
0000000000000011000000000000000000000000000000000000000000000000001000000000000000
0000000000000010000000000000000000000000000000000000000000000000001100000000000000
0000000000000110000000000000000000000000000000000000000000000000001100000000000000
0000000000000110000000000000000000000000000000000000000000000000000100000000000000
0000000000000100000000000000000000000000000000000000000000000000000110000000000000
0000000000000100000000000000000000000000000000000000000000000000000110000000000000
0000000000000100000000000000000000000000000000000000000000000000000110000000000000
0000000000001100000000000000000000000000000000000000000000000000000110000000000000
0000000000001100000000000000000000000000000000000000000000000000000110000000000000
0000000000001100000000000000000000000000000000000000000000000000000110000000000000
0000000000001100000000000000000000000000000000000000000000000000000110000000000000
0000000000001100000000000000000000000000000000000000000000000000000110000000000000
0000000000000100000000000000000000000000000000000000000000000000000110000000000000
0000000000000100000000000000000000000000000000000000000000000000000110000000000000
0000000000000100000000000000000000000000000000000000000000000000000110000000000000
0000000000000110000000000000000000000000000000000000000000000000000100000000000000
0000000000000110000000000000000000000000000000000000000000000000001100000000000000
0000000000000010000000000000000000000000000000000000000000000000001100000000000000
0000000000000011000000000000000000000000000000000000000000000000001000000000000000
0000000000000011000000000000000000000000000000000000000000000000011000000000000000
0000000000000001000000000000000000000000000000000000000000000000011000000000000000
0000000000000001100000000000000000000000000000000000000000000000110000000000000000
0000000000000000100000000000000000000000000000000000000000000000110000000000000000
0000000000000000110000000000000000000000000000000000000000000001100000000000000000
0000000000000000011000000000000000000000000000000000000000000001100000000000000000
0000000000000000011000000000000000000000000000000000000000000011000000000000000000
0000000000000000001100000000000000000000000000000000000000000110000000000000000000
0000000000000000000110000000000000000000000000000000000000001100000000000000000000
0000000000000000000011000000000000000000000000000000000000011100000000000000000000
0000000000000000000001100000000000000000000000000000000000111000000000000000000000
0000000000000000000000110000000000000000000000000000000001100000000000000000000000
0000000000000000000000011100000000000000000000000000000011000000000000000000000000
0000000000000000000000001110000000000000000000000000001110000000000000000000000000
0000000000000000000000000011100000000000000000000000111000000000000000000000000000
0000000000000000000000000000111100000000000000000011110000000000000000000000000000
0000000000000000000000000000001111100000000000111111000000000000000000000000000000
0000000000000000000000000000000001111111111111111000000000000000000000000000000000
0000000000000000000000000000000000000111111100000000000000000000000000000000000000
0000000000000000000000000000000000000000000000000000000000000000000000000000000000
0000000000000000000000000000000000000000000000000000000000000000000000000000000000
0000000000000000000000000000000000000000000000000000000000000000000000000000000000
0000000000000000000000000000000000000000000000000000000000000000000000000000000000
0000000000000000000000000000000000000000000000000000000000000000000000000000000000
0000000000000000000000000000000000000000000000000000000000000000000000000000000000
0000000000000000000000000000000000000000000000000000000000000000000000000000000000
0000000000000000000000000000000000000000000000000000000000000000000000000000000000
0000000000000000000000000000000000000000000000000000000000000000000000000000000000
0000000000000000000000000000000000000000000000000000000000000000000000000000000000
0000000000000000000000000000000000000000000000000000000000000000000000000000000000
0000000000000000000000000000000000000000000000000000000000000000000000000000000000

0000000000000000000000000000000000000000000000000000000000000000000000000000000000
0000000000000000000000000000000000000000000000000000000000000000000000000000000000
0000000000000000000000000000000000000000000000000000000000000000000000000000000000
0000000000000000000000000000000000000000000000000000000000000000000000000000000000
0000000000000000000000000000000000000000000000000000000000000000000000000000000000
0000000000000000000000000000000000000000000000000000000000000000000000000000000000
0000000000000000000000000000000000000000000000000000000000000000000000000000000000
0000000000000000000000000000000000000000000000000000000000000000000000000000000000
0000000000000000000000000000000000000000000000000000000000000000000000000000000000
0000000000000000000000000000000000000000000000000000000000000000000000000000000000
0000000000000000000000000000000000000000000000000000000000000000000000000000000000
0000000000000000000000000000000000000000000000000000000000000000000000000000000000
0000000000000000000000000000000000000000000000000000000000000000000000000000000000
0000000000000000000000000000000000000000000000000000000000000000000000000000000000
0000000000000000000000000000000000000000000000000000000000000000000000000000000000
0000000000000000000000000000000000000000000000000000000000000000000000000000000000
0000000000000000000000000000000000000000000000000000000000000000000000000000000000
0000000000000000000000000000000000000000000000000000000000000000000000000000000000
0000000000000000000000000000000000000000000000000000000000000000000000000000000000
0000000000000000000000000000000000000000000000000000000000000000000000000000000000
0000000000000000000000000000000000000000000000000000000000000000000000000000000000
0000000000000000000000000000000000000000000000000000000000000000000000000000000000
0000000000000000000000000000000000000000000000000000000000000000000000000000000000
0000000000000000000000000000000000000000000000000000000000000000000000000000000000
0000000000000000000000000000000000000000000000000000000000000000000000000000000000
0000000000000000000000000000000000000000000000000000000000000000000000000000000000
0000000000000000000000000000000000000000000000000000000000000000000000000000000000
0000000000000000000000000000000000000000110000000000000000000000000000000000000000
0000000000000000000000000000000000001111111111000000000000000000000000000000000000
0000000000000000000000000000000000111111111111110000000000000000000000000000000000
0000000000000000000000000000000001111111111111111100000000000000000000000000000000
0000000000000000000000000000000111111111111111111110000000000000000000000000000000
0000000000000000000000000000000111111111111111111111000000000000000000000000000000
0000000000000000000000000000001111111111111111111111000000000000000000000000000000
0000000000000000000000000000011111111111111111111111100000000000000000000000000000
0000000000000000000000000000011111111111111111111111110000000000000000000000000000
0000000000000000000000000000111111111111111111111111110000000000000000000000000000
0000000000000000000000000000111111111111111111111111110000000000000000000000000000
0000000000000000000000000000111111111111111111111111110000000000000000000000000000
0000000000000000000000000001111111111111111111111111111000000000000000000000000000
0000000000000000000000000001111111111111111111111111111000000000000000000000000000
0000000000000000000000000001111111111111111111111111111000000000000000000000000000
0000000000000000000000000001111111111111111111111111111000000000000000000000000000
0000000000000000000000000000111111111111111111111111111000000000000000000000000000
0000000000000000000000000000111111111111111111111111110000000000000000000000000000
0000000000000000000000000000111111111111111111111111110000000000000000000000000000
0000000000000000000000000000111111111111111111111111110000000000000000000000000000
0000000000000000000000000000011111111111111111111111100000000000000000000000000000
0000000000000000000000000000011111111111111111111111100000000000000000000000000000
0000000000000000000000000000001111111111111111111111000000000000000000000000000000
0000000000000000000000000000000111111111111111111110000000000000000000000000000000
0000000000000000000000000000000011111111111111111100000000000000000000000000000000
0000000000000000000000000000000001111111111111111000000000000000000000000000000000
0000000000000000000000000000000000011111111111100000000000000000000000000000000000
0000000000000000000000000000000000000111111110000000000000000000000000000000000000
0000000000000000000000000000000000000000000000000000000000000000000000000000000000
0000000000000000000000000000000000000000000000000000000000000000000000000000000000
0000000000000000000000000000000000000000000000000000000000000000000000000000000000
0000000000000000000000000000000000000000000000000000000000000000000000000000000000
0000000000000000000000000000000000000000000000000000000000000000000000000000000000
0000000000000000000000000000000000000000000000000000000000000000000000000000000000
0000000000000000000000000000000000000000000000000000000000000000000000000000000000
0000000000000000000000000000000000000000000000000000000000000000000000000000000000
0000000000000000000000000000000000000000000000000000000000000000000000000000000000
0000000000000000000000000000000000000000000000000000000000000000000000000000000000
0000000000000000000000000000000000000000000000000000000000000000000000000000000000
0000000000000000000000000000000000000000000000000000000000000000000000000000000000
0000000000000000000000000000000000000000000000000000000000000000000000000000000000
0000000000000000000000000000000000000000000000000000000000000000000000000000000000
0000000000000000000000000000000000000000000000000000000000000000000000000000000000
0000000000000000000000000000000000000000000000000000000000000000000000000000000000
0000000000000000000000000000000000000000000000000000000000000000000000000000000000
0000000000000000000000000000000000000000000000000000000000000000000000000000000000
0000000000000000000000000000000000000000000000000000000000000000000000000000000000
0000000000000000000000000000000000000000000000000000000000000000000000000000000000
0000000000000000000000000000000000000000000000000000000000000000000000000000000000
0000000000000000000000000000000000000000000000000000000000000000000000000000000000
0000000000000000000000000000000000000000000000000000000000000000000000000000000000
0000000000000000000000000000000000000000000000000000000000000000000000000000000000
0000000000000000000000000000000000000000000000000000000000000000000000000000000000
0000000000000000000000000000000000000000000000000000000000000000000000000000000000
0000000000000000000000000000000000000000000000000000000000000000000000000000000000

0000000000000000000000000000000000000000000000000000000000000000000000000000000000
0000000000000000000000000000000000000000000000000000000000000000000000000000000000
0000000000000000000000000000000000000000000000000000000000000000000000000000000000
0000000000000000000000000000000000000000000000000000000000000000000000000000000000
0000000000000000000000000000000000000000000000000000000000000000000000000000000000
0000000000000000000000000000000000000000000000000000000000000000000000000000000000
0000000000000000000000000000000000000000000000000000000000000000000000000000000000
0000000000000000000000000000000000000000000000000000000000000000000000000000000000
0000000000000000000000000000000000000000000000000000000000000000000000000000000000
0000000000000000000000000000000000000000000000000000000000000000000000000000000000
0000000000000000000000000000000000000000000000000000000000000000000000000000000000
0000000000000000000000000000000000000000000000000000000000000000000000000000000000
0000000000000000000000000000000000000000000000000000000000000000000000000000000000
0000000000000111111111111111111111111111111111111111111111111111111110000000000000
0000000000000111111111111111111111111111111111111111111111111111111110000000000000
0000000000000100000000000000000000000000000000000000000000000000000010000000000000
0000000000000100000000000000000000000000000000000000000000000000000010000000000000
0000000000000100000000000000000000000000000000000000000000000000000010000000000000
0000000000000100000000000000000000000000000000000000000000000000000010000000000000
0000000000000100000000000000000000000000000000000000000000000000000010000000000000
0000000000000100000000000000000000000000000000000000000000000000000010000000000000
0000000000000100000000000000000000000000000000000000000000000000000010000000000000
0000000000000100000000000000000000000000000000000000000000000000000010000000000000
0000000000000100000000000000000000000000000000000000000000000000000010000000000000
0000000000000100000000000000000000000000000000000000000000000000000010000000000000
0000000000000100000000000000000000000000000000000000000000000000000010000000000000
0000000000000100000000000000000000000000000000000000000000000000000010000000000000
0000000000000100000000000000000000000000000000000000000000000000000010000000000000
0000000000000100000000000000000000000000000000000000000000000000000010000000000000
0000000000000100000000000000000000000000000000000000000000000000000010000000000000
0000000000000100000000000000000000000000000000000000000000000000000010000000000000
0000000000000100000000000000000000000000000000000000000000000000000010000000000000
0000000000000100000000000000000000000000000000000000000000000000000010000000000000
0000000000000100000000000000000000000000000000000000000000000000000010000000000000
0000000000000100000000000000000000000000000000000000000000000000000010000000000000
0000000000000100000000000000000000000000000000000000000000000000000010000000000000
0000000000000100000000000000000000000000000000000000000000000000000010000000000000
0000000000000100000000000000000000000000000000000000000000000000000010000000000000
0000000000000100000000000000000000000000000000000000000000000000000010000000000000
0000000000000100000000000000000000000000000000000000000000000000000010000000000000
0000000000000100000000000000000000000000000000000000000000000000000010000000000000
0000000000000100000000000000000000000000000000000000000000000000000010000000000000
0000000000000100000000000000000000000000000000000000000000000000000010000000000000
0000000000000100000000000000000000000000000000000000000000000000000010000000000000
0000000000000100000000000000000000000000000000000000000000000000000010000000000000
0000000000000100000000000000000000000000000000000000000000000000000010000000000000
0000000000000100000000000000000000000000000000000000000000000000000010000000000000
0000000000000100000000000000000000000000000000000000000000000000000010000000000000
0000000000000100000000000000000000000000000000000000000000000000000010000000000000
0000000000000100000000000000000000000000000000000000000000000000000010000000000000
0000000000000100000000000000000000000000000000000000000000000000000010000000000000
0000000000000100000000000000000000000000000000000000000000000000000010000000000000
0000000000000100000000000000000000000000000000000000000000000000000010000000000000
0000000000000100000000000000000000000000000000000000000000000000000010000000000000
0000000000000100000000000000000000000000000000000000000000000000000010000000000000
0000000000000100000000000000000000000000000000000000000000000000000010000000000000
0000000000000100000000000000000000000000000000000000000000000000000010000000000000
0000000000000100000000000000000000000000000000000000000000000000000010000000000000
0000000000000100000000000000000000000000000000000000000000000000000010000000000000
0000000000000100000000000000000000000000000000000000000000000000000010000000000000
0000000000000100000000000000000000000000000000000000000000000000000010000000000000
0000000000000100000000000000000000000000000000000000000000000000000010000000000000
0000000000000100000000000000000000000000000000000000000000000000000010000000000000
0000000000000100000000000000000000000000000000000000000000000000000010000000000000
0000000000000100000000000000000000000000000000000000000000000000000010000000000000
0000000000000100000000000000000000000000000000000000000000000000000010000000000000
0000000000000100000000000000000000000000000000000000000000000000000010000000000000
0000000000000100000000000000000000000000000000000000000000000000000010000000000000
0000000000000111111111111111111111111111111111111111111111111111111110000000000000
0000000000000011111111111111111111111111111111111111111111111111111100000000000000
0000000000000000000000000000000000000000000000000000000000000000000000000000000000
0000000000000000000000000000000000000000000000000000000000000000000000000000000000
0000000000000000000000000000000000000000000000000000000000000000000000000000000000
0000000000000000000000000000000000000000000000000000000000000000000000000000000000
0000000000000000000000000000000000000000000000000000000000000000000000000000000000
0000000000000000000000000000000000000000000000000000000000000000000000000000000000
0000000000000000000000000000000000000000000000000000000000000000000000000000000000
0000000000000000000000000000000000000000000000000000000000000000000000000000000000
0000000000000000000000000000000000000000000000000000000000000000000000000000000000
0000000000000000000000000000000000000000000000000000000000000000000000000000000000
0000000000000000000000000000000000000000000000000000000000000000000000000000000000
0000000000000000000000000000000000000000000000000000000000000000000000000000000000

== Output ==
0000000000000000000000000000000000000000000000000000000000000000000000000000000000
0000000000000000000000000000000000000000000000000000000000000000000000000000000000
0000000000000000000000000000000000000000000000000000000000000000000000000000000000
0000000000000000000000000000000000000000000000000000000000000000000000000000000000
0000000000000000000000000000000000000000000000000000000000000000000000000000000000
0000000000000000000000000000000000000000000000000000000000000000000000000000000000
0000000000000000000000000000000000000000000000000000000000000000000000000000000000
0000000000000000000000000000000000000000000000000000000000000000000000000000000000
0000000000000000000000000000000000000000000000000000000000000000000000000000000000
0000000000000000000000000000000000000000000000000000000000000000000000000000000000
0000000000000000000000000000000000000000000000000000000000000000000000000000000000
0000000000000000000000000000000000000000000000000000000000000000000000000000000000
0000000000000000000000000000000000000000000000000000000000000000000000000000000000
0000000000000011111111111111111111111111111111111111111111111111111100000000000000
0000000000000111111111111111111111111111111111111111111111111111111100000000000000
0000000000000111111111111111111111111111111111111111111111111111111100000000000000
0000000000000111111111111111111111111111111111111111111111111111111100000000000000
0000000000000111111111111111111111111111111111111111111111111111111100000000000000
0000000000000111111111111111111111111111111111111111111111111111111100000000000000
0000000000000111111111111111111111111111111111111111111111111111111100000000000000
0000000000000111111111111111111111111111111111111111111111111111111100000000000000
0000000000000111111111111111111111111111111111111111111111111111111100000000000000
0000000000000111111111111111111111111111111111111111111111111111111100000000000000
0000000000000111111111111111111111111111111111111111111111111111111100000000000000
0000000000000111111111111111111111111111111111111111111111111111111100000000000000
0000000000000111111111111111111111111111111111111111111111111111111100000000000000
0000000000000111111111111111111111111111111111111111111111111111111100000000000000
0000000000000111111111111111111111111111111111111111111111111111111100000000000000
0000000000000111111111111111111111111111111111111111111111111111111100000000000000
0000000000000111111111111111111111111111111111111111111111111111111100000000000000
0000000000000111111111111111111111111111111111111111111111111111111100000000000000
0000000000000111111111111111111111111111111111111111111111111111111100000000000000
0000000000000111111111111111111111111111111111111111111111111111111100000000000000
0000000000000111111111111111111111111111111111111111111111111111111100000000000000
0000000000000111111111111111111111111111111111111111111111111111111100000000000000
0000000000000111111111111111111111111111111111111111111111111111111100000000000000
0000000000000111111111111111111111111111111111111111111111111111111100000000000000
0000000000000111111111111111111111111111111111111111111111111111111100000000000000
0000000000000111111111111111111111111111111111111111111111111111111100000000000000
0000000000000111111111111111111111111111111111111111111111111111111100000000000000
0000000000000111111111111111111111111111111111111111111111111111111100000000000000
0000000000000111111111111111111111111111111111111111111111111111111100000000000000
0000000000000111111111111111111111111111111111111111111111111111111100000000000000
0000000000000111111111111111111111111111111111111111111111111111111100000000000000
0000000000000111111111111111111111111111111111111111111111111111111100000000000000
0000000000000111111111111111111111111111111111111111111111111111111100000000000000
0000000000000111111111111111111111111111111111111111111111111111111100000000000000
0000000000000111111111111111111111111111111111111111111111111111111100000000000000
0000000000000111111111111111111111111111111111111111111111111111111100000000000000
0000000000000111111111111111111111111111111111111111111111111111111100000000000000
0000000000000111111111111111111111111111111111111111111111111111111100000000000000
0000000000000111111111111111111111111111111111111111111111111111111100000000000000
0000000000000111111111111111111111111111111111111111111111111111111100000000000000
0000000000000111111111111111111111111111111111111111111111111111111100000000000000
0000000000000111111111111111111111111111111111111111111111111111111100000000000000
0000000000000111111111111111111111111111111111111111111111111111111100000000000000
0000000000000111111111111111111111111111111111111111111111111111111100000000000000
0000000000000111111111111111111111111111111111111111111111111111111100000000000000
0000000000000111111111111111111111111111111111111111111111111111111100000000000000
0000000000000111111111111111111111111111111111111111111111111111111100000000000000
0000000000000111111111111111111111111111111111111111111111111111111100000000000000
0000000000000111111111111111111111111111111111111111111111111111111100000000000000
0000000000000111111111111111111111111111111111111111111111111111111100000000000000
0000000000000111111111111111111111111111111111111111111111111111111100000000000000
0000000000000111111111111111111111111111111111111111111111111111111100000000000000
0000000000000111111111111111111111111111111111111111111111111111111100000000000000
0000000000000111111111111111111111111111111111111111111111111111111100000000000000
0000000000000111111111111111111111111111111111111111111111111111111100000000000000
0000000000000000000000000000000000000000000000000000000000000000000000000000000000
0000000000000000000000000000000000000000000000000000000000000000000000000000000000
0000000000000000000000000000000000000000000000000000000000000000000000000000000000
0000000000000000000000000000000000000000000000000000000000000000000000000000000000
0000000000000000000000000000000000000000000000000000000000000000000000000000000000
0000000000000000000000000000000000000000000000000000000000000000000000000000000000
0000000000000000000000000000000000000000000000000000000000000000000000000000000000
0000000000000000000000000000000000000000000000000000000000000000000000000000000000
0000000000000000000000000000000000000000000000000000000000000000000000000000000000
0000000000000000000000000000000000000000000000000000000000000000000000000000000000
0000000000000000000000000000000000000000000000000000000000000000000000000000000000
0000000000000000000000000000000000000000000000000000000000000000000000000000000000
0000000000000000000000000000000000000000000000000000000000000000000000000000000000
0000000000000000000000000000000000000000000000000000000000000000000000000000000000

0000000000000000000000000000000000000000000000000000000000000000000000000000000000
0000000000000000000000000000000000000000000000000000000000000000000000000000000000
0000000000000000000000000000000000000000000000000000000000000000000000000000000000
0000000000000000000000000000000000000000000000000000000000000000000000000000000000
0000000000000000000000000000000000000000000000000000000000000000000000000000000000
0000000000000000000000000000000000000000000000000000000000000000000000000000000000
0000000000000000000000000000000000000000000000000000000000000000000000000000000000
0000000000000000000000000000000000000000000000000000000000000000000000000000000000
0000000000000000000000000000000000000000000000000000000000000000000000000000000000
0000000000000000000000000000000000000000000000000000000000000000000000000000000000
0000000000000000000000000000000000000000000000000000000000000000000000000000000000
0000000000000000000000000000000000000000000000000000000000000000000000000000000000
0000000000000000000000000000000000000000000000000000000000000000000000000000000000
0000000000000000000000000000000000000000000000000000000000000000000000000000000000
0000000000000000000000000000000000000000000000000000000000000000000000000000000000
0000000000000000000000000000000000000000000000000000000000000000000000000000000000
0000000000000000000000000000000000000000000000000000000000000000000000000000000000
0000000000000000000000000000000000000000000000000000000000000000000000000000000000
0000000000000000000000000000000000000000000000000000000000000000000000000000000000
0000000000000000000000000000000000000000000000000000000000000000000000000000000000
0000000000000000000000000000000000000000000000000000000000000000000000000000000000
0000000000000000000000000000000000000000000000000000000000000000000000000000000000
0000000000000000000000000000000000000000000000000000000000000000000000000000000000
0000000000000000000000000000000000000000000000000000000000000000000000000000000000
0000000000000000000000000000000000000000000000000000000000000000000000000000000000
0000000000000000000000000000000000000000000000000000000000000000000000000000000000
0000000000000000000000000000000000000000000000000000000000000000000000000000000000
0000000000000000000000000000000000000011111000000000000000000000000000000000000000
0000000000000000000000000000000000011111111111000000000000000000000000000000000000
0000000000000000000000000000000001111111111111110000000000000000000000000000000000
0000000000000000000000000000000011111111111111111100000000000000000000000000000000
0000000000000000000000000000000111111111111111111110000000000000000000000000000000
0000000000000000000000000000001111111111111111111111000000000000000000000000000000
0000000000000000000000000000011111111111111111111111000000000000000000000000000000
0000000000000000000000000000011111111111111111111111100000000000000000000000000000
0000000000000000000000000000111111111111111111111111100000000000000000000000000000
0000000000000000000000000000111111111111111111111111110000000000000000000000000000
0000000000000000000000000000111111111111111111111111110000000000000000000000000000
0000000000000000000000000001111111111111111111111111110000000000000000000000000000
0000000000000000000000000001111111111111111111111111110000000000000000000000000000
0000000000000000000000000001111111111111111111111111110000000000000000000000000000
0000000000000000000000000001111111111111111111111111110000000000000000000000000000
0000000000000000000000000001111111111111111111111111110000000000000000000000000000
0000000000000000000000000001111111111111111111111111110000000000000000000000000000
0000000000000000000000000000111111111111111111111111110000000000000000000000000000
0000000000000000000000000000111111111111111111111111110000000000000000000000000000
0000000000000000000000000000111111111111111111111111100000000000000000000000000000
0000000000000000000000000000011111111111111111111111100000000000000000000000000000
0000000000000000000000000000011111111111111111111111000000000000000000000000000000
0000000000000000000000000000001111111111111111111110000000000000000000000000000000
0000000000000000000000000000000111111111111111111110000000000000000000000000000000
0000000000000000000000000000000011111111111111111000000000000000000000000000000000
0000000000000000000000000000000001111111111111110000000000000000000000000000000000
0000000000000000000000000000000000011111111111000000000000000000000000000000000000
0000000000000000000000000000000000000001111000000000000000000000000000000000000000
0000000000000000000000000000000000000000000000000000000000000000000000000000000000
0000000000000000000000000000000000000000000000000000000000000000000000000000000000
0000000000000000000000000000000000000000000000000000000000000000000000000000000000
0000000000000000000000000000000000000000000000000000000000000000000000000000000000
0000000000000000000000000000000000000000000000000000000000000000000000000000000000
0000000000000000000000000000000000000000000000000000000000000000000000000000000000
0000000000000000000000000000000000000000000000000000000000000000000000000000000000
0000000000000000000000000000000000000000000000000000000000000000000000000000000000
0000000000000000000000000000000000000000000000000000000000000000000000000000000000
0000000000000000000000000000000000000000000000000000000000000000000000000000000000
0000000000000000000000000000000000000000000000000000000000000000000000000000000000
0000000000000000000000000000000000000000000000000000000000000000000000000000000000
0000000000000000000000000000000000000000000000000000000000000000000000000000000000
0000000000000000000000000000000000000000000000000000000000000000000000000000000000
0000000000000000000000000000000000000000000000000000000000000000000000000000000000
0000000000000000000000000000000000000000000000000000000000000000000000000000000000
0000000000000000000000000000000000000000000000000000000000000000000000000000000000
0000000000000000000000000000000000000000000000000000000000000000000000000000000000
0000000000000000000000000000000000000000000000000000000000000000000000000000000000
0000000000000000000000000000000000000000000000000000000000000000000000000000000000
0000000000000000000000000000000000000000000000000000000000000000000000000000000000
0000000000000000000000000000000000000000000000000000000000000000000000000000000000
0000000000000000000000000000000000000000000000000000000000000000000000000000000000
0000000000000000000000000000000000000000000000000000000000000000000000000000000000
0000000000000000000000000000000000000000000000000000000000000000000000000000000000
0000000000000000000000000000000000000000000000000000000000000000000000000000000000
0000000000000000000000000000000000000000000000000000000000000000000000000000000000

0000000000000000000000000000000000000000000000000000000000000000000000000000000000
0000000000000000000000000000000000000000000000000000000000000000000000000000000000
0000000000000000000000000000000000000000000000000000000000000000000000000000000000
0000000000000000000000000000000000000000000000000000000000000000000000000000000000
0000000000000000000000000000000000000000000000000000000000000000000000000000000000
0000000000000000000000000000000000000000000000000000000000000000000000000000000000
0000000000000000000000000000000000000000000000000000000000000000000000000000000000
0000000000000000000000000000000000000000000000000000000000000000000000000000000000
0000000000000000000000000000000000000000000000000000000000000000000000000000000000
0000000000000000000000000000000000000000000000000000000000000000000000000000000000
0000000000000000000000000000000000000000000000000000000000000000000000000000000000
0000000000000000000000000000000000000000000000000000000000000000000000000000000000
0000000000000000000000000000000000000000000000000000000000000000000000000000000000
0000000000000000000000000000000000000000000000000000000000000000000000000000000000
0000000000000000000000000000000000000000000000000000000000000000000000000000000000
0000000000000000000000000000000000000000000000000000000000000000000000000000000000
0000000000000000000000000000000000000000000000000000000000000000000000000000000000
0000000000000000000000000000000000000000000000000000000000000000000000000000000000
0000000000000000000000000000000000000000000000000000000000000000000000000000000000
0000000000000000000000000000000000000000000000000000000000000000000000000000000000
0000000000000000000000000000000000000000000000000000000000000000000000000000000000
0000000000000000000000000000000000000000000000000000000000000000000000000000000000
0000000000000000000000000000000000000000000000000000000000000000000000000000000000
0000000000000000000000000000000000000000000000000000000000000000000000000000000000
0000000000000000000000000000000000000000000000000000000000000000000000000000000000
0000000000000000000000000000000000000000000000000000000000000000000000000000000000
0000000000000000000000000000000000000000000000000000000000000000000000000000000000
0000000000000000000000000000000000001111111111000000000000000000000000000000000000
0000000000000000000000000000000000111100000011110000000000000000000000000000000000
0000000000000000000000000000000011100000000000011100000000000000000000000000000000
0000000000000000000000000000000111000000000000001110000000000000000000000000000000
0000000000000000000000000000001100000000000000000011000000000000000000000000000000
0000000000000000000000000000011000000000000000000001100000000000000000000000000000
0000000000000000000000000000010000000000000000000001100000000000000000000000000000
0000000000000000000000000000110000000000000000000000110000000000000000000000000000
0000000000000000000000000000100000000000000000000000010000000000000000000000000000
0000000000000000000000000001100000000000000000000000011000000000000000000000000000
0000000000000000000000000001100000000000000000000000011000000000000000000000000000
0000000000000000000000000001000000000000000000000000001000000000000000000000000000
0000000000000000000000000001000000000000000000000000001000000000000000000000000000
0000000000000000000000000011000000000000000000000000001000000000000000000000000000
0000000000000000000000000011000000000000000000000000001000000000000000000000000000
0000000000000000000000000001000000000000000000000000001000000000000000000000000000
0000000000000000000000000001000000000000000000000000001000000000000000000000000000
0000000000000000000000000001100000000000000000000000011000000000000000000000000000
0000000000000000000000000001100000000000000000000000011000000000000000000000000000
0000000000000000000000000000100000000000000000000000010000000000000000000000000000
0000000000000000000000000000110000000000000000000000110000000000000000000000000000
0000000000000000000000000000010000000000000000000001100000000000000000000000000000
0000000000000000000000000000011000000000000000000001100000000000000000000000000000
0000000000000000000000000000001100000000000000000011000000000000000000000000000000
0000000000000000000000000000000110000000000000001110000000000000000000000000000000
0000000000000000000000000000000011100000000000011100000000000000000000000000000000
0000000000000000000000000000000000111100000011110000000000000000000000000000000000
0000000000000000000000000000000000001111111111000000000000000000000000000000000000
0000000000000000000000000000000000000000110000000000000000000000000000000000000000
0000000000000000000000000000000000000000000000000000000000000000000000000000000000
0000000000000000000000000000000000000000000000000000000000000000000000000000000000
0000000000000000000000000000000000000000000000000000000000000000000000000000000000
0000000000000000000000000000000000000000000000000000000000000000000000000000000000
0000000000000000000000000000000000000000000000000000000000000000000000000000000000
0000000000000000000000000000000000000000000000000000000000000000000000000000000000
0000000000000000000000000000000000000000000000000000000000000000000000000000000000
0000000000000000000000000000000000000000000000000000000000000000000000000000000000
0000000000000000000000000000000000000000000000000000000000000000000000000000000000
0000000000000000000000000000000000000000000000000000000000000000000000000000000000
0000000000000000000000000000000000000000000000000000000000000000000000000000000000
0000000000000000000000000000000000000000000000000000000000000000000000000000000000
0000000000000000000000000000000000000000000000000000000000000000000000000000000000
0000000000000000000000000000000000000000000000000000000000000000000000000000000000
0000000000000000000000000000000000000000000000000000000000000000000000000000000000
0000000000000000000000000000000000000000000000000000000000000000000000000000000000
0000000000000000000000000000000000000000000000000000000000000000000000000000000000
0000000000000000000000000000000000000000000000000000000000000000000000000000000000
0000000000000000000000000000000000000000000000000000000000000000000000000000000000
0000000000000000000000000000000000000000000000000000000000000000000000000000000000
0000000000000000000000000000000000000000000000000000000000000000000000000000000000
0000000000000000000000000000000000000000000000000000000000000000000000000000000000
0000000000000000000000000000000000000000000000000000000000000000000000000000000000
0000000000000000000000000000000000000000000000000000000000000000000000000000000000
0000000000000000000000000000000000000000000000000000000000000000000000000000000000
0000000000000000000000000000000000000000000000000000000000000000000000000000000000

0000000000000000000000000000000000000000000000000000000000000000000000000000000000
0000000000000000000000000000000000000000000000000000000000000000000000000000000000
0000000000000000000000000000000000000000000000000000000000000000000000000000000000
0000000000000000000000000000000000000000000000000000000000000000000000000000000000
0000000000000000000000000000000000000000000000000000000000000000000000000000000000
0000000000000000000000000000000000000000000000000000000000000000000000000000000000
0000000000000000000000000000000000000000000000000000000000000000000000000000000000
0000000000000000000000000000000000000000000000000000000000000000000000000000000000
0000000000000000000000000000000000000000000000000000000000000000000000000000000000
0000000000000000000000000000000000000000000000000000000000000000000000000000000000
0000000000000000000000000000000000000000000000000000000000000000000000000000000000
0000000000000000000000000000000000000000000000000000000000000000000000000000000000
0000000000000000000000000000000000000000000000000000000000000000000000000000000000
0000000000000000000000000000000000000000000000000000000000000000000000000000000000
0000000000000000000000000000000000000000000000000000000000000000000000000000000000
0000000000000000000000000000000000000000000000000000000000000000000000000000000000
0000000000000000000000000000000000000000000000000000000000000000000000000000000000
0000000000000000000000000000000000000000000000000000000000000000000000000000000000
0000000000000000000000000000000000000000000000000000000000000000000000000000000000
0000000000000000000000000000000000000000000000000000000000000000000000000000000000
0000000000000000000000000000000000000000000000000000000000000000000000000000000000
0000000000000000000000000000000000000000000000000000000000000000000000000000000000
0000000000000000000000000000000000000000000000000000000000000000000000000000000000
0000000000000000000000000000000000000000000000000000000000000000000000000000000000
0000000000000000000000000000000000000000000000000000000000000000000000000000000000
0000000000000000000000000000000000000000000000000000000000000000000000000000000000
0000000000000000000000000000000000000000000000000000000000000000000000000000000000
0000000000000000000000000001111111111111111111111111110000000000000000000000000000
0000000000000000000000000001111111111111111111111111111000000000000000000000000000
0000000000000000000000000001111111111111111111111111111000000000000000000000000000
0000000000000000000000000001111111111111111111111111111000000000000000000000000000
0000000000000000000000000001111111111111111111111111111000000000000000000000000000
0000000000000000000000000001111111111111111111111111111000000000000000000000000000
0000000000000000000000000001111111111111111111111111111000000000000000000000000000
0000000000000000000000000001111111111111111111111111111000000000000000000000000000
0000000000000000000000000001111111111111111111111111111000000000000000000000000000
0000000000000000000000000001111111111111111111111111111000000000000000000000000000
0000000000000000000000000001111111111111111111111111111000000000000000000000000000
0000000000000000000000000001111111111111111111111111111000000000000000000000000000
0000000000000000000000000001111111111111111111111111111000000000000000000000000000
0000000000000000000000000001111111111111111111111111111000000000000000000000000000
0000000000000000000000000001111111111111111111111111111000000000000000000000000000
0000000000000000000000000001111111111111111111111111111000000000000000000000000000
0000000000000000000000000001111111111111111111111111111000000000000000000000000000
0000000000000000000000000001111111111111111111111111111000000000000000000000000000
0000000000000000000000000001111111111111111111111111111000000000000000000000000000
0000000000000000000000000001111111111111111111111111111000000000000000000000000000
0000000000000000000000000001111111111111111111111111111000000000000000000000000000
0000000000000000000000000001111111111111111111111111111000000000000000000000000000
0000000000000000000000000001111111111111111111111111111000000000000000000000000000
0000000000000000000000000001111111111111111111111111111000000000000000000000000000
0000000000000000000000000001111111111111111111111111111000000000000000000000000000
0000000000000000000000000001111111111111111111111111111000000000000000000000000000
0000000000000000000000000001111111111111111111111111111000000000000000000000000000
0000000000000000000000000000111111111111111111111111110000000000000000000000000000
0000000000000000000000000000000000000000000000000000000000000000000000000000000000
0000000000000000000000000000000000000000000000000000000000000000000000000000000000
0000000000000000000000000000000000000000000000000000000000000000000000000000000000
0000000000000000000000000000000000000000000000000000000000000000000000000000000000
0000000000000000000000000000000000000000000000000000000000000000000000000000000000
0000000000000000000000000000000000000000000000000000000000000000000000000000000000
0000000000000000000000000000000000000000000000000000000000000000000000000000000000
0000000000000000000000000000000000000000000000000000000000000000000000000000000000
0000000000000000000000000000000000000000000000000000000000000000000000000000000000
0000000000000000000000000000000000000000000000000000000000000000000000000000000000
0000000000000000000000000000000000000000000000000000000000000000000000000000000000
0000000000000000000000000000000000000000000000000000000000000000000000000000000000
0000000000000000000000000000000000000000000000000000000000000000000000000000000000
0000000000000000000000000000000000000000000000000000000000000000000000000000000000
0000000000000000000000000000000000000000000000000000000000000000000000000000000000
0000000000000000000000000000000000000000000000000000000000000000000000000000000000
0000000000000000000000000000000000000000000000000000000000000000000000000000000000
0000000000000000000000000000000000000000000000000000000000000000000000000000000000
0000000000000000000000000000000000000000000000000000000000000000000000000000000000
0000000000000000000000000000000000000000000000000000000000000000000000000000000000
0000000000000000000000000000000000000000000000000000000000000000000000000000000000
0000000000000000000000000000000000000000000000000000000000000000000000000000000000
0000000000000000000000000000000000000000000000000000000000000000000000000000000000
0000000000000000000000000000000000000000000000000000000000000000000000000000000000
0000000000000000000000000000000000000000000000000000000000000000000000000000000000
0000000000000000000000000000000000000000000000000000000000000000000000000000000000
0000000000000000000000000000000000000000000000000000000000000000000000000000000000

0000000000000000000000000000000000000000000000000000000000000000000000000000000000
0000000000000000000000000000000000000000000000000000000000000000000000000000000000
0000000000000000000000000000000000000000000000000000000000000000000000000000000000
0000000000000000000000000000000000000000000000000000000000000000000000000000000000
0000000000000000000000000000000000000000000000000000000000000000000000000000000000
0000000000000000000000000000000000000000000000000000000000000000000000000000000000
0000000000000000000000000000000000000000000000000000000000000000000000000000000000
0000000000000000000000000000000000000000000000000000000000000000000000000000000000
0000000000000000000000000000000000000000000000000000000000000000000000000000000000
0000000000000000000000000000000000000000000000000000000000000000000000000000000000
0000000000000000000000000000000000000000000000000000000000000000000000000000000000
0000000000000000000000000000000000000000000000000000000000000000000000000000000000
0000000000000000000000000000000000000000000000000000000000000000000000000000000000
0000000000000111111111111111111111111111111111111111111111111111111110000000000000
0000000000000110000000000000000000000000000000000000000000000000000110000000000000
0000000000000100000000000000000000000000000000000000000000000000000010000000000000
0000000000000100000000000000000000000000000000000000000000000000000010000000000000
0000000000000100000000000000000000000000000000000000000000000000000010000000000000
0000000000000100000000000000000000000000000000000000000000000000000010000000000000
0000000000000100000000000000000000000000000000000000000000000000000010000000000000
0000000000000100000000000000000000000000000000000000000000000000000010000000000000
0000000000000100000000000000000000000000000000000000000000000000000010000000000000
0000000000000100000000000000000000000000000000000000000000000000000010000000000000
0000000000000100000000000000000000000000000000000000000000000000000010000000000000
0000000000000100000000000000000000000000000000000000000000000000000010000000000000
0000000000000100000000000000000000000000000000000000000000000000000010000000000000
0000000000000100000000000000000000000000000000000000000000000000000010000000000000
0000000000000100000000000000000000000000000000000000000000000000000010000000000000
0000000000000100000000000000000000000000000000000000000000000000000010000000000000
0000000000000100000000000000000000000000000000000000000000000000000010000000000000
0000000000000100000000000000000000000000000000000000000000000000000010000000000000
0000000000000100000000000000000000000000000000000000000000000000000010000000000000
0000000000000100000000000000000000000000000000000000000000000000000010000000000000
0000000000000100000000000000000000000000000000000000000000000000000010000000000000
0000000000000100000000000000000000000000000000000000000000000000000010000000000000
0000000000000100000000000000000000000000000000000000000000000000000010000000000000
0000000000000100000000000000000000000000000000000000000000000000000010000000000000
0000000000000100000000000000000000000000000000000000000000000000000010000000000000
0000000000000100000000000000000000000000000000000000000000000000000010000000000000
0000000000000100000000000000000000000000000000000000000000000000000010000000000000
0000000000000100000000000000000000000000000000000000000000000000000010000000000000
0000000000000100000000000000000000000000000000000000000000000000000010000000000000
0000000000000100000000000000000000000000000000000000000000000000000010000000000000
0000000000000100000000000000000000000000000000000000000000000000000010000000000000
0000000000000100000000000000000000000000000000000000000000000000000010000000000000
0000000000000100000000000000000000000000000000000000000000000000000010000000000000
0000000000000100000000000000000000000000000000000000000000000000000010000000000000
0000000000000100000000000000000000000000000000000000000000000000000010000000000000
0000000000000100000000000000000000000000000000000000000000000000000010000000000000
0000000000000100000000000000000000000000000000000000000000000000000010000000000000
0000000000000100000000000000000000000000000000000000000000000000000010000000000000
0000000000000100000000000000000000000000000000000000000000000000000010000000000000
0000000000000100000000000000000000000000000000000000000000000000000010000000000000
0000000000000100000000000000000000000000000000000000000000000000000010000000000000
0000000000000100000000000000000000000000000000000000000000000000000010000000000000
0000000000000100000000000000000000000000000000000000000000000000000010000000000000
0000000000000100000000000000000000000000000000000000000000000000000010000000000000
0000000000000100000000000000000000000000000000000000000000000000000010000000000000
0000000000000100000000000000000000000000000000000000000000000000000010000000000000
0000000000000100000000000000000000000000000000000000000000000000000010000000000000
0000000000000100000000000000000000000000000000000000000000000000000010000000000000
0000000000000100000000000000000000000000000000000000000000000000000010000000000000
0000000000000100000000000000000000000000000000000000000000000000000010000000000000
0000000000000100000000000000000000000000000000000000000000000000000010000000000000
0000000000000100000000000000000000000000000000000000000000000000000010000000000000
0000000000000100000000000000000000000000000000000000000000000000000010000000000000
0000000000000100000000000000000000000000000000000000000000000000000010000000000000
0000000000000110000000000000000000000000000000000000000000000000000010000000000000
0000000000000111111111111111111111111111111111111111111111111111111110000000000000
0000000000000000000000000000000000000000000000000000000000000000000000000000000000
0000000000000000000000000000000000000000000000000000000000000000000000000000000000
0000000000000000000000000000000000000000000000000000000000000000000000000000000000
0000000000000000000000000000000000000000000000000000000000000000000000000000000000
0000000000000000000000000000000000000000000000000000000000000000000000000000000000
0000000000000000000000000000000000000000000000000000000000000000000000000000000000
0000000000000000000000000000000000000000000000000000000000000000000000000000000000
0000000000000000000000000000000000000000000000000000000000000000000000000000000000
0000000000000000000000000000000000000000000000000000000000000000000000000000000000
0000000000000000000000000000000000000000000000000000000000000000000000000000000000
0000000000000000000000000000000000000000000000000000000000000000000000000000000000
0000000000000000000000000000000000000000000000000000000000000000000000000000000000
0000000000000000000000000000000000000000000000000000000000000000000000000000000000

0000000000000000000000000000000000000000000000000000000000000000000000000000000000
0000000000000000000000000000000000000000000000000000000000000000000000000000000000
0000000000000000000000000000000000000000000000000000000000000000000000000000000000
0000000000000000000000000000000000000000000000000000000000000000000000000000000000
0000000000000000000000000000000000000000000000000000000000000000000000000000000000
0000000000000000000000000000000000000000000000000000000000000000000000000000000000
0000000000000000000000000000000000000000000000000000000000000000000000000000000000
0000000000000000000000000000000000000000000000000000000000000000000000000000000000
0000000000000000000000000000000000000000000000000000000000000000000000000000000000
0000000000000000000000000000000000000000000000000000000000000000000000000000000000
0000000000000000000000000000000000000000000000000000000000000000000000000000000000
0000000000000000000000000000000000000000000000000000000000000000000000000000000000
0000000000000000000000000000000000000000000000000000000000000000000000000000000000
0000000000000000000000000000000000000000000000000000000000000000000000000000000000
0000000000000000000000000000000000000000000000000000000000000000000000000000000000
0000000000000000000000000000000000000000000000000000000000000000000000000000000000
0000000000000000000000000000000000000000000000000000000000000000000000000000000000
0000000000000000000000000000000000000000000000000000000000000000000000000000000000
0000000000000000000000000000000000000000000000000000000000000000000000000000000000
0000000000000000000000000000000000000000000000000000000000000000000000000000000000
0000000000000000000000000000000000000000000000000000000000000000000000000000000000
0000000000000000000000000000000000000000000000000000000000000000000000000000000000
0000000000000000000000000000000000000000000000000000000000000000000000000000000000
0000000000000000000000000000000000000000000000000000000000000000000000000000000000
0000000000000000000000000000000000000000000000000000000000000000000000000000000000
0000000000000000000000000000000000000000000000000000000000000000000000000000000000
0000000000000000000000000000000000000000000000000000000000000000000000000000000000
0000000000000000000000000011111111111111111111111111111100000000000000000000000000
0000000000000000000000000011000000000000000000000000001100000000000000000000000000
0000000000000000000000000011000000000000000000000000001100000000000000000000000000
0000000000000000000000000011000000000000000000000000001100000000000000000000000000
0000000000000000000000000011000000000000000000000000001100000000000000000000000000
0000000000000000000000000011000000000000000000000000001100000000000000000000000000
0000000000000000000000000011000000000000000000000000001100000000000000000000000000
0000000000000000000000000011000000000000000000000000001100000000000000000000000000
0000000000000000000000000011000000000000000000000000001100000000000000000000000000
0000000000000000000000000011000000000000000000000000001100000000000000000000000000
0000000000000000000000000011000000000000000000000000001100000000000000000000000000
0000000000000000000000000011000000000000000000000000001100000000000000000000000000
0000000000000000000000000011000000000000000000000000001100000000000000000000000000
0000000000000000000000000011000000000000000000000000001100000000000000000000000000
0000000000000000000000000011000000000000000000000000001100000000000000000000000000
0000000000000000000000000011000000000000000000000000001100000000000000000000000000
0000000000000000000000000011000000000000000000000000001100000000000000000000000000
0000000000000000000000000011000000000000000000000000001100000000000000000000000000
0000000000000000000000000011000000000000000000000000001100000000000000000000000000
0000000000000000000000000011000000000000000000000000001100000000000000000000000000
0000000000000000000000000011000000000000000000000000001100000000000000000000000000
0000000000000000000000000011000000000000000000000000001100000000000000000000000000
0000000000000000000000000011000000000000000000000000001100000000000000000000000000
0000000000000000000000000011000000000000000000000000001100000000000000000000000000
0000000000000000000000000011000000000000000000000000001100000000000000000000000000
0000000000000000000000000011000000000000000000000000001100000000000000000000000000
0000000000000000000000000011000000000000000000000000001100000000000000000000000000
0000000000000000000000000011111111111111111111111111111100000000000000000000000000
0000000000000000000000000000111111111111111111111111110000000000000000000000000000
0000000000000000000000000000000000000000000000000000000000000000000000000000000000
0000000000000000000000000000000000000000000000000000000000000000000000000000000000
0000000000000000000000000000000000000000000000000000000000000000000000000000000000
0000000000000000000000000000000000000000000000000000000000000000000000000000000000
0000000000000000000000000000000000000000000000000000000000000000000000000000000000
0000000000000000000000000000000000000000000000000000000000000000000000000000000000
0000000000000000000000000000000000000000000000000000000000000000000000000000000000
0000000000000000000000000000000000000000000000000000000000000000000000000000000000
0000000000000000000000000000000000000000000000000000000000000000000000000000000000
0000000000000000000000000000000000000000000000000000000000000000000000000000000000
0000000000000000000000000000000000000000000000000000000000000000000000000000000000
0000000000000000000000000000000000000000000000000000000000000000000000000000000000
0000000000000000000000000000000000000000000000000000000000000000000000000000000000
0000000000000000000000000000000000000000000000000000000000000000000000000000000000
0000000000000000000000000000000000000000000000000000000000000000000000000000000000
0000000000000000000000000000000000000000000000000000000000000000000000000000000000
0000000000000000000000000000000000000000000000000000000000000000000000000000000000
0000000000000000000000000000000000000000000000000000000000000000000000000000000000
0000000000000000000000000000000000000000000000000000000000000000000000000000000000
0000000000000000000000000000000000000000000000000000000000000000000000000000000000
0000000000000000000000000000000000000000000000000000000000000000000000000000000000
0000000000000000000000000000000000000000000000000000000000000000000000000000000000
0000000000000000000000000000000000000000000000000000000000000000000000000000000000
0000000000000000000000000000000000000000000000000000000000000000000000000000000000
0000000000000000000000000000000000000000000000000000000000000000000000000000000000
0000000000000000000000000000000000000000000000000000000000000000000000000000000000

== SDRs ==
00010000000001000000011010000000
10000000000000000100000000000000
00000000001101001000000011010000
00000001100000011000000000000010
00000000000000000000000000000110
00001110101010000000100000000000
00000000100000101000000000000000
00110000000000000000000000000001
01000010000000000000000101000000
00000101000000110000000000010000
00000000000010000000101001000000
10000001001000000000010000000000
00000000010010100010100000000000
01000000000000101000001000000110
00011100000000001000000000000010
00000000000011000010010010000100
00100000001010110110000101001011
00111000001000001000000000000000
00000010000101000000100000010000
00000010001100000001000010000010
00001000110000000000000000101100
00100100100000000000000000100000
00010000000000000000000000000000
00000000100001011000010010000000
10000000000100000001001000000101
00000000100001100000000000100101
00000000101001000001100000100111
10000010100000010010000110001010
10000000000001010000001000000010
10010000001000001000001010000000
00000000000001000011000000000000
01111000000000000010000000000000

00000000000000000000000000000000
00000001011010000000000010000000
00010000000001000000010000101000
00101010110000000001000100000000
00010000000100000000000001000110
00000000000100000000000001100001
00000000000100110000000000000100
00100000000000010000000000001001
00000000000001000000010000000001
10000000001100000000001100000000
10000001011010101001010000000000
10000000101000000000000010000000
00000000100000001000000000000001
00000000000000010101001000000000
00010010000100000000000000100001
01000000011100100000000010000001
00010000000001100010000000000000
01000000001000001100000000010000
00100000100000001001001000000000
00100000000010000000000000000001
00000100001000000100010010010000
00000000001000000010001100010001
01010011000100100100010110010000
01110000000000010000100011000100
10010100010100000000000001100000
10000011000000000000000000000000
00000000001000000000000010010100
01000000100100000000010000000010
01000000000000000100000000000110
10000100000000001000010001100000
00000000000000000001011001000000
00000000001010000000000000001000

00110000000000010000100100000100
00010100000000100000110000000001
00000000010000100000000010000000
00000000000001000000000000001000
10000000000000101000001000000000
00000010101000001010000000000000
10010101000000000000000000010000
00000000000010101000000000010001
00001010000000000001000000000110
00001001000000010001000001000000
00100100000000000000000010000000
01011000010000000000000000010000
00100100100000010010000000000000
00000001000000000111000100000100
00010010001000000000000000000000
00000000000000000010000000000000
00000000000000000100010000010010
00010000001100001010100010000011
00000000000011000000001011010100
00000010000000000000000000000000
00110000000010011000000000000000
00000001000000000000000000100000
00111010000000001010000000000000
00000000001000000000000000001100
00000010000000000001010000000001
00000000000000100001000000010001
00000000000000010000010000000010
01100000000000000000000100001000
00000000010001011110000000000000
00000000000000000000000000011000
00100100111001100000000000010000
00100000000100000000000000000000

00000000000000000000100000000000
00000001110010000000000000000100
00010000000000000000000010000000
01001100000000000001000000010001
00001000001001000010000001000010
00000000000010000000000010000000
00000000000000100000000000000000
10000000000000000000000000100000
00100000000001000000010000000001
10000000000100000000010001000000
10001000000011000000100000000000
00010000100000000000000000000000
01000010100000000000001000000000
00000000000000000000000110000000
00010000001000000000101000100000
00001000001000000001000000000101
00000000000001000110000100000010
01000010000000001000100000000000
00000000001000000001000000000100
10000000000000000000000010000001
00000100000100001000000010010000
00000000000000000000000000010000
11010000000000000000010010000000
00100000100000000001100000000000
10000000010100000000000001100000
10000001100001000000000000000001
00000000101000010000000010010000
00010000100000000000001000000000
00000000000000010100000000001000
10000000000001000000000000100000
00100000000000100000001001000000
00000000000000000000000000001100

00000000000000000000000000000000
00000001011010000000000010000000
00010000000001000000010000101000
00101010110000000001000100000000
00010000000100000000000001000110
00000000000100000000000001100001
00000000000100110000000000000100
00000000000000010000000000001001
00000000000001000000010000000001
10000000001100000000001100000000
10000001011010101001010000000000
10000000101000000000000010000000
00000001100000001000000000000001
00000000000000010101001000000000
00010010000100000000000000100000
00000000011100100000000010000001
00010000000001110010000000000000
01000000001000001100000000010000
00100000100000001001001000000000
00100000000010000000000100000001
00000100001000000100010010010000
00000000001000000010001000010001
01010011000100100100010110010000
01110000000001010000100011000100
10010100010100000000000001100000
10000011000000000000000000000000
00000000001000000000000010010100
01000000100100000000010000000010
01000000010000000100000000000110
10000100000000001000010001100000
00000000000000000001011001000000
00000000001010000000000000001000

00000001000000001000001000010100
00000000000100000101011000000000
00000000000000001000000000000010
00000010000101000001000000000010
10010000000000100000101000000100
00010000010000000100000001000000
00000000000100101010000000011000
00000000000000000011000010000000
01000000000000000000000001100000
01001100000000000000101100110001
00100000011000000000101011100100
01010000000001000000010000000010
00000000000110000000100000000000
10000000100010100101011101000010
10100000000010010110010001000010
00100001011010001010010000000001
00000000001010111000000000000100
00110000000000000000001000100000
00000000000001000000010100100010
00100101001010010000101100001000
01101000100000000000001110101100
00000000000000110000000101100001
10011000000101000100001000000001
10010000000000000000001010000000
00000000000000000000001000011010
00100001000000000001101000000100
11000101001010000000010000001100
00001010100001000101000101100010
00100100000000010001100000010000
10011100000100110000000010000000
10010001000001000011001011001000
10001001001110000000001100011101

00000000000000010000000000000100
00000001111110000000100010000000
00010000000001000000000000100000
00101010100000000001000000000000
00001000000100000000000001000110
00000000000000000010000000100001
00000000000100101000000000000000
00000000000000010000000000000001
00000000001001000000010000000001
10010000001100000000000100000000
10000001011010101000010000000000
00100000100000000000000000000000
01000000100000001000000000000000
00000000000000010001001010000000
00010010001110000000000000100001
00000001001100101000000010000001
00010000000001100010000100000000
01000000000000001100000000010100
00100000000000000001000000000010
00100000000010000000000000000001
00000100100100000100010010110000
00000000001000000000001000010000
01010010000100000000010010010001
00110000000001010001000010000100
00010101010100000000000001100000
10000011000000000000000000000001
00000000101000000000000010010100
01000010100000000000000000100000
01001000000000000000000000000100
10000100000001000000010000100000
00000000000001000001001001000000
00000000001010000010000000001100

00110000000000100000000000000100
00010000001000100001010000001011
00000000010000000000001000010000
00000000000001100100000000001000
10100000000100000000100000000000
00000010000000001010000010000000
10010101100001000000001000010100
00000000000001101000000000010101
00001010000000000101000000000010
00011000000000010001100001010001
00100100000000001000000010100000
01011000000000000000000000011000
00100100100000000000000000000000
00000000000000000110000101110001
00010000001001000000000001000000
00000000000000000010000110000000
01000010100010000100010000001000
00010000000110000000100010000011
00000000000011000100000010100100
01000000000100000000000000000000
00111000000000011000000000000000
10000111000000000100000010100000
00111010001000000010101000000000
10011101000010001010000100001110
00000000000000000001010000010000
00000000010000000001010000010001
00001000000000000000010000000010
00100000000100000100000000000011
00100100010000001010000000000000
00000010000100100001100000001011
00000100111010001100000000010100
00100001000100000000100100000001

00000000010010010000000010000001
01001000011010000000010000100000
00000010101000011100100001100011
00100101000000000000010001100010
01000100100000010100101000000000
01000000001000000010000000100010
00000000010000000100000000000000
00000100010101000000000100010001
00000010001001000000000001100001
00011000001010000000000001000001
00000100000000000000100000000100
00001000100000100010010000000010
01000100000010100000010001001000
10000000001000100001010000010000
10100001001010000000000001000000
01000000100100001000000000101001
00010001000000000000000100000000
00011110000000010000001000000000
00000000001000000000000000100010
10000000000000000000000001000000
00000000100100000000000000100000
00000000000000000000000000010000
00010000100000000000000010010001
00010000000001001001001000000000
00000000001100000000001000010010
00001000100001000000001000001000
01010100000000000000010100000001
10011000000010000100000101000100
00001000001000000000010000001000
00000100000100000000001000000001
00000000000001000001000000001000
00010000000000000010000100001001

