== Attributes ==
title=2x1 Basic Problem 04
type= 2x1
result=3
window_size=(82, 82)

== Input ==
0000000000000000000000000000000000000000000000000000000000000000000000000000000000
0000000000000000000000000000000000000000000000000000000000000000000000000000000000
0000000000000000000000000000000000000000000000000000000000000000000000000000000000
0000000000000000000000000000000000000000000000000000000000000000000000000000000000
0000000000000000000000000000000000000000000000000000000000000000000000000000000000
0000000000000000000000000000000000000000000000000000000000000000000000000000000000
0000000000000000000000000000000000000000000000000000000000000000000000000000000000
0000000000000000000000000000000000000000000000000000000000000000000000000000000000
0000000000000000000000000000000000000000000000000000000000000000000000000000000000
0000000000000000000000000000000000000000000000000000000000000000000000000000000000
0000000000000000000000000000000000000001110000000000000000000000000000000000000000
0000000000000000000000000000000001111111111111111000000000000000000000000000000000
0000000000000000000000000000001111110000000000111111000000000000000000000000000000
0000000000000000000000000001111100000000000000000011110000000000000000000000000000
0000000000000000000000000111100000000000000000000000111100000000000000000000000000
0000000000000000000000001110000000000000000000000000001110000000000000000000000000
0000000000000000000000111000000000000000000000000000000011100000000000000000000000
0000000000000000000001110000000000000000000000000000000000110000000000000000000000
0000000000000000000011000000000000000000000000000000000000011000000000000000000000
0000000000000000000110000000000000000011111100000000000000001100000000000000000000
0000000000000000001100000000000001111111111111110000000000000110000000000000000000
0000000000000000011000000000000111110000000000111100000000000011000000000000000000
0000000000000000110000000000011110000000000000000111000000000001100000000000000000
0000000000000000110000000000111000000000000000000001110000000000110000000000000000
0000000000000001100000000011100000000000000000000000111000000000010000000000000000
0000000000000011000000000111000000000000000000000000001100000000011000000000000000
0000000000000011000000001110000000000000000000000000000110000000001100000000000000
0000000000000110000000001100000000000000000000000000000011000000001100000000000000
0000000000000100000000011000000000000000000000000000000001100000000110000000000000
0000000000001100000000110000000000000000000000000000000001100000000110000000000000
0000000000001100000000100000000000000000000000000000000000110000000011000000000000
0000000000011000000001100000000000000000000000000000000000011000000011000000000000
0000000000011000000001000000000000000000000000000000000000011000000001000000000000
0000000000011000000011000000000000000000000000000000000000001000000001000000000000
0000000000010000000010000000000000000000000000000000000000001100000001100000000000
0000000000110000000110000000000000000000000000000000000000001100000001100000000000
0000000000110000000110000000000000000000000000000000000000000100000001100000000000
0000000000110000000110000000000000000000000000000000000000000110000000100000000000
0000000000110000000100000000000000000000000000000000000000000110000000100000000000
0000000000110000000100000000000000000000000000000000000000000110000000100000000000
0000000000100000000100000000000000000000000000000000000000000110000000100000000000
0000000000100000000100000000000000000000000000000000000000000110000000100000000000
0000000000110000000100000000000000000000000000000000000000000110000000100000000000
0000000000110000000100000000000000000000000000000000000000000110000000100000000000
0000000000110000000110000000000000000000000000000000000000000110000000100000000000
0000000000110000000110000000000000000000000000000000000000000100000000100000000000
0000000000110000000110000000000000000000000000000000000000000100000001100000000000
0000000000010000000010000000000000000000000000000000000000001100000001100000000000
0000000000010000000011000000000000000000000000000000000000001100000001100000000000
0000000000011000000011000000000000000000000000000000000000001000000001000000000000
0000000000011000000001000000000000000000000000000000000000011000000011000000000000
0000000000001000000001100000000000000000000000000000000000010000000011000000000000
0000000000001100000000110000000000000000000000000000000000110000000010000000000000
0000000000001100000000110000000000000000000000000000000001100000000110000000000000
0000000000000110000000011000000000000000000000000000000011000000000100000000000000
0000000000000110000000001100000000000000000000000000000011000000001100000000000000
0000000000000011000000000110000000000000000000000000000110000000001000000000000000
0000000000000001000000000011000000000000000000000000011100000000011000000000000000
0000000000000001100000000001110000000000000000000000111000000000110000000000000000
0000000000000000110000000000111000000000000000000011100000000001100000000000000000
0000000000000000011000000000001111000000000000001111000000000001100000000000000000
0000000000000000001100000000000011111000000011111100000000000011000000000000000000
0000000000000000001110000000000000111111111111100000000000000110000000000000000000
0000000000000000000111000000000000000000000000000000000000001100000000000000000000
0000000000000000000001100000000000000000000000000000000000111000000000000000000000
0000000000000000000000110000000000000000000000000000000001110000000000000000000000
0000000000000000000000011100000000000000000000000000000111000000000000000000000000
0000000000000000000000000111000000000000000000000000011110000000000000000000000000
0000000000000000000000000011110000000000000000000001111000000000000000000000000000
0000000000000000000000000000111110000000000000001111100000000000000000000000000000
0000000000000000000000000000000111111111111111111100000000000000000000000000000000
0000000000000000000000000000000000011111111111000000000000000000000000000000000000
0000000000000000000000000000000000000000000000000000000000000000000000000000000000
0000000000000000000000000000000000000000000000000000000000000000000000000000000000
0000000000000000000000000000000000000000000000000000000000000000000000000000000000
0000000000000000000000000000000000000000000000000000000000000000000000000000000000
0000000000000000000000000000000000000000000000000000000000000000000000000000000000
0000000000000000000000000000000000000000000000000000000000000000000000000000000000
0000000000000000000000000000000000000000000000000000000000000000000000000000000000
0000000000000000000000000000000000000000000000000000000000000000000000000000000000
0000000000000000000000000000000000000000000000000000000000000000000000000000000000
0000000000000000000000000000000000000000000000000000000000000000000000000000000000

0000000000000000000000000000000000000000000000000000000000000000000000000000000000
0000000000000000000000000000000000000000000000000000000000000000000000000000000000
0000000000000000000000000000000000000000000000000000000000000000000000000000000000
0000000000000000000000000000000000000000000000000000000000000000000000000000000000
0000000000000000000000000000000000000000000000000000000000000000000000000000000000
0000000000000000000000000000000000000000000000000000000000000000000000000000000000
0000000000000000000000000000000000000000000000000000000000000000000000000000000000
0000000000000000000000000000000000000000000000000000000000000000000000000000000000
0000000000000000000000000000000000000000000000000000000000000000000000000000000000
0000000000000000000000000000000000000000000000000000000000000000000000000000000000
0000000000000000000000000000000000000000111000000000000000000000000000000000000000
0000000000000000000000000000000001111111111111111000000000000000000000000000000000
0000000000000000000000000000001111110000000000111111000000000000000000000000000000
0000000000000000000000000000111100000000000000000011110000000000000000000000000000
0000000000000000000000000011110000000000000000000000011100000000000000000000000000
0000000000000000000000001110000000000000000000000000000111000000000000000000000000
0000000000000000000000011100000000000000000000000000000001100000000000000000000000
0000000000000000000000110000000000000000000000000000000000111000000000000000000000
0000000000000000000011100000000000000000000000000000000000011100000000000000000000
0000000000000000000111000000000000000000000000000000000000000110000000000000000000
0000000000000000001110000000000000000000000000000000000000000011000000000000000000
0000000000000000001100000000000000000000000000000000000000000001100000000000000000
0000000000000000011000000000000000000000000000000000000000000000110000000000000000
0000000000000000110000000000000000000000000000000000000000000000110000000000000000
0000000000000001100000000000000000000000000000000000000000000000011000000000000000
0000000000000001100000000000000000000000000000000000000000000000001100000000000000
0000000000000011000000000000000000000000000000000000000000000000001100000000000000
0000000000000010000000000000000000000000000000000000000000000000000110000000000000
0000000000000110000000000000000000000000000000000000000000000000000110000000000000
0000000000000100000000000000000000000000000000000000000000000000000011000000000000
0000000000001100000000000000000000000000000000000000000000000000000011000000000000
0000000000001100000000000000000000000000000000000000000000000000000001000000000000
0000000000001000000000000000000000000000000000000000000000000000000001100000000000
0000000000011000000000000000000000000000000000000000000000000000000001100000000000
0000000000011000000000000000000000000000000000000000000000000000000000100000000000
0000000000011000000000000000000000000000000000000000000000000000000000100000000000
0000000000010000000000000000000000000000000000000000000000000000000000110000000000
0000000000010000000000000000000000000000000000000000000000000000000000110000000000
0000000000110000000000000000000000000000000000000000000000000000000000110000000000
0000000000110000000000000000000000000000000000000000000000000000000000110000000000
0000000000110000000000000000000000000000000000000000000000000000000000110000000000
0000000000110000000000000000000000000000000000000000000000000000000000110000000000
0000000000110000000000000000000000000000000000000000000000000000000000110000000000
0000000000110000000000000000000000000000000000000000000000000000000000110000000000
0000000000010000000000000000000000000000000000000000000000000000000000110000000000
0000000000010000000000000000000000000000000000000000000000000000000000110000000000
0000000000010000000000000000000000000000000000000000000000000000000000110000000000
0000000000011000000000000000000000000000000000000000000000000000000000100000000000
0000000000011000000000000000000000000000000000000000000000000000000001100000000000
0000000000011000000000000000000000000000000000000000000000000000000001100000000000
0000000000001000000000000000000000000000000000000000000000000000000001100000000000
0000000000001100000000000000000000000000000000000000000000000000000001000000000000
0000000000000100000000000000000000000000000000000000000000000000000011000000000000
0000000000000110000000000000000000000000000000000000000000000000000010000000000000
0000000000000110000000000000000000000000000000000000000000000000000110000000000000
0000000000000011000000000000000000000000000000000000000000000000000100000000000000
0000000000000011000000000000000000000000000000000000000000000000001100000000000000
0000000000000001100000000000000000000000000000000000000000000000011000000000000000
0000000000000000110000000000000000000000000000000000000000000000011000000000000000
0000000000000000110000000000000000000000000000000000000000000000110000000000000000
0000000000000000011000000000000000000000000000000000000000000001100000000000000000
0000000000000000001100000000000000000000000000000000000000000011000000000000000000
0000000000000000000110000000000000000000000000000000000000000110000000000000000000
0000000000000000000011000000000000000000000000000000000000001100000000000000000000
0000000000000000000001110000000000000000000000000000000000011000000000000000000000
0000000000000000000000111000000000000000000000000000000001110000000000000000000000
0000000000000000000000001110000000000000000000000000000011100000000000000000000000
0000000000000000000000000111000000000000000000000000001110000000000000000000000000
0000000000000000000000000001111000000000000000000000111000000000000000000000000000
0000000000000000000000000000011111000000000000001111100000000000000000000000000000
0000000000000000000000000000000011111111111111111110000000000000000000000000000000
0000000000000000000000000000000000011111111111100000000000000000000000000000000000
0000000000000000000000000000000000000000000000000000000000000000000000000000000000
0000000000000000000000000000000000000000000000000000000000000000000000000000000000
0000000000000000000000000000000000000000000000000000000000000000000000000000000000
0000000000000000000000000000000000000000000000000000000000000000000000000000000000
0000000000000000000000000000000000000000000000000000000000000000000000000000000000
0000000000000000000000000000000000000000000000000000000000000000000000000000000000
0000000000000000000000000000000000000000000000000000000000000000000000000000000000
0000000000000000000000000000000000000000000000000000000000000000000000000000000000
0000000000000000000000000000000000000000000000000000000000000000000000000000000000
0000000000000000000000000000000000000000000000000000000000000000000000000000000000

0000000000000000000000000000000000000000000000000000000000000000000000000000000000
0000000000000000000000000000000000000000000000000000000000000000000000000000000000
0000000000000000000000000000000000000000000000000000000000000000000000000000000000
0000000000000000000000000000000000000000000000000000000000000000000000000000000000
0000000000000000000000000000000000000000000000000000000000000000000000000000000000
0000000000000000000000000000000000000000000000000000000000000000000000000000000000
0000000000000000000000000000000000000000000000000000000000000000000000000000000000
0000000000000000000000000000000000000000000000000000000000000000000000000000000000
0000000000000000000000000000000000000000000000000000000000000000000000000000000000
0000000000000000000000000000000000000000000000000000000000000000000000000000000000
0000000000000000000000000000000000000000000000000000000000000000000000000000000000
0000000000000000000000000000000000000000000000000000000000000000000000000000000000
0000000000000000000000000000000000000000000000000000000000000000000000000000000000
0000000000000111111111111111111111111111111111111111111111111111111111000000000000
0000000000000110000000000000000000000000000000000000000000000000000011000000000000
0000000000000100000000000000000000000000000000000000000000000000000011000000000000
0000000000000100000000000000000000000000000000000000000000000000000011000000000000
0000000000000100000000000000000000000000000000000000000000000000000011000000000000
0000000000000100000000000000000000000000000000000000000000000000000011000000000000
0000000000000100000111111111111111111111111111111111111111111110000011000000000000
0000000000000100000111111111111111111111111111111111111111111110000011000000000000
0000000000000100000110000000000000000000000000000000000000000010000011000000000000
0000000000000100000110000000000000000000000000000000000000000010000011000000000000
0000000000000100000110000000000000000000000000000000000000000010000011000000000000
0000000000000100000110000000000000000000000000000000000000000010000011000000000000
0000000000000100000110000000000000000000000000000000000000000010000011000000000000
0000000000000100000110000000000000000000000000000000000000000010000011000000000000
0000000000000100000110000000000000000000000000000000000000000010000011000000000000
0000000000000100000110000000000000000000000000000000000000000010000011000000000000
0000000000000100000110000000000000000000000000000000000000000010000011000000000000
0000000000000100000110000000000000000000000000000000000000000010000011000000000000
0000000000000100000110000000000000000000000000000000000000000010000011000000000000
0000000000000100000110000000000000000000000000000000000000000010000011000000000000
0000000000000100000110000000000000000000000000000000000000000010000011000000000000
0000000000000100000110000000000000000000000000000000000000000010000011000000000000
0000000000000100000110000000000000000000000000000000000000000010000011000000000000
0000000000000100000110000000000000000000000000000000000000000010000011000000000000
0000000000000100000110000000000000000000000000000000000000000010000011000000000000
0000000000000100000110000000000000000000000000000000000000000010000011000000000000
0000000000000100000110000000000000000000000000000000000000000010000011000000000000
0000000000000100000110000000000000000000000000000000000000000010000011000000000000
0000000000000100000110000000000000000000000000000000000000000010000011000000000000
0000000000000100000110000000000000000000000000000000000000000010000011000000000000
0000000000000100000110000000000000000000000000000000000000000010000011000000000000
0000000000000100000110000000000000000000000000000000000000000010000011000000000000
0000000000000100000110000000000000000000000000000000000000000010000011000000000000
0000000000000100000110000000000000000000000000000000000000000010000011000000000000
0000000000000100000110000000000000000000000000000000000000000010000011000000000000
0000000000000100000110000000000000000000000000000000000000000010000011000000000000
0000000000000100000110000000000000000000000000000000000000000010000011000000000000
0000000000000100000110000000000000000000000000000000000000000010000011000000000000
0000000000000100000110000000000000000000000000000000000000000010000011000000000000
0000000000000100000110000000000000000000000000000000000000000010000011000000000000
0000000000000100000110000000000000000000000000000000000000000010000011000000000000
0000000000000100000110000000000000000000000000000000000000000010000011000000000000
0000000000000100000110000000000000000000000000000000000000000010000011000000000000
0000000000000100000110000000000000000000000000000000000000000010000011000000000000
0000000000000100000110000000000000000000000000000000000000000010000011000000000000
0000000000000100000110000000000000000000000000000000000000000010000011000000000000
0000000000000100000110000000000000000000000000000000000000000010000011000000000000
0000000000000100000110000000000000000000000000000000000000000010000011000000000000
0000000000000100000110000000000000000000000000000000000000000010000011000000000000
0000000000000100000111111111111111111111111111111111111111111110000011000000000000
0000000000000100000011111111111111111111111111111111111111111110000011000000000000
0000000000000100000000000000000000000000000000000000000000000000000011000000000000
0000000000000100000000000000000000000000000000000000000000000000000011000000000000
0000000000000100000000000000000000000000000000000000000000000000000011000000000000
0000000000000100000000000000000000000000000000000000000000000000000011000000000000
0000000000000111111111111111111111111111111111111111111111111111111111000000000000
0000000000000111111111111111111111111111111111111111111111111111111110000000000000
0000000000000000000000000000000000000000000000000000000000000000000000000000000000
0000000000000000000000000000000000000000000000000000000000000000000000000000000000
0000000000000000000000000000000000000000000000000000000000000000000000000000000000
0000000000000000000000000000000000000000000000000000000000000000000000000000000000
0000000000000000000000000000000000000000000000000000000000000000000000000000000000
0000000000000000000000000000000000000000000000000000000000000000000000000000000000
0000000000000000000000000000000000000000000000000000000000000000000000000000000000
0000000000000000000000000000000000000000000000000000000000000000000000000000000000
0000000000000000000000000000000000000000000000000000000000000000000000000000000000
0000000000000000000000000000000000000000000000000000000000000000000000000000000000
0000000000000000000000000000000000000000000000000000000000000000000000000000000000
0000000000000000000000000000000000000000000000000000000000000000000000000000000000

== Output ==
0000000000000000000000000000000000000000000000000000000000000000000000000000000000
0000000000000000000000000000000000000000000000000000000000000000000000000000000000
0000000000000000000000000000000000000000000000000000000000000000000000000000000000
0000000000000000000000000000000000000000000000000000000000000000000000000000000000
0000000000000000000000000000000000000000000000000000000000000000000000000000000000
0000000000000000000000000000000000000000000000000000000000000000000000000000000000
0000000000000000000000000000000000000000000000000000000000000000000000000000000000
0000000000000000000000000000000000000000000000000000000000000000000000000000000000
0000000000000000000000000000000000000000000000000000000000000000000000000000000000
0000000000000000000000000000000000000000000000000000000000000000000000000000000000
0000000000000000000000000000000000000111111110000000000000000000000000000000000000
0000000000000000000000000000000011111111111111111000000000000000000000000000000000
0000000000000000000000000000011111100000000000011111000000000000000000000000000000
0000000000000000000000000001111000000000000000000011110000000000000000000000000000
0000000000000000000000000111100000000000000000000000011100000000000000000000000000
0000000000000000000000001110000000000000000000000000000111000000000000000000000000
0000000000000000000000111000000000000000000000000000000001100000000000000000000000
0000000000000000000001110000000000000000000000000000000000111000000000000000000000
0000000000000000000011000000000000000000000000000000000000011100000000000000000000
0000000000000000000110000000000000000000000000000000000000001110000000000000000000
0000000000000000001100000000000000000000000000000000000000000011000000000000000000
0000000000000000011000000000000000000000000000000000000000000011100000000000000000
0000000000000000110000000000000000000000000000000000000000000001100000000000000000
0000000000000000100000000000000000000000000000000000000000000000110000000000000000
0000000000000001100000000000000000000000000000000000000000000000011000000000000000
0000000000000011000000000000000000000000000000000000000000000000011000000000000000
0000000000000011000000000000000000000000000000000000000000000000001100000000000000
0000000000000110000000000000000000000000000000000000000000000000000100000000000000
0000000000000100000000000000000000000000000000000000000000000000000110000000000000
0000000000001100000000000000000000000000000000000000000000000000000010000000000000
0000000000001100000000000000000000000000000000000000000000000000000011000000000000
0000000000001000000000000000000000000000000000000000000000000000000011000000000000
0000000000011000000000000000000000000000000000000000000000000000000001000000000000
0000000000011000000000000000000000000000000000000000000000000000000001100000000000
0000000000010000000000000000000000000000000000000000000000000000000001100000000000
0000000000110000000000000000000000000000000000000000000000000000000001100000000000
0000000000110000000000000000000000000000000000000000000000000000000000100000000000
0000000000110000000000000000000000000000000000000000000000000000000000100000000000
0000000000110000000000000000000000000000000000000000000000000000000000100000000000
0000000000110000000000000000000000000000000000000000000000000000000000110000000000
0000000000110000000000000000000000000000000000000000000000000000000000110000000000
0000000000110000000000000000000000000000000000000000000000000000000000110000000000
0000000000110000000000000000000000000000000000000000000000000000000000110000000000
0000000000110000000000000000000000000000000000000000000000000000000000100000000000
0000000000110000000000000000000000000000000000000000000000000000000000100000000000
0000000000110000000000000000000000000000000000000000000000000000000000100000000000
0000000000110000000000000000000000000000000000000000000000000000000001100000000000
0000000000010000000000000000000000000000000000000000000000000000000001100000000000
0000000000011000000000000000000000000000000000000000000000000000000001100000000000
0000000000011000000000000000000000000000000000000000000000000000000001000000000000
0000000000011000000000000000000000000000000000000000000000000000000011000000000000
0000000000001100000000000000000000000000000000000000000000000000000011000000000000
0000000000001100000000000000000000000000000000000000000000000000000010000000000000
0000000000000100000000000000000000000000000000000000000000000000000110000000000000
0000000000000110000000000000000000000000000000000000000000000000000100000000000000
0000000000000010000000000000000000000000000000000000000000000000001100000000000000
0000000000000011000000000000000000000000000000000000000000000000001000000000000000
0000000000000001100000000000000000000000000000000000000000000000011000000000000000
0000000000000001100000000000000000000000000000000000000000000000110000000000000000
0000000000000000110000000000000000000000000000000000000000000001100000000000000000
0000000000000000011000000000000000000000000000000000000000000001100000000000000000
0000000000000000001100000000000000000000000000000000000000000011000000000000000000
0000000000000000000110000000000000000000000000000000000000000110000000000000000000
0000000000000000000011000000000000000000000000000000000000011100000000000000000000
0000000000000000000001100000000000000000000000000000000000111000000000000000000000
0000000000000000000000111000000000000000000000000000000001100000000000000000000000
0000000000000000000000001110000000000000000000000000000111000000000000000000000000
0000000000000000000000000111100000000000000000000000011100000000000000000000000000
0000000000000000000000000001111000000000000000000001111000000000000000000000000000
0000000000000000000000000000011111000000000000011111000000000000000000000000000000
0000000000000000000000000000000011111111111111111100000000000000000000000000000000
0000000000000000000000000000000000001111111110000000000000000000000000000000000000
0000000000000000000000000000000000000000000000000000000000000000000000000000000000
0000000000000000000000000000000000000000000000000000000000000000000000000000000000
0000000000000000000000000000000000000000000000000000000000000000000000000000000000
0000000000000000000000000000000000000000000000000000000000000000000000000000000000
0000000000000000000000000000000000000000000000000000000000000000000000000000000000
0000000000000000000000000000000000000000000000000000000000000000000000000000000000
0000000000000000000000000000000000000000000000000000000000000000000000000000000000
0000000000000000000000000000000000000000000000000000000000000000000000000000000000
0000000000000000000000000000000000000000000000000000000000000000000000000000000000
0000000000000000000000000000000000000000000000000000000000000000000000000000000000

0000000000000000000000000000000000000000000000000000000000000000000000000000000000
0000000000000000000000000000000000000000000000000000000000000000000000000000000000
0000000000000000000000000000000000000000000000000000000000000000000000000000000000
0000000000000000000000000000000000000000000000000000000000000000000000000000000000
0000000000000000000000000000000000000000000000000000000000000000000000000000000000
0000000000000000000000000000000000000000000000000000000000000000000000000000000000
0000000000000000000000000000000000000000000000000000000000000000000000000000000000
0000000000000000000000000000000000000000000000000000000000000000000000000000000000
0000000000000000000000000000000000000000000000000000000000000000000000000000000000
0000000000000000000000000000000000000000000000000000000000000000000000000000000000
0000000000000000000000000000000000000000000000000000000000000000000000000000000000
0000000000000000000000000000000000000000000000000000000000000000000000000000000000
0000000000000000000000000000000000000000000000000000000000000000000000000000000000
0000000000000000000000000000000000000000000000000000000000000000000000000000000000
0000000000000000000000000000000000000000000000000000000000000000000000000000000000
0000000000000000000000000000000000000000000000000000000000000000000000000000000000
0000000000000000000000000000000000000000000000000000000000000000000000000000000000
0000000000000000000000000000000000000000000000000000000000000000000000000000000000
0000000000000000000000000000000000000000000000000000000000000000000000000000000000
0000000000000000000000000000000000001111111111000000000000000000000000000000000000
0000000000000000000000000000000011111111001111111000000000000000000000000000000000
0000000000000000000000000000001111000000000000011110000000000000000000000000000000
0000000000000000000000000000011100000000000000000011100000000000000000000000000000
0000000000000000000000000001110000000000000000000000110000000000000000000000000000
0000000000000000000000000011100000000000000000000000011100000000000000000000000000
0000000000000000000000000110000000000000000000000000001110000000000000000000000000
0000000000000000000000001100000000000000000000000000000111000000000000000000000000
0000000000000000000000011000000000000000000000000000000011000000000000000000000000
0000000000000000000000011000000000000000000000000000000001100000000000000000000000
0000000000000000000000110000000000000000000000000000000000110000000000000000000000
0000000000000000000001100000000000000000000000000000000000010000000000000000000000
0000000000000000000001100000000000000000000000000000000000011000000000000000000000
0000000000000000000011000000000000000000000000000000000000001000000000000000000000
0000000000000000000011000000000000000000000000000000000000001100000000000000000000
0000000000000000000010000000000000000000000000000000000000001100000000000000000000
0000000000000000000110000000000000000000000000000000000000000100000000000000000000
0000000000000000000110000000000000000000000000000000000000000110000000000000000000
0000000000000000000110000000000000000000000000000000000000000110000000000000000000
0000000000000000000100000000000000000000000000000000000000000110000000000000000000
0000000000000000000100000000000000000000000000000000000000000110000000000000000000
0000000000000000000100000000000000000000000000000000000000000110000000000000000000
0000000000000000000100000000000000000000000000000000000000000110000000000000000000
0000000000000000000100000000000000000000000000000000000000000110000000000000000000
0000000000000000000100000000000000000000000000000000000000000110000000000000000000
0000000000000000000110000000000000000000000000000000000000000110000000000000000000
0000000000000000000110000000000000000000000000000000000000000110000000000000000000
0000000000000000000110000000000000000000000000000000000000000100000000000000000000
0000000000000000000010000000000000000000000000000000000000001100000000000000000000
0000000000000000000011000000000000000000000000000000000000001100000000000000000000
0000000000000000000011000000000000000000000000000000000000001000000000000000000000
0000000000000000000001100000000000000000000000000000000000011000000000000000000000
0000000000000000000001100000000000000000000000000000000000010000000000000000000000
0000000000000000000000110000000000000000000000000000000000110000000000000000000000
0000000000000000000000011000000000000000000000000000000001100000000000000000000000
0000000000000000000000011000000000000000000000000000000011000000000000000000000000
0000000000000000000000001100000000000000000000000000000011000000000000000000000000
0000000000000000000000000110000000000000000000000000001110000000000000000000000000
0000000000000000000000000011100000000000000000000000011100000000000000000000000000
0000000000000000000000000001110000000000000000000000111000000000000000000000000000
0000000000000000000000000000011100000000000000000011100000000000000000000000000000
0000000000000000000000000000001111000000000000001110000000000000000000000000000000
0000000000000000000000000000000011111110000111111000000000000000000000000000000000
0000000000000000000000000000000000011111111111000000000000000000000000000000000000
0000000000000000000000000000000000000000000000000000000000000000000000000000000000
0000000000000000000000000000000000000000000000000000000000000000000000000000000000
0000000000000000000000000000000000000000000000000000000000000000000000000000000000
0000000000000000000000000000000000000000000000000000000000000000000000000000000000
0000000000000000000000000000000000000000000000000000000000000000000000000000000000
0000000000000000000000000000000000000000000000000000000000000000000000000000000000
0000000000000000000000000000000000000000000000000000000000000000000000000000000000
0000000000000000000000000000000000000000000000000000000000000000000000000000000000
0000000000000000000000000000000000000000000000000000000000000000000000000000000000
0000000000000000000000000000000000000000000000000000000000000000000000000000000000
0000000000000000000000000000000000000000000000000000000000000000000000000000000000
0000000000000000000000000000000000000000000000000000000000000000000000000000000000
0000000000000000000000000000000000000000000000000000000000000000000000000000000000
0000000000000000000000000000000000000000000000000000000000000000000000000000000000
0000000000000000000000000000000000000000000000000000000000000000000000000000000000
0000000000000000000000000000000000000000000000000000000000000000000000000000000000
0000000000000000000000000000000000000000000000000000000000000000000000000000000000
0000000000000000000000000000000000000000000000000000000000000000000000000000000000
0000000000000000000000000000000000000000000000000000000000000000000000000000000000

0000000000000000000000000000000000000000000000000000000000000000000000000000000000
0000000000000000000000000000000000000000000000000000000000000000000000000000000000
0000000000000000000000000000000000000000000000000000000000000000000000000000000000
0000000000000000000000000000000000000000000000000000000000000000000000000000000000
0000000000000000000000000000000000000000000000000000000000000000000000000000000000
0000000000000000000000000000000000000000000000000000000000000000000000000000000000
0000000000000000000000000000000000000000000000000000000000000000000000000000000000
0000000000000000000000000000000000000000000000000000000000000000000000000000000000
0000000000000000000000000000000000000000000000000000000000000000000000000000000000
0000000000000000000000000000000000000000000000000000000000000000000000000000000000
0000000000000000000000000000000000000000000000000000000000000000000000000000000000
0000000000000000000000000000000000000000000000000000000000000000000000000000000000
0000000000000000000000000000000000000000000000000000000000000000000000000000000000
0000000000001111111111111111111111111111111111111111111111111111111110000000000000
0000000000001100000000000000000000000000000000000000000000000000000010000000000000
0000000000001100000000000000000000000000000000000000000000000000000010000000000000
0000000000001100000000000000000000000000000000000000000000000000000010000000000000
0000000000001100000000000000000000000000000000000000000000000000000010000000000000
0000000000001100000000000000000000000000000000000000000000000000000010000000000000
0000000000001100000000000000000000000000000000000000000000000000000010000000000000
0000000000001100000000000000000000000000000000000000000000000000000010000000000000
0000000000001100000000000000000000000000000000000000000000000000000010000000000000
0000000000001100000000000000000000000000000000000000000000000000000010000000000000
0000000000001100000000000000000000000000000000000000000000000000000010000000000000
0000000000001100000000000000000000000000000000000000000000000000000010000000000000
0000000000001100000000000000000000000000000000000000000000000000000010000000000000
0000000000001100000000000000000000000000000000000000000000000000000010000000000000
0000000000001100000000000000000000000000000000000000000000000000000010000000000000
0000000000001100000000000000000000000000000000000000000000000000000010000000000000
0000000000001100000000000000000000000000000000000000000000000000000010000000000000
0000000000001100000000000000000000000000000000000000000000000000000010000000000000
0000000000001100000000000000000000000000000000000000000000000000000010000000000000
0000000000001100000000000000000000000000000000000000000000000000000010000000000000
0000000000001100000000000000000000000000000000000000000000000000000010000000000000
0000000000001100000000000000000000000000000000000000000000000000000010000000000000
0000000000001100000000000000000000000000000000000000000000000000000010000000000000
0000000000001100000000000000000000000000000000000000000000000000000010000000000000
0000000000001100000000000000000000000000000000000000000000000000000010000000000000
0000000000001100000000000000000000000000000000000000000000000000000010000000000000
0000000000001100000000000000000000000000000000000000000000000000000010000000000000
0000000000001100000000000000000000000000000000000000000000000000000010000000000000
0000000000001100000000000000000000000000000000000000000000000000000010000000000000
0000000000001100000000000000000000000000000000000000000000000000000010000000000000
0000000000001100000000000000000000000000000000000000000000000000000010000000000000
0000000000001100000000000000000000000000000000000000000000000000000010000000000000
0000000000001100000000000000000000000000000000000000000000000000000010000000000000
0000000000001100000000000000000000000000000000000000000000000000000010000000000000
0000000000001100000000000000000000000000000000000000000000000000000010000000000000
0000000000001100000000000000000000000000000000000000000000000000000010000000000000
0000000000001100000000000000000000000000000000000000000000000000000010000000000000
0000000000001100000000000000000000000000000000000000000000000000000010000000000000
0000000000001100000000000000000000000000000000000000000000000000000010000000000000
0000000000001100000000000000000000000000000000000000000000000000000010000000000000
0000000000001100000000000000000000000000000000000000000000000000000010000000000000
0000000000001100000000000000000000000000000000000000000000000000000010000000000000
0000000000001100000000000000000000000000000000000000000000000000000010000000000000
0000000000001100000000000000000000000000000000000000000000000000000010000000000000
0000000000001100000000000000000000000000000000000000000000000000000010000000000000
0000000000001100000000000000000000000000000000000000000000000000000010000000000000
0000000000001100000000000000000000000000000000000000000000000000000010000000000000
0000000000001100000000000000000000000000000000000000000000000000000010000000000000
0000000000001100000000000000000000000000000000000000000000000000000010000000000000
0000000000001100000000000000000000000000000000000000000000000000000010000000000000
0000000000001100000000000000000000000000000000000000000000000000000010000000000000
0000000000001100000000000000000000000000000000000000000000000000000010000000000000
0000000000001100000000000000000000000000000000000000000000000000000010000000000000
0000000000001100000000000000000000000000000000000000000000000000000010000000000000
0000000000001100000000000000000000000000000000000000000000000000000010000000000000
0000000000001111111111111111111111111111111111111111111111111111111110000000000000
0000000000000000000000000000000000000000000000000000000000000000000000000000000000
0000000000000000000000000000000000000000000000000000000000000000000000000000000000
0000000000000000000000000000000000000000000000000000000000000000000000000000000000
0000000000000000000000000000000000000000000000000000000000000000000000000000000000
0000000000000000000000000000000000000000000000000000000000000000000000000000000000
0000000000000000000000000000000000000000000000000000000000000000000000000000000000
0000000000000000000000000000000000000000000000000000000000000000000000000000000000
0000000000000000000000000000000000000000000000000000000000000000000000000000000000
0000000000000000000000000000000000000000000000000000000000000000000000000000000000
0000000000000000000000000000000000000000000000000000000000000000000000000000000000
0000000000000000000000000000000000000000000000000000000000000000000000000000000000
0000000000000000000000000000000000000000000000000000000000000000000000000000000000
0000000000000000000000000000000000000000000000000000000000000000000000000000000000

0000000000000000000000000000000000000000000000000000000000000000000000000000000000
0000000000000000000000000000000000000000000000000000000000000000000000000000000000
0000000000000000000000000000000000000000000000000000000000000000000000000000000000
0000000000000000000000000000000000000000000000000000000000000000000000000000000000
0000000000000000000000000000000000000000000000000000000000000000000000000000000000
0000000000000000000000000000000000000000000000000000000000000000000000000000000000
0000000000000000000000000000000000000000000000000000000000000000000000000000000000
0000000000000000000000000000000000000000000000000000000000000000000000000000000000
0000000000000000000000000000000000000000000000000000000000000000000000000000000000
0000000000000000000000000000000000000000000000000000000000000000000000000000000000
0000000000000000000000000000000000000000000000000000000000000000000000000000000000
0000000000000000000000000000000000000000000000000000000000000000000000000000000000
0000000000000000000000000000000000000000000000000000000000000000000000000000000000
0000000000000000000000000000000000000000000000000000000000000000000000000000000000
0000000000000000000000000000000000000000000000000000000000000000000000000000000000
0000000000000000000000000000000000000000000000000000000000000000000000000000000000
0000000000000000000000000000000000000000000000000000000000000000000000000000000000
0000000000000000000000000000000000000000000000000000000000000000000000000000000000
0000000000000000000000000000000000000000000000000000000000000000000000000000000000
0000000000000000000111111111111111111111111111111111111111111110000000000000000000
0000000000000000000110000000000000000000000000000000000000000110000000000000000000
0000000000000000000100000000000000000000000000000000000000000010000000000000000000
0000000000000000000100000000000000000000000000000000000000000010000000000000000000
0000000000000000000100000000000000000000000000000000000000000010000000000000000000
0000000000000000000100000000000000000000000000000000000000000010000000000000000000
0000000000000000000100000000000000000000000000000000000000000010000000000000000000
0000000000000000000100000000000000000000000000000000000000000010000000000000000000
0000000000000000000100000000000000000000000000000000000000000010000000000000000000
0000000000000000000100000000000000000000000000000000000000000010000000000000000000
0000000000000000000100000000000000000000000000000000000000000010000000000000000000
0000000000000000000100000000000000000000000000000000000000000010000000000000000000
0000000000000000000100000000000000000000000000000000000000000010000000000000000000
0000000000000000000100000000000000000000000000000000000000000010000000000000000000
0000000000000000000100000000000000000000000000000000000000000010000000000000000000
0000000000000000000100000000000000000000000000000000000000000010000000000000000000
0000000000000000000100000000000000000000000000000000000000000010000000000000000000
0000000000000000000100000000000000000000000000000000000000000010000000000000000000
0000000000000000000100000000000000000000000000000000000000000010000000000000000000
0000000000000000000100000000000000000000000000000000000000000010000000000000000000
0000000000000000000100000000000000000000000000000000000000000010000000000000000000
0000000000000000000100000000000000000000000000000000000000000010000000000000000000
0000000000000000000100000000000000000000000000000000000000000010000000000000000000
0000000000000000000100000000000000000000000000000000000000000010000000000000000000
0000000000000000000100000000000000000000000000000000000000000010000000000000000000
0000000000000000000100000000000000000000000000000000000000000010000000000000000000
0000000000000000000100000000000000000000000000000000000000000010000000000000000000
0000000000000000000100000000000000000000000000000000000000000010000000000000000000
0000000000000000000100000000000000000000000000000000000000000010000000000000000000
0000000000000000000100000000000000000000000000000000000000000010000000000000000000
0000000000000000000100000000000000000000000000000000000000000010000000000000000000
0000000000000000000100000000000000000000000000000000000000000010000000000000000000
0000000000000000000100000000000000000000000000000000000000000010000000000000000000
0000000000000000000100000000000000000000000000000000000000000010000000000000000000
0000000000000000000100000000000000000000000000000000000000000010000000000000000000
0000000000000000000100000000000000000000000000000000000000000010000000000000000000
0000000000000000000100000000000000000000000000000000000000000010000000000000000000
0000000000000000000100000000000000000000000000000000000000000010000000000000000000
0000000000000000000100000000000000000000000000000000000000000010000000000000000000
0000000000000000000100000000000000000000000000000000000000000010000000000000000000
0000000000000000000100000000000000000000000000000000000000000010000000000000000000
0000000000000000000100000000000000000000000000000000000000000010000000000000000000
0000000000000000000110000000000000000000000000000000000000000110000000000000000000
0000000000000000000111111111111111111111111111111111111111111110000000000000000000
0000000000000000000000000000000000000000000000000000000000000000000000000000000000
0000000000000000000000000000000000000000000000000000000000000000000000000000000000
0000000000000000000000000000000000000000000000000000000000000000000000000000000000
0000000000000000000000000000000000000000000000000000000000000000000000000000000000
0000000000000000000000000000000000000000000000000000000000000000000000000000000000
0000000000000000000000000000000000000000000000000000000000000000000000000000000000
0000000000000000000000000000000000000000000000000000000000000000000000000000000000
0000000000000000000000000000000000000000000000000000000000000000000000000000000000
0000000000000000000000000000000000000000000000000000000000000000000000000000000000
0000000000000000000000000000000000000000000000000000000000000000000000000000000000
0000000000000000000000000000000000000000000000000000000000000000000000000000000000
0000000000000000000000000000000000000000000000000000000000000000000000000000000000
0000000000000000000000000000000000000000000000000000000000000000000000000000000000
0000000000000000000000000000000000000000000000000000000000000000000000000000000000
0000000000000000000000000000000000000000000000000000000000000000000000000000000000
0000000000000000000000000000000000000000000000000000000000000000000000000000000000
0000000000000000000000000000000000000000000000000000000000000000000000000000000000
0000000000000000000000000000000000000000000000000000000000000000000000000000000000
0000000000000000000000000000000000000000000000000000000000000000000000000000000000

0000000000000000000000000000000000000000000000000000000000000000000000000000000000
0000000000000000000000000000000000000000000000000000000000000000000000000000000000
0000000000000000000000000000000000000000000000000000000000000000000000000000000000
0000000000000000000000000000000000000000000000000000000000000000000000000000000000
0000000000000000000000000000000000000000000000000000000000000000000000000000000000
0000000000000000000000000000000000000000000000000000000000000000000000000000000000
0000000000000000000000000000000000000000000000000000000000000000000000000000000000
0000000000000000000000000000000000000000000000000000000000000000000000000000000000
0000000000000000000000000000000000000000000000000000000000000000000000000000000000
0000000000000000000000000000000000000000000000000000000000000000000000000000000000
0000000000000000000000000000000000000000000000000000000000000000000000000000000000
0000000000000000000000000000000000000000000000000000000000000000000000000000000000
0000000000000000000000000000000000000000000000000000000000000000000000000000000000
0000000000000111111111111111111111111111111111111111111111111111111111000000000000
0000000000000100000000000000000000000000000000000000000000000000000011000000000000
0000000000000100000000000000000000000000000000000000000000000000000011000000000000
0000000000000100000000000000000000000000000000000000000000000000000011000000000000
0000000000000100000000000000000000000000000000000000000000000000000011000000000000
0000000000000100000000000000000000000000000000000000000000000000000011000000000000
0000000000000100000111111111111111111111111111111111111111111110000011000000000000
0000000000000100000110000000000000000000000000000000000000000110000011000000000000
0000000000000100000100000000000000000000000000000000000000000010000011000000000000
0000000000000100000100000000000000000000000000000000000000000010000011000000000000
0000000000000100000100000000000000000000000000000000000000000010000011000000000000
0000000000000100000100000000000000000000000000000000000000000010000011000000000000
0000000000000100000100000000000000000000000000000000000000000010000011000000000000
0000000000000100000100000000000000000000000000000000000000000010000011000000000000
0000000000000100000100000000000000000000000000000000000000000010000011000000000000
0000000000000100000100000000000000000000000000000000000000000010000011000000000000
0000000000000100000100000000000000000000000000000000000000000010000011000000000000
0000000000000100000100000000000000000000000000000000000000000010000011000000000000
0000000000000100000100000000000000000000000000000000000000000010000011000000000000
0000000000000100000100000000000000000000000000000000000000000010000011000000000000
0000000000000100000100000000000000000000000000000000000000000010000011000000000000
0000000000000100000100000000000000000000000000000000000000000010000011000000000000
0000000000000100000100000000000000000000000000000000000000000010000011000000000000
0000000000000100000100000000000000000000000000000000000000000010000011000000000000
0000000000000100000100000000000000000000000000000000000000000010000011000000000000
0000000000000100000100000000000000000000000000000000000000000010000011000000000000
0000000000000100000100000000000000000000000000000000000000000010000011000000000000
0000000000000100000100000000000000000000000000000000000000000010000011000000000000
0000000000000100000100000000000000000000000000000000000000000010000011000000000000
0000000000000100000100000000000000000000000000000000000000000010000011000000000000
0000000000000100000100000000000000000000000000000000000000000010000011000000000000
0000000000000100000100000000000000000000000000000000000000000010000011000000000000
0000000000000100000100000000000000000000000000000000000000000010000011000000000000
0000000000000100000100000000000000000000000000000000000000000010000011000000000000
0000000000000100000100000000000000000000000000000000000000000010000011000000000000
0000000000000100000100000000000000000000000000000000000000000010000011000000000000
0000000000000100000100000000000000000000000000000000000000000010000011000000000000
0000000000000100000100000000000000000000000000000000000000000010000011000000000000
0000000000000100000100000000000000000000000000000000000000000010000011000000000000
0000000000000100000100000000000000000000000000000000000000000010000011000000000000
0000000000000100000100000000000000000000000000000000000000000010000011000000000000
0000000000000100000100000000000000000000000000000000000000000010000011000000000000
0000000000000100000100000000000000000000000000000000000000000010000011000000000000
0000000000000100000100000000000000000000000000000000000000000010000011000000000000
0000000000000100000100000000000000000000000000000000000000000010000011000000000000
0000000000000100000100000000000000000000000000000000000000000010000011000000000000
0000000000000100000100000000000000000000000000000000000000000010000011000000000000
0000000000000100000100000000000000000000000000000000000000000010000011000000000000
0000000000000100000110000000000000000000000000000000000000000110000011000000000000
0000000000000100000111111111111111111111111111111111111111111110000011000000000000
0000000000000100000000000000000000000000000000000000000000000000000011000000000000
0000000000000100000000000000000000000000000000000000000000000000000011000000000000
0000000000000100000000000000000000000000000000000000000000000000000011000000000000
0000000000000100000000000000000000000000000000000000000000000000000011000000000000
0000000000000100000000000000000000000000000000000000000000000000000011000000000000
0000000000000111111111111111111111111111111111111111111111111111111111000000000000
0000000000000000000000000000000000000000000000000000000000000000000000000000000000
0000000000000000000000000000000000000000000000000000000000000000000000000000000000
0000000000000000000000000000000000000000000000000000000000000000000000000000000000
0000000000000000000000000000000000000000000000000000000000000000000000000000000000
0000000000000000000000000000000000000000000000000000000000000000000000000000000000
0000000000000000000000000000000000000000000000000000000000000000000000000000000000
0000000000000000000000000000000000000000000000000000000000000000000000000000000000
0000000000000000000000000000000000000000000000000000000000000000000000000000000000
0000000000000000000000000000000000000000000000000000000000000000000000000000000000
0000000000000000000000000000000000000000000000000000000000000000000000000000000000
0000000000000000000000000000000000000000000000000000000000000000000000000000000000
0000000000000000000000000000000000000000000000000000000000000000000000000000000000
0000000000000000000000000000000000000000000000000000000000000000000000000000000000

0000000000000000000000000000000000000000000000000000000000000000000000000000000000
0000000000000000000000000000000000000000000000000000000000000000000000000000000000
0000000000000000000000000000000000000000000000000000000000000000000000000000000000
0000000000000000000000000000000000000000000000000000000000000000000000000000000000
0000000000000000000000000000000000000000000000000000000000000000000000000000000000
0000000000000000000000000000000000000000000000000000000000000000000000000000000000
0000000000000000000000000000000000000000000000000000000000000000000000000000000000
0000000000000000000000000000000000000000000000000000000000000000000000000000000000
0000000000000000000000000000000000000000000000000000000000000000000000000000000000
0000000000000000000000000000000000000000000000000000000000000000000000000000000000
0000000000000000000000000000000000000111111110000000000000000000000000000000000000
0000000000000000000000000000000011111111111111111100000000000000000000000000000000
0000000000000000000000000000001111100000000000011111100000000000000000000000000000
0000000000000000000000000001111100000000000000000001111000000000000000000000000000
0000000000000000000000000011100000000000000000000000011110000000000000000000000000
0000000000000000000000001110000000000000000000000000000111000000000000000000000000
0000000000000000000000011000000000000000000000000000000001110000000000000000000000
0000000000000000000001110000000000000000000000000000000000111000000000000000000000
0000000000000000000011100000000000000000000000000000000000001100000000000000000000
0000000000000000000110000000000000000111111111000000000000000110000000000000000000
0000000000000000001100000000000001111111111111111000000000000011000000000000000000
0000000000000000011100000000000111100000000000011110000000000001100000000000000000
0000000000000000011000000000011110000000000000000011100000000000110000000000000000
0000000000000000110000000000111000000000000000000000110000000000110000000000000000
0000000000000001100000000001100000000000000000000000011100000000011000000000000000
0000000000000001000000000111000000000000000000000000001110000000001100000000000000
0000000000000011000000000110000000000000000000000000000111000000001100000000000000
0000000000000010000000001100000000000000000000000000000011000000000110000000000000
0000000000000110000000011000000000000000000000000000000001100000000110000000000000
0000000000000100000000110000000000000000000000000000000000110000000011000000000000
0000000000001100000000110000000000000000000000000000000000010000000011000000000000
0000000000001100000001100000000000000000000000000000000000011000000001000000000000
0000000000001000000001000000000000000000000000000000000000001000000001100000000000
0000000000011000000011000000000000000000000000000000000000001100000001100000000000
0000000000011000000011000000000000000000000000000000000000001100000000100000000000
0000000000011000000010000000000000000000000000000000000000000100000000100000000000
0000000000010000000110000000000000000000000000000000000000000110000000110000000000
0000000000010000000110000000000000000000000000000000000000000110000000110000000000
0000000000110000000110000000000000000000000000000000000000000110000000110000000000
0000000000110000000110000000000000000000000000000000000000000110000000110000000000
0000000000110000000110000000000000000000000000000000000000000010000000110000000000
0000000000110000000110000000000000000000000000000000000000000010000000110000000000
0000000000110000000110000000000000000000000000000000000000000010000000110000000000
0000000000110000000110000000000000000000000000000000000000000110000000110000000000
0000000000010000000110000000000000000000000000000000000000000110000000110000000000
0000000000010000000110000000000000000000000000000000000000000110000000110000000000
0000000000010000000010000000000000000000000000000000000000000110000000100000000000
0000000000011000000011000000000000000000000000000000000000000100000000100000000000
0000000000011000000011000000000000000000000000000000000000001100000001100000000000
0000000000001000000001000000000000000000000000000000000000001100000001100000000000
0000000000001100000001100000000000000000000000000000000000011000000001000000000000
0000000000001100000000100000000000000000000000000000000000011000000011000000000000
0000000000000100000000110000000000000000000000000000000000110000000011000000000000
0000000000000110000000011000000000000000000000000000000001100000000010000000000000
0000000000000110000000001100000000000000000000000000000001100000000110000000000000
0000000000000011000000001100000000000000000000000000000011000000000100000000000000
0000000000000001000000000111000000000000000000000000000110000000001100000000000000
0000000000000001100000000011100000000000000000000000011100000000011000000000000000
0000000000000000110000000001110000000000000000000000111000000000011000000000000000
0000000000000000011000000000011100000000000000000011100000000000110000000000000000
0000000000000000011000000000000111000000000000001111000000000001100000000000000000
0000000000000000001100000000000001111110000111111100000000000011000000000000000000
0000000000000000000110000000000000001111111111100000000000000110000000000000000000
0000000000000000000011100000000000000000000000000000000000001100000000000000000000
0000000000000000000001110000000000000000000000000000000000111000000000000000000000
0000000000000000000000011000000000000000000000000000000001110000000000000000000000
0000000000000000000000001110000000000000000000000000000111000000000000000000000000
0000000000000000000000000011100000000000000000000000011110000000000000000000000000
0000000000000000000000000001111000000000000000000001111000000000000000000000000000
0000000000000000000000000000011111100000000000011111100000000000000000000000000000
0000000000000000000000000000000011111111111111111100000000000000000000000000000000
0000000000000000000000000000000000000111111111000000000000000000000000000000000000
0000000000000000000000000000000000000000000000000000000000000000000000000000000000
0000000000000000000000000000000000000000000000000000000000000000000000000000000000
0000000000000000000000000000000000000000000000000000000000000000000000000000000000
0000000000000000000000000000000000000000000000000000000000000000000000000000000000
0000000000000000000000000000000000000000000000000000000000000000000000000000000000
0000000000000000000000000000000000000000000000000000000000000000000000000000000000
0000000000000000000000000000000000000000000000000000000000000000000000000000000000
0000000000000000000000000000000000000000000000000000000000000000000000000000000000
0000000000000000000000000000000000000000000000000000000000000000000000000000000000
0000000000000000000000000000000000000000000000000000000000000000000000000000000000

== SDRs ==
00000000010000000010000000001010
00010001000000110000000001000100
00000000001000000000000010000000
01000000000000000001000100000000
10000000000001000010001000000000
10000000000100000000000000000000
00001000000001010010000000000011
01000000000001000000000000000010
00101001000000000000000000000000
10000001000000011000000000000000
00001010000000000000010000000000
00000010000000000000000001000000
00000000000000000000000000100000
10000000000001100000000000100000
10000010000000000000100000001000
00000000001101001000000000100000
10011001000001000000000000000010
00101000001000000010000010000110
00011001110000000000000000000010
10000000000001010000000000000001
00000000100010000001000000000000
10010000010000000000100100000000
01100000000000000010000000000100
00000000100000000000000000000001
10100000000000000000000001000001
00000011000100000100100000000000
00000000000000000000000000100000
01011100000100000000001000100001
00000000000000010011000000000000
00000000000001000001000100010010
00100000000110100000000000000000
00000000001000000000010011000000

10100100000000000000000001011010
00000000100000000000000000000000
00010001011000000000000100000000
00000000000000100000000101101010
10000010000000000010001000000000
01000000000100100000001000000000
00001101000001100000000100000011
00100000000010000000100000000010
00100001000000000001000000110000
00000001010000000000011000010000
00001000111000101011000011000000
00000010001000000010000001000000
00100000010000000001000010101000
00000000000001100001000000100010
10000010000001010000000000000000
00000000001001000100000000100000
00000100000001000000000000001100
10001000000000000010000000000110
00001000001000000000100011100000
10000000110000000000000000000010
00000110000010000010000000000000
00010001010000000000110100000000
00000000001110001100000000000000
00010000100010001100000000000000
10000010000101111000000001000001
00000000000101100000100000001000
00000100000010000001000000100001
01010100000000101010000000011000
00000000000000000000000110010000
00000000000000010000000001001010
00000010000000010000000000001000
00101000101110000000010011000000

00010000000000000000000000001100
10010000000000100001000000010101
00000000000000100000000010010000
00000100000000010001000000000001
00000010000001100000001000000010
10000000100000001010000010000000
00000000100001010000000000000000
00000000000000001000000000000000
00000011000000000001000000000000
00010001000000010000010000000001
10000000000000100000000100000000
00000000000000000000000000011000
00010110000000010000001010000000
00000000000000000010000010010110
10010000000000000000100000000000
00000000001001000000000110001000
00000001100000000000000000000010
00110000001000000000000010000011
00010001000000000000001000000100
00000000000000000000000000000000
00100000001000001000000000000000
10000001000000000101000000000000
00011000000000000000000000000000
00000000101000000000000000000100
00000001000000000000000000000001
00000111010001000000100000100000
00000000100000000000000010000000
01000000000000110000001000001000
00010000000000000100000000000001
00000000000000000000000001110010
00000000000011001000000000100000
00000000000000000000000000001000

00110000000000000000000100011010
00010001010100110000000010000000
00000000001000000010000100000000
00000000000000000010000101000010
10000010000000000010001000000000
00000000000100100000000000000000
10001001000001000010001000000011
00001000000011000000100000000010
00101001000000000000000100110100
00000001000000010000001000010000
00101000100000000010010011000010
00010010001000000010000001000000
00000000010000000001100010101000
10000000000001100001000000100000
10000010010000010000000000001000
00000000001101000000000000100000
10000101000001000000000000010110
00101000000000000010000000000110
00000000101000000000000010100010
10000000110001010000000000001011
00000010000010000011000000000000
10010101010000000000101100000000
01000000000100000110000000000000
00010000100000000100000000000001
10001010000000111000000001000001
00100000000000100000100000000000
00000000000010000001000000100000
01010100000000100000000001101000
00000010010000001000000100000000
00000010000001000101000000011011
00100000000110111000000000001010
00110000000110000010010011000000

00000000010100000010000000000000
11000000000000100001010001000111
00110001000000000010001010100000
00000000000010100001100000000000
10000000000001110000000000000000
00000100101100001000101000000000
00000000000101010000000000000000
01101000000011000000000000000000
10001001000000100000001000000000
00000000000000001001000000010000
00010010000000000000010000000000
00000000000000000000001001000000
00000100000000000000010000000000
10000000000000100001010100010110
10000010000000010000100000000110
01000000001000001010000101110010
10111001000000010000000000100010
10000000001000000010000010000011
00011000010000000000000000001110
01000000000010010000000000000010
00010000100010010000000000001000
00100010000000000000100100000000
00100000001000000000000000000000
00000001100010000000000000000001
10100000000000000000000000000001
00000011010101000100000000000000
00000000000000000001000000000000
10011100010100001000001000011001
10001100001001000111000000001000
10000000011000000001000100100000
01010100001010100000100000000000
00010000001000010000000000000001

00010000000000101000000000000100
00000100000000000001010010000010
00000000010000000000000000000000
00000000000001100000000000010000
00000000000000101000000000000000
00000010001000001000000000000001
00000001000001000000000000000100
00000000000000000000000000010000
00101000000000000001000001000000
00000000000000010001100000010000
10100100010000000000010010100000
00001000000000000000000000010000
00000100000000010000100000000000
11000000000000000000000101100011
00010000000001000000000000000000
00000000000100000010000100000000
00000000100000001000010000001000
00000000010100001000100010000001
00000000010001000100001010010100
01000000000100100001000000000000
00011000000000011000000000000000
00000100100000000000000000000000
00101000001000001010001000000000
00000101000010001000000100001100
00001010000000000001000000010000
00000001010000000001000000110000
00000000000000000000000000000010
00100001000100000100000000010011
00000100010001011010001000000000
00000010000100000001001000010010
00000100001010010000000000000010
00000000000100000000100111000001

00000000010000000000000000000100
10001000000000100000010100000000
00100000000000100011001000111000
00000110000000110001000110000011
00100010001011100011000000000001
10100000000000001000000010000000
00000100100001010001001000000000
00011000000001101000000000000100
00000000000000000100000001000000
10010000000010010000010000000001
01001100000000100000001100000000
00000000000000100000000000001000
10010110011000100000001010100000
00000000000000000000011011010011
10000010000000010000100101000010
00000000001001001101000110100000
00000000000010100000000000000100
10110000000010000000001100000011
00010001001000000000100000000100
00000000000000000000000010000010
00100100001010000000000000000000
10000101010010000101000000000000
00010000000001000000000000000000
00100001100000000000000000000000
00010001000001000001001000000011
00000110010001000000100000100000
10000000100000000000000010000001
01000000000000110100000000011101
10111100001000000000100000000001
00000000000000100000000000110001
01000100001011011000000000000000
00000000000001010000000110001000

00010000000000000000000000000100
10000000000000100001010000001001
00000000010000000000000000011000
00000000000000110000000000000001
00100010001101100001000000000000
10000000000000001010000010000000
00000000100001010000001000000000
00000000000001001000000000000100
00001010000000000101000001000000
00010000000000010000010000000001
01001100000000100000000100000000
00000000000000000000000000011000
00010110000000100000001010100000
00000000000000000000000011010011
00010000000000000000100001000000
00000000001001000000000110000000
00000000100000000000000000000100
00110000001010000000100010000011
00010000000000000000001000000100
00000000010000000000000000000000
00000000001000011000000000000000
10000101000000000101000000000000
00011000000000000000000000000000
00001000100000000000000100000100
00000001000001000001000000000001
00000110010000000000010000100000
00000000100000000000000010000000
01000000000000100100000000010001
00110000000000000000000000000001
00000010000000100000000001110011
00000100001010011000000000000000
00000000000001000000000100001000

10000000010000000010000001001000
00000001110000100000000000000100
00010001001000000010000010000000
01000000000000100000000000000000
00000010000001000010001000000000
00000000000100100000101000000000
00000000000000000000000000000011
00001000000010000000000000000010
00100001000000000000000100100000
10000001000000011000010000010000
00001010000000101000000000000000
00000010000000000000000000000000
00000000000000010001000000001000
10000000000000000001000010000010
10000010000000000000000000000100
01000000001001001010000000100010
10011000000001000000000000000000
10001000001000000000000010000110
00010001001000000000000001000110
10000000000000000000000000000010
00000110100010000000000000000000
00010000010000000000100100000000
00100000001000000000000000000000
00000000100010000000000000000000
10100000000001000000000000000001
00000011000101100000000000000000
00000000000000000001000100000000
00011100010000001000001000011001
10000000000000000000000000001000
00000000000001000001000100000010
01000010000010100000000000000000
00000000101000000000000001000000

