== Attributes ==
title=2x1 Classmates' Problem 02
type= 2x1
result=5
window_size=(82, 82)

== Input ==
0000000000000000000000000000000000000000000000000000000000000000000000000000000000
0000000000000000000000000000000000000000000000000000000000000000000000000000000000
0000000000000000000000000000000000000000000000000000000000000000000000000000000000
0000000000000000000000000000000000000000000000000000000000000000000000000000000000
0000000000000000000000000000000000000000000000000000000000000000000000000000000000
0000000000000000000000000000000000000000000000000000000000000000000000000000000000
0000000000000000000000000000000000000000000000000000000000000000000000000000000000
0000000000000000000000000000000000000000000000000000000000000000000000000000000000
0000000000000000000000000000000000000000000000000000000000000000000000000000000000
0000000000000000000000000000000000000000000000000000000000000000000000000000000000
0000000000000000000000000000000000000000000000000000000000000000000000000000000000
0000000000000000000000000000000000000000000000000000000000000000000000000000000000
0000000000000000000000000000000000000000000000000000000000000000000000000000000000
0000000000000000000000000000000000000000000000000000000000000000000000000000000000
0000000000000000000000000000000000000000000000000000000000000000000000000000000000
0000000000000000000000000000000000000000000000000000000000000000000000000000000000
0000000000000000000000000000000000000000000000000000000000000000000000000000000000
0000000000000000000000000000000000000000000000000000000000000000000000000000000000
0000000000000000000000000000000000000000000000000000000000000000000000000000000000
0000000000000000000000000000000000000000000000000000000000000000000000000000000000
0000000000000000000000000000000000000000000000000000000000000000000000000000000000
0000000000000000000000000000000000000000000000000000000000000000000000000000000000
0000000000000000000000000000000000000000000000000000000000000000000000000000000000
0000000000000000000000000000000000000000000000000000000000000000000000000000000000
0000000000000000000000000000000000000000000000000000000000000000000000000000000000
0000000000000000000000000000000000000000000000000000000000000000000000000000000000
0000000000000000000000000000000000000000000000000000000000000000000000000000000000
0000000000000000000000000000000000000000000000000000000000000000000000000000000000
0000000000000000000000000000000000000000000000000000000000000000000000000000000000
0000000000000000000000000000000000000000000000000000000000000000000000000000000000
0000000000000000000000000000000000000000110000000000000000000000000000000000000000
0000000000000000000000000000000000000001110000000000000000000000000000000000000000
0000000000000000000000000000000000000001111000000000000000000000000000000000000000
0000000000000000000000000000000000000011011000000000000000000000000000000000000000
0000000000000000000000000000000000000011001100000000000000000000000000000000000000
0000000000000000000000000000000000000110001100000000000000000000000000000000000000
0000000000000000000000000000000000000110000110000000000000000000000000000000000000
0000000000000000000000000000000000001100000110000000000000000000000000000000000000
0000000000000000000000000000000000001000000011000000000000000000000000000000000000
0000000000000000000000000000000000011000000011000000000000000000000000000000000000
0000000000000000000000000000000000010000000001100000000000000000000000000000000000
0000000000000000000000000000000000110000000001100000000000000000000000000000000000
0000000000000000000000000000000000100000000000110000000000000000000000000000000000
0000000000000000000000000000000001100000000000110000000000000000000000000000000000
0000000000000000000000000000000001000000000000011000000000000000000000000000000000
0000000000000000000000000000000011000000000000011000000000000000000000000000000000
0000000000000000000000000000000010000000000000001100000000000000000000000000000000
0000000000000000000000000000000110000000000000001100000000000000000000000000000000
0000000000000000000000000000000100000000000000000110000000000000000000000000000000
0000000000000000000000000000001100000000000000000110000000000000000000000000000000
0000000000000000000000000000001000000000000000000011000000000000000000000000000000
0000000000000000000000000000011111111111111111111111000000000000000000000000000000
0000000000000000000000000000011111111111111111111111000000000000000000000000000000
0000000000000000000000000000000000000000000000000000000000000000000000000000000000
0000000000000000000000000000000000000000000000000000000000000000000000000000000000
0000000000000000000000000000000000000000000000000000000000000000000000000000000000
0000000000000000000000000000000000000000000000000000000000000000000000000000000000
0000000000000000000000000000000000000000000000000000000000000000000000000000000000
0000000000000000000000000000000000000000000000000000000000000000000000000000000000
0000000000000000000000000000000000000000000000000000000000000000000000000000000000
0000000000000000000000000000000000000000000000000000000000000000000000000000000000
0000000000000000000000000000000000000000000000000000000000000000000000000000000000
0000000000000000000000000000000000000000000000000000000000000000000000000000000000
0000000000000000000000000000000000000000000000000000000000000000000000000000000000
0000000000000000000000000000000000000000000000000000000000000000000000000000000000
0000000000000000000000000000000000000000000000000000000000000000000000000000000000
0000000000000000000000000000000000000000000000000000000000000000000000000000000000
0000000000000000000000000000000000000000000000000000000000000000000000000000000000
0000000000000000000000000000000000000000000000000000000000000000000000000000000000
0000000000000000000000000000000000000000000000000000000000000000000000000000000000
0000000000000000000000000000000000000000000000000000000000000000000000000000000000
0000000000000000000000000000000000000000000000000000000000000000000000000000000000
0000000000000000000000000000000000000000000000000000000000000000000000000000000000
0000000000000000000000000000000000000000000000000000000000000000000000000000000000
0000000000000000000000000000000000000000000000000000000000000000000000000000000000
0000000000000000000000000000000000000000000000000000000000000000000000000000000000
0000000000000000000000000000000000000000000000000000000000000000000000000000000000
0000000000000000000000000000000000000000000000000000000000000000000000000000000000
0000000000000000000000000000000000000000000000000000000000000000000000000000000000
0000000000000000000000000000000000000000000000000000000000000000000000000000000000
0000000000000000000000000000000000000000000000000000000000000000000000000000000000
0000000000000000000000000000000000000000000000000000000000000000000000000000000000

0000000000000000000000000000000000000000000000000000000000000000000000000000000000
0000000000000000000000000000000000000000000000000000000000000000000000000000000000
0000000000000000000000000000000000000000000000000000000000000000000000000000000000
0000000000000000000000000000000000000000000000000000000000000000000000000000000000
0000000000000000000000000000000000000000000000000000000000000000000000000000000000
0000000000000000000000000000000000000000000000000000000000000000000000000000000000
0000000000000000000000000000000000000000000000000000000000000000000000000000000000
0000000000000000000000000000000000000000000000000000000000000000000000000000000000
0000000000000000000000000000000000000000000000000000000000000000000000000000000000
0000000000000000000000000000000000000000000000000000000000000000000000000000000000
0000000000000000000000000000000000000000000000000000000000000000000000000000000000
0000000000000000000000000000000000000000000000000000000000000000000000000000000000
0000000000000000000000000000000000000000000000000000000000000000000000000000000000
0000000000000000000000000000000000000000000000000000000000000000000000000000000000
0000000000000000000000000000000000000000000000000000000000000000000000000000000000
0000000000000000000000000000000000000000000000000000000000000000000000000000000000
0000000000000000000000000000000000000000000000000000000000000000000000000000000000
0000000000000000000000000000000000000000000000000000000000000000000000000000000000
0000000000000000000000000000000000000000000000000000000000000000000000000000000000
0000000000000000000000000000000000000000000000000000000000000000000000000000000000
0000000000000000000000000000000000000000000000000000000000000000000000000000000000
0000000000000000000000000000000000000000000000000000000000000000000000000000000000
0000000000000000000000000000000000000000000000000000000000000000000000000000000000
0000000000000000000000000000000000000000000000000000000000000000000000000000000000
0000000000000000000000001111111111111111111111111111111111000000000000000000000000
0000000000000000000000001111111111111111111111111111111111100000000000000000000000
0000000000000000000000001000000000000000000000000000000001100000000000000000000000
0000000000000000000000001000000000000000000000000000000001100000000000000000000000
0000000000000000000000001000000000000000000000000000000001100000000000000000000000
0000000000000000000000001000000000000000000000000000000001100000000000000000000000
0000000000000000000000001000000000000000110000000000000001100000000000000000000000
0000000000000000000000001000000000000000111000000000000001100000000000000000000000
0000000000000000000000001000000000000001111000000000000001100000000000000000000000
0000000000000000000000001000000000000001001100000000000001100000000000000000000000
0000000000000000000000001000000000000011001100000000000001100000000000000000000000
0000000000000000000000001000000000000011000110000000000001100000000000000000000000
0000000000000000000000001000000000000110000110000000000001100000000000000000000000
0000000000000000000000001000000000000110000011000000000001100000000000000000000000
0000000000000000000000001000000000001100000011000000000001100000000000000000000000
0000000000000000000000001000000000001100000001100000000001100000000000000000000000
0000000000000000000000001000000000011000000001100000000001100000000000000000000000
0000000000000000000000001000000000010000000000110000000001100000000000000000000000
0000000000000000000000001000000000110000000000110000000001100000000000000000000000
0000000000000000000000001000000000100000000000011000000001100000000000000000000000
0000000000000000000000001000000001100000000000011000000001100000000000000000000000
0000000000000000000000001000000001000000000000001100000001100000000000000000000000
0000000000000000000000001000000011000000000000001100000001100000000000000000000000
0000000000000000000000001000000010000000000000000110000001100000000000000000000000
0000000000000000000000001000000110000000000000000110000001100000000000000000000000
0000000000000000000000001000000100000000000000000011000001100000000000000000000000
0000000000000000000000001000001100000000000000000011000001100000000000000000000000
0000000000000000000000001000001111111111111111111111100001100000000000000000000000
0000000000000000000000001000011111111111111111111111100001100000000000000000000000
0000000000000000000000001000000000000000000000000000000001100000000000000000000000
0000000000000000000000001000000000000000000000000000000001100000000000000000000000
0000000000000000000000001000000000000000000000000000000001100000000000000000000000
0000000000000000000000001000000000000000000000000000000001100000000000000000000000
0000000000000000000000001111111111111111111111111111111111100000000000000000000000
0000000000000000000000001111111111111111111111111111111111000000000000000000000000
0000000000000000000000000000000000000000000000000000000000000000000000000000000000
0000000000000000000000000000000000000000000000000000000000000000000000000000000000
0000000000000000000000000000000000000000000000000000000000000000000000000000000000
0000000000000000000000000000000000000000000000000000000000000000000000000000000000
0000000000000000000000000000000000000000000000000000000000000000000000000000000000
0000000000000000000000000000000000000000000000000000000000000000000000000000000000
0000000000000000000000000000000000000000000000000000000000000000000000000000000000
0000000000000000000000000000000000000000000000000000000000000000000000000000000000
0000000000000000000000000000000000000000000000000000000000000000000000000000000000
0000000000000000000000000000000000000000000000000000000000000000000000000000000000
0000000000000000000000000000000000000000000000000000000000000000000000000000000000
0000000000000000000000000000000000000000000000000000000000000000000000000000000000
0000000000000000000000000000000000000000000000000000000000000000000000000000000000
0000000000000000000000000000000000000000000000000000000000000000000000000000000000
0000000000000000000000000000000000000000000000000000000000000000000000000000000000
0000000000000000000000000000000000000000000000000000000000000000000000000000000000
0000000000000000000000000000000000000000000000000000000000000000000000000000000000
0000000000000000000000000000000000000000000000000000000000000000000000000000000000
0000000000000000000000000000000000000000000000000000000000000000000000000000000000
0000000000000000000000000000000000000000000000000000000000000000000000000000000000
0000000000000000000000000000000000000000000000000000000000000000000000000000000000
0000000000000000000000000000000000000000000000000000000000000000000000000000000000
0000000000000000000000000000000000000000000000000000000000000000000000000000000000

0000000000000000000000000000000000000000000000000000000000000000000000000000000000
0000000000000000000000000000000000000000000000000000000000000000000000000000000000
0000000000000000000000000000000000000000000000000000000000000000000000000000000000
0000000000000000000000000000000000000000000000000000000000000000000000000000000000
0000000000000000000000000000000000000000000000000000000000000000000000000000000000
0000000000000000000000000000000000000000000000000000000000000000000000000000000000
0000000000000000000000000000000000000000000000000000000000000000000000000000000000
0000000000000000000000000000000000000000000000000000000000000000000000000000000000
0000000000000000000000000000000000000000000000000000000000000000000000000000000000
0000000000000000000000000000000000000000000000000000000000000000000000000000000000
0000000000000000000000000000000000000000000000000000000000000000000000000000000000
0000000000000000000000000000000000000000000000000000000000000000000000000000000000
0000000000000000000000000000000000000000000000000000000000000000000000000000000000
0000000000000000000000000000000000000000000000000000000000000000000000000000000000
0000000000000000000000000000000000000000000000000000000000000000000000000000000000
0000000000000000000000000000000000000000000000000000000000000000000000000000000000
0000000000000000000000000000000000000000000000000000000000000000000000000000000000
0000000000000000000000000000000000000000000000000000000000000000000000000000000000
0000000000000000000000000000000000000000000000000000000000000000000000000000000000
0000000000000000000000000000000000000000000000000000000000000000000000000000000000
0000000000000000000000000000000000000000000000000000000000000000000000000000000000
0000000000000000000000000000000000000000000000000000000000000000000000000000000000
0000000000000000000000000000000000000000000000000000000000000000000000000000000000
0000000000000000000000000000000000000000000000000000000000000000000000000000000000
0000000000000000000000000000000000000000000000000000000000000000000000000000000000
0000000000000000000000000000000000000000000000000000000000000000000000000000000000
0000000000000000000000000000000000000000000000000000000000000000000000000000000000
0000000000000000000000000000000000000000000000000000000000000000000000000000000000
0000000000000000000000000000000000000000000000000000000000000000000000000000000000
0000000000000000000000000000000000000000000000000000000000000000000000000000000000
0000000000000000000000000000000000000111111111000000000000000000000000000000000000
0000000000000000000000000000000000011110000111100000000000000000000000000000000000
0000000000000000000000000000000001110000000000111000000000000000000000000000000000
0000000000000000000000000000000011100000000000001100000000000000000000000000000000
0000000000000000000000000000000011000000000000000110000000000000000000000000000000
0000000000000000000000000000000110000000000000000110000000000000000000000000000000
0000000000000000000000000000001100000000000000000011000000000000000000000000000000
0000000000000000000000000000001100000000000000000001000000000000000000000000000000
0000000000000000000000000000001000000000000000000001100000000000000000000000000000
0000000000000000000000000000011000000000000000000001100000000000000000000000000000
0000000000000000000000000000011000000000000000000001100000000000000000000000000000
0000000000000000000000000000011000000000000000000001100000000000000000000000000000
0000000000000000000000000000011000000000000000000001100000000000000000000000000000
0000000000000000000000000000001000000000000000000001100000000000000000000000000000
0000000000000000000000000000001000000000000000000001000000000000000000000000000000
0000000000000000000000000000001100000000000000000011000000000000000000000000000000
0000000000000000000000000000000100000000000000000011000000000000000000000000000000
0000000000000000000000000000000110000000000000000110000000000000000000000000000000
0000000000000000000000000000000011000000000000001100000000000000000000000000000000
0000000000000000000000000000000001100000000000011100000000000000000000000000000000
0000000000000000000000000000000000111000000001110000000000000000000000000000000000
0000000000000000000000000000000000011111111111100000000000000000000000000000000000
0000000000000000000000000000000000000011111110000000000000000000000000000000000000
0000000000000000000000000000000000000000000000000000000000000000000000000000000000
0000000000000000000000000000000000000000000000000000000000000000000000000000000000
0000000000000000000000000000000000000000000000000000000000000000000000000000000000
0000000000000000000000000000000000000000000000000000000000000000000000000000000000
0000000000000000000000000000000000000000000000000000000000000000000000000000000000
0000000000000000000000000000000000000000000000000000000000000000000000000000000000
0000000000000000000000000000000000000000000000000000000000000000000000000000000000
0000000000000000000000000000000000000000000000000000000000000000000000000000000000
0000000000000000000000000000000000000000000000000000000000000000000000000000000000
0000000000000000000000000000000000000000000000000000000000000000000000000000000000
0000000000000000000000000000000000000000000000000000000000000000000000000000000000
0000000000000000000000000000000000000000000000000000000000000000000000000000000000
0000000000000000000000000000000000000000000000000000000000000000000000000000000000
0000000000000000000000000000000000000000000000000000000000000000000000000000000000
0000000000000000000000000000000000000000000000000000000000000000000000000000000000
0000000000000000000000000000000000000000000000000000000000000000000000000000000000
0000000000000000000000000000000000000000000000000000000000000000000000000000000000
0000000000000000000000000000000000000000000000000000000000000000000000000000000000
0000000000000000000000000000000000000000000000000000000000000000000000000000000000
0000000000000000000000000000000000000000000000000000000000000000000000000000000000
0000000000000000000000000000000000000000000000000000000000000000000000000000000000
0000000000000000000000000000000000000000000000000000000000000000000000000000000000
0000000000000000000000000000000000000000000000000000000000000000000000000000000000
0000000000000000000000000000000000000000000000000000000000000000000000000000000000
0000000000000000000000000000000000000000000000000000000000000000000000000000000000
0000000000000000000000000000000000000000000000000000000000000000000000000000000000
0000000000000000000000000000000000000000000000000000000000000000000000000000000000
0000000000000000000000000000000000000000000000000000000000000000000000000000000000
0000000000000000000000000000000000000000000000000000000000000000000000000000000000

== Output ==
0000000000000000000000000000000000000000000000000000000000000000000000000000000000
0000000000000000000000000000000000000000000000000000000000000000000000000000000000
0000000000000000000000000000000000000000000000000000000000000000000000000000000000
0000000000000000000000000000000000000000000000000000000000000000000000000000000000
0000000000000000000000000000000000000000000000000000000000000000000000000000000000
0000000000000000000000000000000000000000000000000000000000000000000000000000000000
0000000000000000000000000000000000000000000000000000000000000000000000000000000000
0000000000000000000000000000000000000000000000000000000000000000000000000000000000
0000000000000000000000000000000000000000000000000000000000000000000000000000000000
0000000000000000000000000000000000000000000000000000000000000000000000000000000000
0000000000000000000000000000000000000000000000000000000000000000000000000000000000
0000000000000000000000000000000000000000000000000000000000000000000000000000000000
0000000000000000000000000000000000000000000000000000000000000000000000000000000000
0000000000000000000000000000000000000000000000000000000000000000000000000000000000
0000000000000000000000000000000000000000000000000000000000000000000000000000000000
0000000000000000000000000000000000000000000000000000000000000000000000000000000000
0000000000000000000000000000000000000000000000000000000000000000000000000000000000
0000000000000000000000000000000000000000000000000000000000000000000000000000000000
0000000000000000000000000000000000000000000000000000000000000000000000000000000000
0000000000000000000000000000000000000000000000000000000000000000000000000000000000
0000000000000000000000000000000000000000000000000000000000000000000000000000000000
0000000000000000000000000000000000000000000000000000000000000000000000000000000000
0000000000000000000000000000000000000000000000000000000000000000000000000000000000
0000000000000000000000000000000000000000000000000000000000000000000000000000000000
0000000000000000000000000000000000000000000000000000000000000000000000000000000000
0000000000000000000000000000000000000000000000000000000000000000000000000000000000
0000000000000000000000000000000000000000000000000000000000000000000000000000000000
0000000000000000000000000000000000000000000000000000000000000000000000000000000000
0000000000000000000000000000000000000000000000000000000000000000000000000000000000
0000000000000000000000000000000000000000100000000000000000000000000000000000000000
0000000000000000000000000000000000000000110000000000000000000000000000000000000000
0000000000000000000000000000000000000001110000000000000000000000000000000000000000
0000000000000000000000000000000000000001011000000000000000000000000000000000000000
0000000000000000000000000000000000000011001000000000000000000000000000000000000000
0000000000000000000000000000000000000010001100000000000000000000000000000000000000
0000000000000000000000000000000000000110000100000000000000000000000000000000000000
0000000000000000000000000000000000000100000110000000000000000000000000000000000000
0000000000000000000000000000000000001100000010000000000000000000000000000000000000
0000000000000000000000000000000000001000000011000000000000000000000000000000000000
0000000000000000000000000000000000011000000001000000000000000000000000000000000000
0000000000000000000000000000000000010000000001100000000000000000000000000000000000
0000000000000000000000000000000000110000000000100000000000000000000000000000000000
0000000000000000000000000000000000100000000000110000000000000000000000000000000000
0000000000000000000000000000000001100000000000010000000000000000000000000000000000
0000000000000000000000000000000001000000000000011000000000000000000000000000000000
0000000000000000000000000000000011000000000000001000000000000000000000000000000000
0000000000000000000000000000000010000000000000001100000000000000000000000000000000
0000000000000000000000000000000110000000000000000100000000000000000000000000000000
0000000000000000000000000000000100000000000000000110000000000000000000000000000000
0000000000000000000000000000001100000000000000000010000000000000000000000000000000
0000000000000000000000000000001000000000000000000011000000000000000000000000000000
0000000000000000000000000000011111111111111111111111000000000000000000000000000000
0000000000000000000000000000011111111111111111111111000000000000000000000000000000
0000000000000000000000000000000000000000000000000000000000000000000000000000000000
0000000000000000000000000000000000000000000000000000000000000000000000000000000000
0000000000000000000000000000000000000000000000000000000000000000000000000000000000
0000000000000000000000000000000000000000000000000000000000000000000000000000000000
0000000000000000000000000000000000000000000000000000000000000000000000000000000000
0000000000000000000000000000000000000000000000000000000000000000000000000000000000
0000000000000000000000000000000000000000000000000000000000000000000000000000000000
0000000000000000000000000000000000000000000000000000000000000000000000000000000000
0000000000000000000000000000000000000000000000000000000000000000000000000000000000
0000000000000000000000000000000000000000000000000000000000000000000000000000000000
0000000000000000000000000000000000000000000000000000000000000000000000000000000000
0000000000000000000000000000000000000000000000000000000000000000000000000000000000
0000000000000000000000000000000000000000000000000000000000000000000000000000000000
0000000000000000000000000000000000000000000000000000000000000000000000000000000000
0000000000000000000000000000000000000000000000000000000000000000000000000000000000
0000000000000000000000000000000000000000000000000000000000000000000000000000000000
0000000000000000000000000000000000000000000000000000000000000000000000000000000000
0000000000000000000000000000000000000000000000000000000000000000000000000000000000
0000000000000000000000000000000000000000000000000000000000000000000000000000000000
0000000000000000000000000000000000000000000000000000000000000000000000000000000000
0000000000000000000000000000000000000000000000000000000000000000000000000000000000
0000000000000000000000000000000000000000000000000000000000000000000000000000000000
0000000000000000000000000000000000000000000000000000000000000000000000000000000000
0000000000000000000000000000000000000000000000000000000000000000000000000000000000
0000000000000000000000000000000000000000000000000000000000000000000000000000000000
0000000000000000000000000000000000000000000000000000000000000000000000000000000000
0000000000000000000000000000000000000000000000000000000000000000000000000000000000
0000000000000000000000000000000000000000000000000000000000000000000000000000000000
0000000000000000000000000000000000000000000000000000000000000000000000000000000000

0000000000000000000000000000000000000000000000000000000000000000000000000000000000
0000000000000000000000000000000000000000000000000000000000000000000000000000000000
0000000000000000000000000000000000000000000000000000000000000000000000000000000000
0000000000000000000000000000000000000000000000000000000000000000000000000000000000
0000000000000000000000000000000000000000000000000000000000000000000000000000000000
0000000000000000000000000000000000000000000000000000000000000000000000000000000000
0000000000000000000000000000000000000000000000000000000000000000000000000000000000
0000000000000000000000000000000000000000000000000000000000000000000000000000000000
0000000000000000000000000000000000000000000000000000000000000000000000000000000000
0000000000000000000000000000000000000000000000000000000000000000000000000000000000
0000000000000000000000000000000000000000000000000000000000000000000000000000000000
0000000000000000000000000000000000000000000000000000000000000000000000000000000000
0000000000000000000000000000000000000000000000000000000000000000000000000000000000
0000000000000000000000000000000000000000000000000000000000000000000000000000000000
0000000000000000000000000000000000000000000000000000000000000000000000000000000000
0000000000000000000000000000000000000000000000000000000000000000000000000000000000
0000000000000000000000000000000000000000000000000000000000000000000000000000000000
0000000000000000000000000000000000000000000000000000000000000000000000000000000000
0000000000000000000000000000000000000000000000000000000000000000000000000000000000
0000000000000000000000000000000000000000000000000000000000000000000000000000000000
0000000000000000000000000000000000000000000000000000000000000000000000000000000000
0000000000000000000000000000000000000000000000000000000000000000000000000000000000
0000000000000000000000000000000000000000000000000000000000000000000000000000000000
0000000000000000000000000000000000000000000000000000000000000000000000000000000000
0000000000000000000000001111111111111111111111111111111111000000000000000000000000
0000000000000000000000001000000000000000000000000000000011000000000000000000000000
0000000000000000000000001000000000000000000000000000000001000000000000000000000000
0000000000000000000000001000000000000000000000000000000001000000000000000000000000
0000000000000000000000001000000000000000000000000000000001000000000000000000000000
0000000000000000000000001000000000000000100000000000000001000000000000000000000000
0000000000000000000000001000000000000000110000000000000001000000000000000000000000
0000000000000000000000001000000000000001111000000000000001000000000000000000000000
0000000000000000000000001000000000000001111000000000000001000000000000000000000000
0000000000000000000000001000000000000011001100000000000001000000000000000000000000
0000000000000000000000001000000000000011001100000000000001000000000000000000000000
0000000000000000000000001000000000000110000110000000000001000000000000000000000000
0000000000000000000000001000000000000110000110000000000001000000000000000000000000
0000000000000000000000001000000000001100000011000000000001000000000000000000000000
0000000000000000000000001000000000001100000011000000000001000000000000000000000000
0000000000000000000000001000000000011000000001100000000001000000000000000000000000
0000000000000000000000001000000000011000000001100000000001000000000000000000000000
0000000000000000000000001000000000110000000000110000000001000000000000000000000000
0000000000000000000000001000000000110000000000110000000001000000000000000000000000
0000000000000000000000001000000001100000000000011000000001000000000000000000000000
0000000000000000000000001000000001100000000000011000000001000000000000000000000000
0000000000000000000000001000000011000000000000001100000001000000000000000000000000
0000000000000000000000001000000011000000000000001100000001000000000000000000000000
0000000000000000000000001000000110000000000000000110000001000000000000000000000000
0000000000000000000000001000000110000000000000000110000001000000000000000000000000
0000000000000000000000001000001100000000000000000011000001000000000000000000000000
0000000000000000000000001000001000000000000000000011000001000000000000000000000000
0000000000000000000000001000011111111111111111111111100001000000000000000000000000
0000000000000000000000001000011111111111111111111111000001000000000000000000000000
0000000000000000000000001000000000000000000000000000000001000000000000000000000000
0000000000000000000000001000000000000000000000000000000001000000000000000000000000
0000000000000000000000001000000000000000000000000000000001000000000000000000000000
0000000000000000000000001000000000000000000000000000000011000000000000000000000000
0000000000000000000000001111111111111111111111111111111111000000000000000000000000
0000000000000000000000000000000000000000000000000000000000000000000000000000000000
0000000000000000000000000000000000000000000000000000000000000000000000000000000000
0000000000000000000000000000000000000000000000000000000000000000000000000000000000
0000000000000000000000000000000000000000000000000000000000000000000000000000000000
0000000000000000000000000000000000000000000000000000000000000000000000000000000000
0000000000000000000000000000000000000000000000000000000000000000000000000000000000
0000000000000000000000000000000000000000000000000000000000000000000000000000000000
0000000000000000000000000000000000000000000000000000000000000000000000000000000000
0000000000000000000000000000000000000000000000000000000000000000000000000000000000
0000000000000000000000000000000000000000000000000000000000000000000000000000000000
0000000000000000000000000000000000000000000000000000000000000000000000000000000000
0000000000000000000000000000000000000000000000000000000000000000000000000000000000
0000000000000000000000000000000000000000000000000000000000000000000000000000000000
0000000000000000000000000000000000000000000000000000000000000000000000000000000000
0000000000000000000000000000000000000000000000000000000000000000000000000000000000
0000000000000000000000000000000000000000000000000000000000000000000000000000000000
0000000000000000000000000000000000000000000000000000000000000000000000000000000000
0000000000000000000000000000000000000000000000000000000000000000000000000000000000
0000000000000000000000000000000000000000000000000000000000000000000000000000000000
0000000000000000000000000000000000000000000000000000000000000000000000000000000000
0000000000000000000000000000000000000000000000000000000000000000000000000000000000
0000000000000000000000000000000000000000000000000000000000000000000000000000000000
0000000000000000000000000000000000000000000000000000000000000000000000000000000000
0000000000000000000000000000000000000000000000000000000000000000000000000000000000

0000000000000000000000000000000000000000000000000000000000000000000000000000000000
0000000000000000000000000000000000000000000000000000000000000000000000000000000000
0000000000000000000000000000000000000000000000000000000000000000000000000000000000
0000000000000000000000000000000000000000000000000000000000000000000000000000000000
0000000000000000000000000000000000000000000000000000000000000000000000000000000000
0000000000000000000000000000000000000000000000000000000000000000000000000000000000
0000000000000000000000000000000000000000000000000000000000000000000000000000000000
0000000000000000000000000000000000000000000000000000000000000000000000000000000000
0000000000000000000000000000000000000000000000000000000000000000000000000000000000
0000000000000000000000000000000000000000000000000000000000000000000000000000000000
0000000000000000000000000000000000000000000000000000000000000000000000000000000000
0000000000000000000000000000000000000000000000000000000000000000000000000000000000
0000000000000000000000000000000000000000000000000000000000000000000000000000000000
0000000000000000000000000000000000000000000000000000000000000000000000000000000000
0000000000000000000000000000000000000000000000000000000000000000000000000000000000
0000000000000000000000000000000000000000000000000000000000000000000000000000000000
0000000000000000000000000000000000000000000000000000000000000000000000000000000000
0000000000000000000000000000000000000000000000000000000000000000000000000000000000
0000000000000000000000000000000000000000000000000000000000000000000000000000000000
0000000000000000000000000000000000000000000000000000000000000000000000000000000000
0000000000000000000000000000000000000000000000000000000000000000000000000000000000
0000000000000000000000000000000000000000000000000000000000000000000000000000000000
0000000000000000000000000000000000000000000000000000000000000000000000000000000000
0000000000000000000000000000000000000000000000000000000000000000000000000000000000
0000000000000000000000001111111111111111111111111111111111000000000000000000000000
0000000000000000000000001000000000000000000000000000000001000000000000000000000000
0000000000000000000000001000000000000000000000000000000001000000000000000000000000
0000000000000000000000001000000000000000000000000000000001000000000000000000000000
0000000000000000000000001000000000000000000000000000000001000000000000000000000000
0000000000000000000000001000000000000000000000000000000001000000000000000000000000
0000000000000000000000001000000000000000000000000000000001000000000000000000000000
0000000000000000000000001000000000000000000000000000000001000000000000000000000000
0000000000000000000000001000000000000000000000000000000001000000000000000000000000
0000000000000000000000001000000000000000000000000000000001000000000000000000000000
0000000000000000000000001000000000000000000000000000000001000000000000000000000000
0000000000000000000000001000000000000000000000000000000001000000000000000000000000
0000000000000000000000001000000000000000000000000000000001000000000000000000000000
0000000000000000000000001000000000000000000000000000000001000000000000000000000000
0000000000000000000000001000000000000000000000000000000001000000000000000000000000
0000000000000000000000001000000000000000000000000000000001000000000000000000000000
0000000000000000000000001000000000000000000000000000000001000000000000000000000000
0000000000000000000000001000000000000000000000000000000001000000000000000000000000
0000000000000000000000001000000000000000000000000000000001000000000000000000000000
0000000000000000000000001000000000000000000000000000000001000000000000000000000000
0000000000000000000000001000000000000000000000000000000001000000000000000000000000
0000000000000000000000001000000000000000000000000000000001000000000000000000000000
0000000000000000000000001000000000000000000000000000000001000000000000000000000000
0000000000000000000000001000000000000000000000000000000001000000000000000000000000
0000000000000000000000001000000000000000000000000000000001000000000000000000000000
0000000000000000000000001000000000000000000000000000000001000000000000000000000000
0000000000000000000000001000000000000000000000000000000001000000000000000000000000
0000000000000000000000001000000000000000000000000000000001000000000000000000000000
0000000000000000000000001000000000000000000000000000000001000000000000000000000000
0000000000000000000000001000000000000000000000000000000001000000000000000000000000
0000000000000000000000001000000000000000000000000000000001000000000000000000000000
0000000000000000000000001000000000000000000000000000000001000000000000000000000000
0000000000000000000000001000000000000000000000000000000001000000000000000000000000
0000000000000000000000001111111111111111111111111111111111000000000000000000000000
0000000000000000000000000000000000000000000000000000000000000000000000000000000000
0000000000000000000000000000000000000000000000000000000000000000000000000000000000
0000000000000000000000000000000000000000000000000000000000000000000000000000000000
0000000000000000000000000000000000000000000000000000000000000000000000000000000000
0000000000000000000000000000000000000000000000000000000000000000000000000000000000
0000000000000000000000000000000000000000000000000000000000000000000000000000000000
0000000000000000000000000000000000000000000000000000000000000000000000000000000000
0000000000000000000000000000000000000000000000000000000000000000000000000000000000
0000000000000000000000000000000000000000000000000000000000000000000000000000000000
0000000000000000000000000000000000000000000000000000000000000000000000000000000000
0000000000000000000000000000000000000000000000000000000000000000000000000000000000
0000000000000000000000000000000000000000000000000000000000000000000000000000000000
0000000000000000000000000000000000000000000000000000000000000000000000000000000000
0000000000000000000000000000000000000000000000000000000000000000000000000000000000
0000000000000000000000000000000000000000000000000000000000000000000000000000000000
0000000000000000000000000000000000000000000000000000000000000000000000000000000000
0000000000000000000000000000000000000000000000000000000000000000000000000000000000
0000000000000000000000000000000000000000000000000000000000000000000000000000000000
0000000000000000000000000000000000000000000000000000000000000000000000000000000000
0000000000000000000000000000000000000000000000000000000000000000000000000000000000
0000000000000000000000000000000000000000000000000000000000000000000000000000000000
0000000000000000000000000000000000000000000000000000000000000000000000000000000000
0000000000000000000000000000000000000000000000000000000000000000000000000000000000
0000000000000000000000000000000000000000000000000000000000000000000000000000000000

0000000000000000000000000000000000000000000000000000000000000000000000000000000000
0000000000000000000000000000000000000000000000000000000000000000000000000000000000
0000000000000000000000000000000000000000000000000000000000000000000000000000000000
0000000000000000000000000000000000000000000000000000000000000000000000000000000000
0000000000000000000000000000000000000000000000000000000000000000000000000000000000
0000000000000000000000000000000000000000000000000000000000000000000000000000000000
0000000000000000000000000000000000000000000000000000000000000000000000000000000000
0000000000000000000000000000000000000000000000000000000000000000000000000000000000
0000000000000000000000000000000000000000000000000000000000000000000000000000000000
0000000000000000000000000000000000000000000000000000000000000000000000000000000000
0000000000000000000000000000000000000000000000000000000000000000000000000000000000
0000000000000000000000000000000000000000000000000000000000000000000000000000000000
0000000000000000000000000000000000000000000000000000000000000000000000000000000000
0000000000000000000000000000000000000000000000000000000000000000000000000000000000
0000000000000000000000000000000000000000000000000000000000000000000000000000000000
0000000000000000000000000000000000000000000000000000000000000000000000000000000000
0000000000000000000000000000000000000000000000000000000000000000000000000000000000
0000000000000000000000000000000000000000000000000000000000000000000000000000000000
0000000000000000000000000000000000000000000000000000000000000000000000000000000000
0000000000000000000000000000000000000000000000000000000000000000000000000000000000
0000000000000000000000000000000000000000000000000000000000000000000000000000000000
0000000000000000000000000000000000000000000000000000000000000000000000000000000000
0000000000000000000000000000000000000000000000000000000000000000000000000000000000
0000000000000000000000000000000000000000000000000000000000000000000000000000000000
0000000000000000000000000000000000000000000000000000000000000000000000000000000000
0000000000000000000000000000000000000000000000000000000000000000000000000000000000
0000000000000000000000000000000000000000000000000000000000000000000000000000000000
0000000000000000000000000000000000000000000000000000000000000000000000000000000000
0000000000000000000000000000000000000000000000000000000000000000000000000000000000
0000000000000000000000000000000000000001111100000000000000000000000000000000000000
0000000000000000000000000000000000001111111111000000000000000000000000000000000000
0000000000000000000000000000000000111000000001110000000000000000000000000000000000
0000000000000000000000000000000001100000000000011000000000000000000000000000000000
0000000000000000000000000000000011000000000000001100000000000000000000000000000000
0000000000000000000000000000000110000000000000000110000000000000000000000000000000
0000000000000000000000000000000100000000000000000010000000000000000000000000000000
0000000000000000000000000000001100000000000000000011000000000000000000000000000000
0000000000000000000000000000001000000000000000000001000000000000000000000000000000
0000000000000000000000000000011000000000000000000001100000000000000000000000000000
0000000000000000000000000000011000000000000000000001100000000000000000000000000000
0000000000000000000000000000011000000000000000000001100000000000000000000000000000
0000000000000000000000000000011000000000000000000001100000000000000000000000000000
0000000000000000000000000000011000000000000000000001100000000000000000000000000000
0000000000000000000000000000011000000000000000000001100000000000000000000000000000
0000000000000000000000000000001000000000000000000001000000000000000000000000000000
0000000000000000000000000000001100000000000000000011000000000000000000000000000000
0000000000000000000000000000000100000000000000000010000000000000000000000000000000
0000000000000000000000000000000110000000000000000110000000000000000000000000000000
0000000000000000000000000000000011000000000000001100000000000000000000000000000000
0000000000000000000000000000000001100000000000011000000000000000000000000000000000
0000000000000000000000000000000000111000000001110000000000000000000000000000000000
0000000000000000000000000000000000001111111111000000000000000000000000000000000000
0000000000000000000000000000000000000011111100000000000000000000000000000000000000
0000000000000000000000000000000000000000000000000000000000000000000000000000000000
0000000000000000000000000000000000000000000000000000000000000000000000000000000000
0000000000000000000000000000000000000000000000000000000000000000000000000000000000
0000000000000000000000000000000000000000000000000000000000000000000000000000000000
0000000000000000000000000000000000000000000000000000000000000000000000000000000000
0000000000000000000000000000000000000000000000000000000000000000000000000000000000
0000000000000000000000000000000000000000000000000000000000000000000000000000000000
0000000000000000000000000000000000000000000000000000000000000000000000000000000000
0000000000000000000000000000000000000000000000000000000000000000000000000000000000
0000000000000000000000000000000000000000000000000000000000000000000000000000000000
0000000000000000000000000000000000000000000000000000000000000000000000000000000000
0000000000000000000000000000000000000000000000000000000000000000000000000000000000
0000000000000000000000000000000000000000000000000000000000000000000000000000000000
0000000000000000000000000000000000000000000000000000000000000000000000000000000000
0000000000000000000000000000000000000000000000000000000000000000000000000000000000
0000000000000000000000000000000000000000000000000000000000000000000000000000000000
0000000000000000000000000000000000000000000000000000000000000000000000000000000000
0000000000000000000000000000000000000000000000000000000000000000000000000000000000
0000000000000000000000000000000000000000000000000000000000000000000000000000000000
0000000000000000000000000000000000000000000000000000000000000000000000000000000000
0000000000000000000000000000000000000000000000000000000000000000000000000000000000
0000000000000000000000000000000000000000000000000000000000000000000000000000000000
0000000000000000000000000000000000000000000000000000000000000000000000000000000000
0000000000000000000000000000000000000000000000000000000000000000000000000000000000
0000000000000000000000000000000000000000000000000000000000000000000000000000000000
0000000000000000000000000000000000000000000000000000000000000000000000000000000000
0000000000000000000000000000000000000000000000000000000000000000000000000000000000
0000000000000000000000000000000000000000000000000000000000000000000000000000000000
0000000000000000000000000000000000000000000000000000000000000000000000000000000000

0000000000000000000000000000000000000000000000000000000000000000000000000000000000
0000000000000000000000000000000000000000000000000000000000000000000000000000000000
0000000000000000000000000000000000000000000000000000000000000000000000000000000000
0000000000000000000000000000000000000000000000000000000000000000000000000000000000
0000000000000000000000000000000000000000000000000000000000000000000000000000000000
0000000000000000000000000000000000000000000000000000000000000000000000000000000000
0000000000000000000000000000000000000000000000000000000000000000000000000000000000
0000000000000000000000000000000000000000000000000000000000000000000000000000000000
0000000000000000000000000000000000000000000000000000000000000000000000000000000000
0000000000000000000000000000000000000000000000000000000000000000000000000000000000
0000000000000000000000000000000000000000000000000000000000000000000000000000000000
0000000000000000000000000000000000000000000000000000000000000000000000000000000000
0000000000000000000000000000000000000000000000000000000000000000000000000000000000
0000000000000000000000000000000000000000000000000000000000000000000000000000000000
0000000000000000000000000000000000000000000000000000000000000000000000000000000000
0000000000000000000000000000000000000000000000000000000000000000000000000000000000
0000000000000000000000000000000000000000000000000000000000000000000000000000000000
0000000000000000000000000000000000000000000000000000000000000000000000000000000000
0000000000000000000000000000000000000000000000000000000000000000000000000000000000
0000000000000000000000000000000000000000000000000000000000000000000000000000000000
0000000000000000000000000000000000000000000000000000000000000000000000000000000000
0000000000000000000000000000000000000000000000000000000000000000000000000000000000
0000000000000000000000000000000000000000000000000000000000000000000000000000000000
0000000000000000000000000000000000000000000000000000000000000000000000000000000000
0000000000000000000000001111111111111111111111111111111111000000000000000000000000
0000000000000000000000001000000000000000000000000000000011000000000000000000000000
0000000000000000000000001000000000000000000000000000000001000000000000000000000000
0000000000000000000000001000000000000000000000000000000001000000000000000000000000
0000000000000000000000001000000000000000000000000000000001000000000000000000000000
0000000000000000000000001000000000000001111100000000000001000000000000000000000000
0000000000000000000000001000000000001111111111000000000001000000000000000000000000
0000000000000000000000001000000000111000000001110000000001000000000000000000000000
0000000000000000000000001000000001110000000000011000000001000000000000000000000000
0000000000000000000000001000000011000000000000001100000001000000000000000000000000
0000000000000000000000001000000110000000000000000110000001000000000000000000000000
0000000000000000000000001000000110000000000000000011000001000000000000000000000000
0000000000000000000000001000001100000000000000000011000001000000000000000000000000
0000000000000000000000001000001100000000000000000001000001000000000000000000000000
0000000000000000000000001000001000000000000000000001100001000000000000000000000000
0000000000000000000000001000011000000000000000000001100001000000000000000000000000
0000000000000000000000001000011000000000000000000001100001000000000000000000000000
0000000000000000000000001000011000000000000000000001100001000000000000000000000000
0000000000000000000000001000011000000000000000000001100001000000000000000000000000
0000000000000000000000001000001000000000000000000001100001000000000000000000000000
0000000000000000000000001000001000000000000000000001000001000000000000000000000000
0000000000000000000000001000001100000000000000000011000001000000000000000000000000
0000000000000000000000001000000100000000000000000011000001000000000000000000000000
0000000000000000000000001000000110000000000000000110000001000000000000000000000000
0000000000000000000000001000000011000000000000001100000001000000000000000000000000
0000000000000000000000001000000001100000000000011000000001000000000000000000000000
0000000000000000000000001000000000111000000001110000000001000000000000000000000000
0000000000000000000000001000000000001111111111100000000001000000000000000000000000
0000000000000000000000001000000000000011111100000000000001000000000000000000000000
0000000000000000000000001000000000000000000000000000000001000000000000000000000000
0000000000000000000000001000000000000000000000000000000001000000000000000000000000
0000000000000000000000001000000000000000000000000000000001000000000000000000000000
0000000000000000000000001100000000000000000000000000000011000000000000000000000000
0000000000000000000000001111111111111111111111111111111111000000000000000000000000
0000000000000000000000000000000000000000000000000000000000000000000000000000000000
0000000000000000000000000000000000000000000000000000000000000000000000000000000000
0000000000000000000000000000000000000000000000000000000000000000000000000000000000
0000000000000000000000000000000000000000000000000000000000000000000000000000000000
0000000000000000000000000000000000000000000000000000000000000000000000000000000000
0000000000000000000000000000000000000000000000000000000000000000000000000000000000
0000000000000000000000000000000000000000000000000000000000000000000000000000000000
0000000000000000000000000000000000000000000000000000000000000000000000000000000000
0000000000000000000000000000000000000000000000000000000000000000000000000000000000
0000000000000000000000000000000000000000000000000000000000000000000000000000000000
0000000000000000000000000000000000000000000000000000000000000000000000000000000000
0000000000000000000000000000000000000000000000000000000000000000000000000000000000
0000000000000000000000000000000000000000000000000000000000000000000000000000000000
0000000000000000000000000000000000000000000000000000000000000000000000000000000000
0000000000000000000000000000000000000000000000000000000000000000000000000000000000
0000000000000000000000000000000000000000000000000000000000000000000000000000000000
0000000000000000000000000000000000000000000000000000000000000000000000000000000000
0000000000000000000000000000000000000000000000000000000000000000000000000000000000
0000000000000000000000000000000000000000000000000000000000000000000000000000000000
0000000000000000000000000000000000000000000000000000000000000000000000000000000000
0000000000000000000000000000000000000000000000000000000000000000000000000000000000
0000000000000000000000000000000000000000000000000000000000000000000000000000000000
0000000000000000000000000000000000000000000000000000000000000000000000000000000000
0000000000000000000000000000000000000000000000000000000000000000000000000000000000

0000000000000000000000000000000000000000000000000000000000000000000000000000000000
0000000000000000000000000000000000000000000000000000000000000000000000000000000000
0000000000000000000000000000000000000000000000000000000000000000000000000000000000
0000000000000000000000000000000000000000000000000000000000000000000000000000000000
0000000000000000000000000000000000000000000000000000000000000000000000000000000000
0000000000000000000000000000000000000000000000000000000000000000000000000000000000
0000000000000000000000000000000000000000000000000000000000000000000000000000000000
0000000000000000000000000000000000000000000000000000000000000000000000000000000000
0000000000000000000000000000000000000000000000000000000000000000000000000000000000
0000000000000000000000000000000000000000000000000000000000000000000000000000000000
0000000000000000000000000000000000000000000000000000000000000000000000000000000000
0000000000000000000000000000000000000000000000000000000000000000000000000000000000
0000000000000000000000000000000000000000000000000000000000000000000000000000000000
0000000000000000000000000000000000000000000000000000000000000000000000000000000000
0000000000000000000000000000000000000000000000000000000000000000000000000000000000
0000000000000000000000000000000000000000000000000000000000000000000000000000000000
0000000000000000000000000000000000000000000000000000000000000000000000000000000000
0000000000000000000000000000000000000000000000000000000000000000000000000000000000
0000000000000000000000000000000000000000000000000000000000000000000000000000000000
0000000000000000000000000000000000000000000000000000000000000000000000000000000000
0000000000000000000000000000000000000000000000000000000000000000000000000000000000
0000000000000000000000000000000000000000000000000000000000000000000000000000000000
0000000000000000000000000000000000000000000000000000000000000000000000000000000000
0000000000000000000000000000000000000000000000000000000000000000000000000000000000
0000000000000000000000001111111111111111111111111111111111000000000000000000000000
0000000000000000000000001100000000000000000000000000000001000000000000000000000000
0000000000000000000000001000000000000000000000000000000001000000000000000000000000
0000000000000000000000001000000000000000000000000000000001000000000000000000000000
0000000000000000000000001000000000000000000000000000000001000000000000000000000000
0000000000000000000000001000000000000001111100000000000001000000000000000000000000
0000000000000000000000001000000000001111111111000000000001000000000000000000000000
0000000000000000000000001000000000111101111001110000000001000000000000000000000000
0000000000000000000000001000000001110001111000011000000001000000000000000000000000
0000000000000000000000001000000011000001001100001100000001000000000000000000000000
0000000000000000000000001000000110000011001100000110000001000000000000000000000000
0000000000000000000000001000000110000010000110000011000001000000000000000000000000
0000000000000000000000001000001100000110000110000011000001000000000000000000000000
0000000000000000000000001000001100000100000011000001000001000000000000000000000000
0000000000000000000000001000001000001100000011000001100001000000000000000000000000
0000000000000000000000001000011000001000000001100001100001000000000000000000000000
0000000000000000000000001000011000011000000001100001100001000000000000000000000000
0000000000000000000000001000011000010000000000110001100001000000000000000000000000
0000000000000000000000001000011000110000000000010001100001000000000000000000000000
0000000000000000000000001000001001100000000000011001100001000000000000000000000000
0000000000000000000000001000001101100000000000001001000001000000000000000000000000
0000000000000000000000001000001111000000000000001111000001000000000000000000000000
0000000000000000000000001000000111000000000000001111000001000000000000000000000000
0000000000000000000000001000000110000000000000000110000001000000000000000000000000
0000000000000000000000001000000110000000000000000010000001000000000000000000000000
0000000000000000000000001000000100000000000000000011000001000000000000000000000000
0000000000000000000000001000001100000000000000000001000001000000000000000000000000
0000000000000000000000001000011111111111111111111111100001000000000000000000000000
0000000000000000000000001000001111111111111111111111100001000000000000000000000000
0000000000000000000000001000000000000000000000000000000001000000000000000000000000
0000000000000000000000001000000000000000000000000000000001000000000000000000000000
0000000000000000000000001000000000000000000000000000000001000000000000000000000000
0000000000000000000000001100000000000000000000000000000011000000000000000000000000
0000000000000000000000001111111111111111111111111111111111000000000000000000000000
0000000000000000000000000000000000000000000000000000000000000000000000000000000000
0000000000000000000000000000000000000000000000000000000000000000000000000000000000
0000000000000000000000000000000000000000000000000000000000000000000000000000000000
0000000000000000000000000000000000000000000000000000000000000000000000000000000000
0000000000000000000000000000000000000000000000000000000000000000000000000000000000
0000000000000000000000000000000000000000000000000000000000000000000000000000000000
0000000000000000000000000000000000000000000000000000000000000000000000000000000000
0000000000000000000000000000000000000000000000000000000000000000000000000000000000
0000000000000000000000000000000000000000000000000000000000000000000000000000000000
0000000000000000000000000000000000000000000000000000000000000000000000000000000000
0000000000000000000000000000000000000000000000000000000000000000000000000000000000
0000000000000000000000000000000000000000000000000000000000000000000000000000000000
0000000000000000000000000000000000000000000000000000000000000000000000000000000000
0000000000000000000000000000000000000000000000000000000000000000000000000000000000
0000000000000000000000000000000000000000000000000000000000000000000000000000000000
0000000000000000000000000000000000000000000000000000000000000000000000000000000000
0000000000000000000000000000000000000000000000000000000000000000000000000000000000
0000000000000000000000000000000000000000000000000000000000000000000000000000000000
0000000000000000000000000000000000000000000000000000000000000000000000000000000000
0000000000000000000000000000000000000000000000000000000000000000000000000000000000
0000000000000000000000000000000000000000000000000000000000000000000000000000000000
0000000000000000000000000000000000000000000000000000000000000000000000000000000000
0000000000000000000000000000000000000000000000000000000000000000000000000000000000
0000000000000000000000000000000000000000000000000000000000000000000000000000000000

== SDRs ==
00010000000110000000000001010000
00000000100101000000000000000010
00000000001000000100010000001000
00000010110000000001000100000000
00010000000100100000000000000000
00001001001010000000000000000000
00000001000010100000000100100100
10100010001000110110000000000000
00000010000000000000000000000000
10010000000100000000000100000100
00000000001000111010000000000000
00110000000000001000010110000000
00000000010000011100010000000000
10000000000100010000101000000000
10000000000001010010000001001001
11000000001000101100000110000000
00010010001000010010000010000000
00000100100000101100000000011100
00000010010001000001000000000001
00100110000000100000000000010001
00000000100010000100010010010000
00001000000010000010000100011000
00000110001000100001000010010001
00010010000000110000011010000000
01010000010000001000000000001100
10000001000000000000000010000001
00100000001001001100000001001100
11001011100001000000100000001010
01000010010001000001000000000010
00000100000000000010010000000000
00001010001000010010011001000000
00000000001000100000000000000000

00010000000011000000100001000000
00000001110011000000000000000000
00000000000000000000000000000100
01001010000000000001000000000000
00011000000000000000000000000000
00001001001010001000000010000010
00000000000010100000000010000000
10000000000000110100000000100000
10101000000001000000000000000001
10010000000000001000000000000000
00000000001001010000000000000000
00000000000010100000010000000000
00000001010000010000000000100100
00000000000100000000100110000000
10000000000100000000000000101001
00000000001110100001000100000000
00000000001000000010000000000000
00000110001001000010100010010100
00000010010000000011000000000000
00000100000000100000000000010001
00000000000110000000010111000000
00101000000000000010000000000000
00100000000000000001010010000000
00000000100000000000001000000000
00000000010000010100000000000000
00000000000100000000000000000001
00010000001000011000000001010000
00001011110000000000001001001010
00000000010000010001000000001000
00000100000001000010000000100000
00000011000010000010001001000000
00000000000000100000010000000000

00000101101000100000000000010000
00000000001000000000000000100010
01000000101000000010010000100100
00000010110101010000000000010001
00010000000000000000000010000000
00000000010100001000000100100001
00001001100010000000000000000100
00000000001100000000000000001000
00000100000000000110010000000000
00000000101100000000001000000000
00000000101010001000001000000010
00000000101100000000000110000000
00000001100000101000000000010100
00000001001000010000000010000000
00110010000000000010000000010000
00000000000100101000100100000000
10010000000000001001000000111000
01001000000001010100000000010100
00110010000100000000000000000000
00000000000010000000000000000001
00000100100000000100100100000100
00000000001001000010000100011000
01000011001100100000000100010010
00011000000001011000010010110100
10010110010000111000100000000000
00010001000000000000000000010000
00100000000000000000000001001000
01100000101100000010010000001000
00000000000000000000000000101000
00000000000000001010010001000000
00010001001000000001010001000000
00000010001011000000110000000010

00010000000110000000000001010000
00000000100101000000000000000010
00000000001000000100010000001000
00000010110000000001000100000000
00010000000100100000000000000000
00001001001010000000000000000000
00000001000010101000000000100000
10100010001000110110000000000000
00000010000000000000000000000000
10010000000101000000001100000100
10000000001000111000000000000000
00110000001000001000010110000000
00000000010000011100010000000000
00000000000100010000101000000000
10000000000001010010000000001001
01000000001000101100000110000000
00010010001000010000000010000000
00000100100001101100000000001100
00000010010001000001000000000001
00100110000000100000000000010001
00100000100010000000010010010000
00001000000010000010000100001000
00000110001000100001000010010001
00010010000000110000011010000000
01010000010000001000000000001100
10000000000100000000000010000101
00110001001001001100000001001100
11001011001101000000100000001010
01000010010001000001000000000010
00000100000000000000010000000001
00001010001000010010011001000000
00000000001000100000000000000000

00010000000111000000000000010000
00000001110111000000000000000010
00000000000000000100010000000100
01000010010000000001000000000000
00011000000000000000000000000000
00001001001110001000000000000010
00000001000010100000000010000000
10000000100000100100000000000000
10101010000000000000000000000001
10000000000000001100000100000100
00000000001000111000000000000000
00010000000010100000010000000000
00000001010000010100001000000100
00000000000100000000100000000000
10000010000101000000000000100001
01001000001110100001000100000000
00000010001000010010000010000000
00000110101001010110100010010100
00000010010000000001000000000000
00000101000010100000010000010001
00000000000010000000010110000100
00101000000000000010000100000000
00000000001000100001010010000010
00000000100000010000011000000000
00010000010000011100100000000000
10000001000100000000000000000001
00110000001000001100000001000000
10001011000000000000000001001010
00000000010000010011000000000000
00000100000000000010000000100000
00000011000000000010001001000000
00000000000000100000010000000000

00000001000011000000000001000000
00000001101000100000000000100000
00000000000100000100000100000100
01000000010000000001000000000000
00010001000000010000000010000000
00001001011100101001001110000010
00000001000001000000000010000011
10000000100100100000000000100000
10001010000000000110000010000001
00000000010000001101000000000000
00000000001000010000000010000000
00000000000010100000010010000001
00001001010000010100000100010100
01000000000000000000100010100000
10000010010000000000001000000000
01000000000110100000100100010000
10000011001000010010010000000000
00000110000001010010100010010000
00010010000000000010000000000000
00000001000010000000010000010001
00001000000011000000010111000110
00101000000001000010100000000000
00100011001000000001000000000010
00000000000000010010001000100000
10000000000000011100000000000000
00000000000101000001000000010000
00110000000000011110100000000000
00000010010000000000001001000010
00010000000000010011000000101000
01000000100000000111000000000000
00010011000010000010000001000010
00010000000001100000110000001000

00000100100000100000000000010000
00000000001000100000010000100010
01000000101000000010010000110100
00100010110101010000000000010000
00010000000000000000000010000000
00000000010100001000000100100001
00011001000000000000000000000100
00000000000100000000000001001000
00000100000000000110010000000000
00000000001000000000001100000000
00000000111010001000001000000010
00000000101100000000000110000000
00000001110001001000000000010100
00000001001000000000000010000000
00110010000000000000000000010000
00000000000100101000100000000000
10010000000000011001000000011000
01001100000001010100000000010100
10110010000100000000000000000000
00000000000010000000000000000001
00000100100000000100110100000100
00000000001001000010000100001000
01000011001100101000000000000010
00011000000001011000010010110100
10010110010000011000100000000000
00010001000000000000000000010000
00100000000000000000000001001000
01100000101100000010000000001000
00000000000000000000000000100000
00000000000000000010010001000000
00010001001000000001010001000000
00000010001011000000110000010010

00000001000010000000000000010000
00000001111000100000000000100000
00000000001000000010010000000100
01000010010001010000000000010000
00010000000000000000000010000000
00000001000100001000000100100010
00000001000000000000000010000000
00000000100100000000000000001000
10001000000000000110010000000001
00000000000000000000000000000000
00000000001010011000000000000000
00000000101010100000010110000000
00000001010000000000000000010100
00000001000000000000000010000000
10010010000100000000001000000000
01000000000110100000100100000000
10000000000000010010000000000000
00000100000001010100000010010000
00010010000100000000000000000000
00000001000010000000010000000001
00000100100010000000010110000100
00100000001001000010000000000000
01100011001000000000010000000010
00000000000000010000000010100000
10000100010000010100000000000000
00000001000100000000000000010000
00110000000000011000000001000000
00000010010100000010000000000000
00000000000000010011000000101000
00000000000000000010000001000000
00010001001000000000000001000000
00000000000000100000110000000000

00010001000010000000000000010000
00000001110000000000000000000000
00000000001001000100010000000100
01000010110000000001000000010000
00010000000000000000000000000010
00000001000100001000000000100010
00000000000010000000000010000000
10000000100000100100000000001000
10001000000000000100000000000001
10000000000000000000000100000000
00000000001010111000000000000000
00010000101010000000010110000000
00000001010000011100000000000100
00000000000000000000000010000000
10010010000100000000000000100001
01000000001110100000100100000000
10000000000000010010000000000000
00000110001001010100000010010100
00000010000100000001000000000000
00000001000010100000010000010001
00000100000010000000010110000100
00001000001000000010000100000000
00100011001000100001010010000010
00000000000000010000000010000000
10010000010000011100100000000000
10000001000000000000000000000000
00110000000000001000000001000000
00000010100100000000000000001010
00000000000000010001000000001000
00000100000000000010000001000000
00000001001000000000011001000000
00000000000000000000010000001000

