== Attributes ==
title=2x1 Basic Problem 15
type= 2x1
result=6
window_size=(82, 82)

== Input ==
0000000000000000000000000000000000000000000000000000000000000000000000000000000000
0000000000000000000000000000000000000000000000000000000000000000000000000000000000
0000000000000000000000000000000000000000000000000000000000000000000000000000000000
0000000000000000000000000000000000000000000000000000000000000000000000000000000000
0000000000000000000000000000000000000000000000000000000000000000000000000000000000
0000000000000000001000000000000000000000000000000000000000000000100000000000000000
0000000000000000011100000000000000000000000000000000000000000001110000000000000000
0000000000000000011100000000000000000000000000000000000000000001110000000000000000
0000000000000000110110000000000000000000000000000000000000000011011000000000000000
0000000000000000100110000000000000000000000000000000000000000010011000000000000000
0000000000000001100011000000000000000000000000000000000000000110001100000000000000
0000000000000001000011000000000000000000000000000000000000000100001100000000000000
0000000000000011000001100000000000000000000000000000000000001100000110000000000000
0000000000000010000001100000000000000000000000000000000000001000000110000000000000
0000000000000110000000110000000000000000000000000000000000011000000011000000000000
0000000000000100000000110000000000000000000000000000000000010000000011000000000000
0000000000001100000000011000000000000000000000000000000000110000000001100000000000
0000000000001100000000011000000000000000000000000000000000100000000001100000000000
0000000000011000000000001100000000000000000000000000000001100000000000110000000000
0000000000011000000000001100000000000000000000000000000001000000000000110000000000
0000000000110000000000000110000000000000000000000000000011000000000000011000000000
0000000000110000000000000110000000000000000000000000000010000000000000011000000000
0000000001100000000000000011000000000000000000000000000110000000000000001100000000
0000000001100000000000000011000000000000000000000000000100000000000000001100000000
0000000011000000000000000001100000000000000000000000001100000000000000000110000000
0000000011000000000000000001100000000000000000000000001000000000000000000110000000
0000000110000000000000000000110000000000000000000000011000000000000000000011000000
0000000110000000000000000000110000000000000000000000010000000000000000000011000000
0000001100000000000000000000011000000000000000000000110000000000000000000001100000
0000001100000000000000000000011000000000000000000000100000000000000000000001100000
0000011000000000000000000000001100000000000000000001100000000000000000000000110000
0000010000000000000000000000001100000000000000000001000000000000000000000000110000
0000111011111111111111111111101110000000000000000011111111111111111111111110111000
0000111111111111111111111111111110000000000000000011111111111111111111111111111000
0000000000000000000000000000000000000000000000000000000000000000000000000000000000
0000000000000000000000000000000000000000000000000000000000000000000000000000000000
0000000000000000000000000000000000000000000000000000000000000000000000000000000000
0000000000000000000000000000000000000000000000000000000000000000000000000000000000
0000000000000000000000000000000000000000000000000000000000000000000000000000000000
0000000000000000000000000000000000000000000000000000000000000000000000000000000000
0000000000000000000000000000000000000000000000000000000000000000000000000000000000
0000000000000000000000000000000000000000000000000000000000000000000000000000000000
0000000000000000000000000000000000000000000000000000000000000000000000000000000000
0000000000000000000000000000000000000000000000000000000000000000000000000000000000
0000000000000000000000000000000000000000000000000000000000000000000000000000000000
0000000000000000000000000000000000000000000000000000000000000000000000000000000000
0000000000000000000000000000000000000000000000000000000000000000000000000000000000
0000000000000000000000000000000000000000000000000000000000000000000000000000000000
0000000000000000000000000000000000000000000000000000000000000000000000000000000000
0000000000000000000000000000000000000000000000000000000000000000000000000000000000
0000000000000000000000000000000000000000000000000000000000000000000000000000000000
0000000000000000000000000000000000000000000000000000000000000000000000000000000000
0000000000000000000000000000000000000000000000000000000000000000000000000000000000
0000000000000000000000000000000000000000000000000000000000000000000000000000000000
0000000000000000000000000000000000000000000000000000000000000000000000000000000000
0000000000000000000000000000000000000000000000000000000000000000000000000000000000
0000000000000000000000000000000000000000000000000000000000000000000000000000000000
0000000000000000000000000000000000000000000000000000000000000000000000000000000000
0000000000000000000000000000000000000000000000000000000000000000000000000000000000
0000000000000000000000000000000000000000000000000000000000000000000000000000000000
0000000000000000000000000000000000000000000000000000000000000000000000000000000000
0000000000000000000000000000000000000000000000000000000000000000000000000000000000
0000000000000000000000000000000000000000000000000000000000000000000000000000000000
0000000000000000000000000000000000000000000000000000000000000000000000000000000000
0000000000000000000000000000000000000000000000000000000000000000000000000000000000
0000000000000000000000000000000000000000000000000000000000000000000000000000000000
0000000000000000000000000000000000000000000000000000000000000000000000000000000000
0000000000000000000000000000000000000000000000000000000000000000000000000000000000
0000000000000000000000000000000000000000000000000000000000000000000000000000000000
0000000000000000000000000000000000000000000000000000000000000000000000000000000000
0000000000000000000000000000000000000000000000000000000000000000000000000000000000
0000000000000000000000000000000000000000000000000000000000000000000000000000000000
0000000000000000000000000000000000000000000000000000000000000000000000000000000000
0000000000000000000000000000000000000000000000000000000000000000000000000000000000
0000000000000000000000000000000000000000000000000000000000000000000000000000000000
0000000000000000000000000000000000000000000000000000000000000000000000000000000000
0000000000000000000000000000000000000000000000000000000000000000000000000000000000
0000000000000000000000000000000000000000000000000000000000000000000000000000000000
0000000000000000000000000000000000000000000000000000000000000000000000000000000000
0000000000000000000000000000000000000000000000000000000000000000000000000000000000
0000000000000000000000000000000000000000000000000000000000000000000000000000000000
0000000000000000000000000000000000000000000000000000000000000000000000000000000000

0000000000000000000000000000000000000000000000000000000000000000000000000000000000
0000000000000000000000000000000000000000000000000000000000000000000000000000000000
0000000000000000000000000000000000000000000000000000000000000000000000000000000000
0000000000000000000000000000000000000000000000000000000000000000000000000000000000
0000000000000000000000000000000000000000000000000000000000000000000000000000000000
0000110000000000000000000000000000000000000000000011000000000000000000000000000000
0000111100000000000000000000000000000000000000000011110000000000000000000000000000
0000101111000000000000000000000000000000000000000010111100000000000000000000000000
0000100011110000000000000000000000000000000000000010001111000000000000000000000000
0000100000111100000000000000000000000000000000000010000011110000000000000000000000
0000100000001111000000000000000000000000000000000010000000111100000000000000000000
0000100000000011110000000000000000000000000000000010000000001111000000000000000000
0000100000000000111100000000000000000000000000000010000000000011110000000000000000
0000100000000000001111000000000000000000000000000010000000000000111100000000000000
0000100000000000000011110000000000000000000000000010000000000000001111000000000000
0000100000000000000000111100000000000000000000000010000000000000000011110000000000
0000100000000000000000001111000000000000000000000010000000000000000000111100000000
0000100000000000000000000011110000000000000000000010000000000000000000001111000000
0000100000000000000000000000111100000000000000000010000000000000000000000011110000
0000100000000000000000000000001110000000000000000010000000000000000000000000111000
0000100000000000000000000000111100000000000000000010000000000000000000000011110000
0000100000000000000000000011110000000000000000000010000000000000000000001111000000
0000100000000000000000001111000000000000000000000010000000000000000000111100000000
0000100000000000000000111100000000000000000000000010000000000000000011110000000000
0000100000000000000011110000000000000000000000000010000000000000001111000000000000
0000100000000000001111000000000000000000000000000010000000000000111100000000000000
0000100000000000111100000000000000000000000000000010000000000011110000000000000000
0000100000000011110000000000000000000000000000000010000000001111000000000000000000
0000100000001111000000000000000000000000000000000010000000111100000000000000000000
0000100000111100000000000000000000000000000000000010000011110000000000000000000000
0000100011110000000000000000000000000000000000000010001111000000000000000000000000
0000101111000000000000000000000000000000000000000010111100000000000000000000000000
0000111100000000000000000000000000000000000000000011110000000000000000000000000000
0000110000000000000000000000000000000000000000000011000000000000000000000000000000
0000000000000000000000000000000000000000000000000000000000000000000000000000000000
0000000000000000000000000000000000000000000000000000000000000000000000000000000000
0000000000000000000000000000000000000000000000000000000000000000000000000000000000
0000000000000000000000000000000000000000000000000000000000000000000000000000000000
0000000000000000000000000000000000000000000000000000000000000000000000000000000000
0000000000000000000000000000000000000000000000000000000000000000000000000000000000
0000000000000000000000000000000000000000000000000000000000000000000000000000000000
0000000000000000000000000000000000000000000000000000000000000000000000000000000000
0000000000000000000000000000000000000000000000000000000000000000000000000000000000
0000000000000000000000000000000000000000000000000000000000000000000000000000000000
0000000000000000000000000000000000000000000000000000000000000000000000000000000000
0000000000000000000000000000000000000000000000000000000000000000000000000000000000
0000000000000000000000000000000000000000000000000000000000000000000000000000000000
0000000000000000000000000000000000000000000000000000000000000000000000000000000000
0000000000000000000000000000000000000000000000000000000000000000000000000000000000
0000000000000000000000000000000000000000000000000000000000000000000000000000000000
0000000000000000000000000000000000000000000000000000000000000000000000000000000000
0000000000000000000000000000000000000000000000000000000000000000000000000000000000
0000000000000000000000000000000000000000000000000000000000000000000000000000000000
0000000000000000000000000000000000000000000000000000000000000000000000000000000000
0000000000000000000000000000000000000000000000000000000000000000000000000000000000
0000000000000000000000000000000000000000000000000000000000000000000000000000000000
0000000000000000000000000000000000000000000000000000000000000000000000000000000000
0000000000000000000000000000000000000000000000000000000000000000000000000000000000
0000000000000000000000000000000000000000000000000000000000000000000000000000000000
0000000000000000000000000000000000000000000000000000000000000000000000000000000000
0000000000000000000000000000000000000000000000000000000000000000000000000000000000
0000000000000000000000000000000000000000000000000000000000000000000000000000000000
0000000000000000000000000000000000000000000000000000000000000000000000000000000000
0000000000000000000000000000000000000000000000000000000000000000000000000000000000
0000000000000000000000000000000000000000000000000000000000000000000000000000000000
0000000000000000000000000000000000000000000000000000000000000000000000000000000000
0000000000000000000000000000000000000000000000000000000000000000000000000000000000
0000000000000000000000000000000000000000000000000000000000000000000000000000000000
0000000000000000000000000000000000000000000000000000000000000000000000000000000000
0000000000000000000000000000000000000000000000000000000000000000000000000000000000
0000000000000000000000000000000000000000000000000000000000000000000000000000000000
0000000000000000000000000000000000000000000000000000000000000000000000000000000000
0000000000000000000000000000000000000000000000000000000000000000000000000000000000
0000000000000000000000000000000000000000000000000000000000000000000000000000000000
0000000000000000000000000000000000000000000000000000000000000000000000000000000000
0000000000000000000000000000000000000000000000000000000000000000000000000000000000
0000000000000000000000000000000000000000000000000000000000000000000000000000000000
0000000000000000000000000000000000000000000000000000000000000000000000000000000000
0000000000000000000000000000000000000000000000000000000000000000000000000000000000
0000000000000000000000000000000000000000000000000000000000000000000000000000000000
0000000000000000000000000000000000000000000000000000000000000000000000000000000000
0000000000000000000000000000000000000000000000000000000000000000000000000000000000

0000000000000000000000000000000000000000000000000000000000000000000000000000000000
0000000000000000000000000000000000000000000000000000000000000000000000000000000000
0000000000000000000000000000000000000000000000000000000000000000000000000000000000
0000000000000000000000000000000000000000000000000000000000000000000000000000000000
0000000000000000000000000000000000000000000000000000000000000000000000000000000000
0000000000000000011000000000000000000000000000000000000000000001100000000000000000
0000000000000000011000000000000000000000000000000000000000000001100000000000000000
0000000000000000111100000000000000000000000000000000000000000011110000000000000000
0000000000000000110100000000000000000000000000000000000000000010010000000000000000
0000000000000001100110000000000000000000000000000000000000000110011000000000000000
0000000000000001100010000000000000000000000000000000000000000110001000000000000000
0000000000000011000011000000000000000000000000000000000000001100001100000000000000
0000000000000011000001000000000000000000000000000000000000001100000100000000000000
0000000000000110000001100000000000000000000000000000000000011000000110000000000000
0000000000000110000000100000000000000000000000000000000000011000000110000000000000
0000000000001100000000110000000000000000000000000000000000110000000011000000000000
0000000000001100000000010000000000000000000000000000000000110000000011000000000000
0000000000011000000000011000000000000000000000000000000001100000000001100000000000
0000000000011000000000001000000000000000000000000000000001100000000001100000000000
0000000000110000000000001100000000000000000000000000000011000000000000110000000000
0000000000110000000000000100000000000000000000000000000011000000000000110000000000
0000000001100000000000000110000000000000000000000000000110000000000000011000000000
0000000001100000000000000010000000000000000000000000000110000000000000011000000000
0000000011000000000000000011000000000000000000000000001100000000000000001100000000
0000000011000000000000000001000000000000000000000000001100000000000000001100000000
0000000110000000000000000001100000000000000000000000011000000000000000000110000000
0000000110000000000000000000100000000000000000000000011000000000000000000110000000
0000001100000000000000000000110000000000100000000000110000000000000000000011000000
0000001100000000000000000000010000000001110000000000110000000000000000000011000000
0000011000000000000000000000011000000001110000000001100000000000000000000001100000
0000011000000000000000000000001000000011011000000001100000000000000000000001100000
0000110000000000000000000000001100000010011000000011000000000000000000000000110000
0000110111111111111111111111101100000110001100000011011111111111111111111110110000
0000111111111111111111111111111110000100001100000011111111111111111111111111110000
0000000000000000000000000000000000001100000110000000000000000000000000000000000000
0000000000000000000000000000000000001000000110000000000000000000000000000000000000
0000000000000000000000000000000000011000000011000000000000000000000000000000000000
0000000000000000000000000000000000010000000011000000000000000000000000000000000000
0000000000000000000000000000000000110000000001100000000000000000000000000000000000
0000000000000000000000000000000000100000000001100000000000000000000000000000000000
0000000000000000000000000000000001100000000000110000000000000000000000000000000000
0000000000000000000000000000000001000000000000110000000000000000000000000000000000
0000000000000000000000000000000011000000000000011000000000000000000000000000000000
0000000000000000000000000000000010000000000000011000000000000000000000000000000000
0000000000000000000000000000000110000000000000001100000000000000000000000000000000
0000000000000000000000000000000100000000000000001100000000000000000000000000000000
0000000000000000000000000000001100000000000000000110000000000000000000000000000000
0000000000000000000000000000001000000000000000000110000000000000000000000000000000
0000000000000000000000000000011000000000000000000011000000000000000000000000000000
0000000000000000011000000000010000000000000000000011000000000001100000000000000000
0000000000000000011100000000110000000000000000000001100000000001100000000000000000
0000000000000000111100000000100000000000000000000001100000000011110000000000000000
0000000000000000100110000001100000000000000000000000110000000010010000000000000000
0000000000000001100110000001000000000000000000000000110000000110011000000000000000
0000000000000001000011000011111111111111111111111111111000000100001000000000000000
0000000000000011000011000011111111111111111111111111111000001100001100000000000000
0000000000000010000001100000000000000000000000000000000000001000000100000000000000
0000000000000110000001100000000000000000000000000000000000011000000110000000000000
0000000000000100000000110000000000000000000000000000000000010000000010000000000000
0000000000001100000000110000000000000000000000000000000000110000000011000000000000
0000000000001000000000011000000000000000000000000000000000100000000001000000000000
0000000000011000000000011000000000000000000000000000000001100000000001100000000000
0000000000010000000000001100000000000000000000000000000001000000000000100000000000
0000000000110000000000001100000000000000000000000000000011000000000000110000000000
0000000000100000000000000110000000000000000000000000000010000000000000010000000000
0000000001100000000000000110000000000000000000000000000110000000000000011000000000
0000000001000000000000000011000000000000000000000000000100000000000000001000000000
0000000011000000000000000011000000000000000000000000001100000000000000001100000000
0000000010000000000000000001100000000000000000000000001000000000000000000100000000
0000000110000000000000000001100000000000000000000000011000000000000000000110000000
0000000100000000000000000000110000000000000000000000010000000000000000000010000000
0000001100000000000000000000110000000000000000000000110000000000000000000011000000
0000001000000000000000000000011000000000000000000000100000000000000000000001000000
0000011000000000000000000000011000000000000000000001100000000000000000000001100000
0000010000000000000000000000001100000000000000000001000000000000000000000000100000
0000110000000000000000000000001100000000000000000011000000000000000000000000110000
0000111111111111111111111111111110000000000000000011111111111111111111111111110000
0000111111111111111111111111111100000000000000000011111111111111111111111111110000
0000000000000000000000000000000000000000000000000000000000000000000000000000000000
0000000000000000000000000000000000000000000000000000000000000000000000000000000000
0000000000000000000000000000000000000000000000000000000000000000000000000000000000
0000000000000000000000000000000000000000000000000000000000000000000000000000000000

== Output ==
0000000000000000000000000000000000000000000000000000000000000000000000000000000000
0000000000000000000000000000000000000000000000000000000000000000000000000000000000
0000000000000000000000000000000000000000000000000000000000000000000000000000000000
0000000000000000000000000000000000000000000000000000000000000000000000000000000000
0000000000000000000000000000000000000000000000000000000000000000000000000000000000
0000110000000000000000000000000000000000000000000111000000000000000000000000000000
0001111100000000000000000000000000000000000000000111110000000000000000000000000000
0001101111000000000000000000000000000000000000000110111100000000000000000000000000
0001100011110000000000000000000000000000000000000110001111000000000000000000000000
0001100000111100000000000000000000000000000000000110000011110000000000000000000000
0001100000001111000000000000000000000000000000000110000000111100000000000000000000
0001100000000011110000000000000000000000000000000110000000001111000000000000000000
0001100000000000111100000000000000000000000000000110000000000011110000000000000000
0001100000000000001111000000000000000000000000000110000000000000111100000000000000
0001100000000000000011110000000000000000000000000110000000000000001111000000000000
0001100000000000000000111100000000000000000000000110000000000000000011110000000000
0001100000000000000000001111000000000000000000000110000000000000000000111100000000
0001100000000000000000000011110000000000000000000110000000000000000000001111000000
0001100000000000000000000000111100000000000000000110000000000000000000000011110000
0001100000000000000000000000011100000000000000000110000000000000000000000001110000
0001100000000000000000000001111000000000000000000110000000000000000000000111100000
0001100000000000000000000111100000000000000000000110000000000000000000011110000000
0001100000000000000000011110000000000000000000000110000000000000000001111000000000
0001100000000000000001111000000000000000000000000110000000000000000111100000000000
0001100000000000000111100000000000000000000000000110000000000000011110000000000000
0001100000000000011110000000000000000000000000000110000000000001111000000000000000
0001100000000001111000000000000000000000000000000110000000000111100000000000000000
0001100000000111100000000000000000000001100000000110000000011110000000000000000000
0001100000011110000000000000000000000001110000000110000001111000000000000000000000
0001100001111000000000000000000000000011110000000110000111100000000000000000000000
0001100111100000000000000000000000000010011000000110011110000000000000000000000000
0001111110000000000000000000000000000110011000000111111000000000000000000000000000
0001111000000000000000000000000000000100001100000111100000000000000000000000000000
0000100000000000000000000000000000001100001100000010000000000000000000000000000000
0000000000000000000000000000000000001000000110000000000000000000000000000000000000
0000000000000000000000000000000000011000000110000000000000000000000000000000000000
0000000000000000000000000000000000010000000011000000000000000000000000000000000000
0000000000000000000000000000000000110000000011000000000000000000000000000000000000
0000000000000000000000000000000000100000000001100000000000000000000000000000000000
0000000000000000000000000000000001100000000001100000000000000000000000000000000000
0000000000000000000000000000000001000000000000110000000000000000000000000000000000
0000000000000000000000000000000011000000000000110000000000000000000000000000000000
0000000000000000000000000000000010000000000000011000000000000000000000000000000000
0000000000000000000000000000000110000000000000011000000000000000000000000000000000
0000000000000000000000000000000100000000000000001100000000000000000000000000000000
0000000000000000000000000000001100000000000000001100000000000000000000000000000000
0000000000000000000000000000001000000000000000000110000000000000000000000000000000
0000000000000000000000000000011000000000000000000110000000000000000000000000000000
0000000000000000000000000000010000000000000000000011000000000000000000000000000000
0000000000000000011000000000110000000000000000000011000000000001100000000000000000
0000000000000000111000000000100000000000000000000001100000000011100000000000000000
0000000000000000111100000001100000000000000000000001100000000011110000000000000000
0000000000000001100100000001000000000000000000000000110000000110010000000000000000
0000000000000001100110000011000000000000000000000000110000000110011000000000000000
0000000000000011000010000011111111111111111111111111111000001100001000000000000000
0000000000000011000011000001111111111111111111111111100000001100001100000000000000
0000000000000110000001000000000000000000000000000000000000011000000100000000000000
0000000000000110000001100000000000000000000000000000000000011000000110000000000000
0000000000001100000000100000000000000000000000000000000000110000000010000000000000
0000000000001100000000110000000000000000000000000000000000110000000011000000000000
0000000000011000000000010000000000000000000000000000000001100000000001000000000000
0000000000011000000000011000000000000000000000000000000001100000000001100000000000
0000000000110000000000001000000000000000000000000000000011000000000000100000000000
0000000000110000000000001100000000000000000000000000000010000000000000110000000000
0000000001100000000000000100000000000000000000000000000110000000000000010000000000
0000000001100000000000000110000000000000000000000000000100000000000000011000000000
0000000011000000000000000010000000000000000000000000001100000000000000001000000000
0000000011000000000000000011000000000000000000000000001000000000000000001100000000
0000000110000000000000000001000000000000000000000000011000000000000000000100000000
0000000110000000000000000001100000000000000000000000010000000000000000000110000000
0000001100000000000000000000100000000000000000000000110000000000000000000010000000
0000001100000000000000000000110000000000000000000000100000000000000000000011000000
0000011000000000000000000000010000000000000000000001100000000000000000000001000000
0000011000000000000000000000011000000000000000000001000000000000000000000001100000
0000110000000000000000000000001000000000000000000011000000000000000000000000100000
0000110000000000000000000000001100000000000000000011000000000000000000000000110000
0000111111111111111111111111111100000000000000000111111111111111111111111111110000
0000000000000000000000000000000000000000000000000000000000000000000000000000000000
0000000000000000000000000000000000000000000000000000000000000000000000000000000000
0000000000000000000000000000000000000000000000000000000000000000000000000000000000
0000000000000000000000000000000000000000000000000000000000000000000000000000000000
0000000000000000000000000000000000000000000000000000000000000000000000000000000000

0000000000000000000000000000000000000000000000000000000000000000000000000000000000
0000000000000000000000000000000000000000000000000000000000000000000000000000000000
0000000000000000000000000000000000000000000000000000000000000000000000000000000000
0000000000000000000000000000000000000000000000000000000000000000000000000000000000
0000000000000000000000000000000000000000000000000000000000000000000000000000000000
0001110000000000000000000000000000000000000000000000000000000001100000000000000000
0001111100000000000000000000000000000000000000000000000000000011100000000000000000
0000101111000000000000000000000000000000000000000000000000000011110000000000000000
0001100011110000000000000000000000000000000000000000000000000110010000000000000000
0001100000111100000000000000000000000000000000000000000000000110011000000000000000
0001100000001111000000000000000000000000000000000000000000001100011000000000000000
0001100000000011110000000000000000000000000000000000000000001100001100000000000000
0001100000000000111100000000000000000000000000000000000000011000001100000000000000
0001100000000000001111000000000000000000000000000000000000011000000110000000000000
0001100000000000000011110000000000000000000000000000000000110000000010000000000000
0001100000000000000000111100000000000000000000000000000000110000000011000000000000
0001100000000000000000001111000000000000000000000000000001100000000001000000000000
0001100000000000000000000011110000000000000000000000000001100000000001100000000000
0001100000000000000000000000011100000000000000000000000011000000000000100000000000
0001100000000000000000000000011100000000000000000000000011000000000000110000000000
0001100000000000000000000001111000000000000000000000000110000000000000010000000000
0001100000000000000000000111100000000000000000000000000110000000000000011000000000
0001100000000000000000011110000000000000000000000000001100000000000000001000000000
0001100000000000000001111000000000000000000000000000001100000000000000001100000000
0001100000000000000111100000000000000000000000000000011000000000000000000100000000
0001100000000000011110000000000000000000000000000000011000000000000000000110000000
0001100000000001111000000000000000000000000000000000110000000000000000000010000000
0001100000000111100000000011100000000000000000000000110000000000000000000011000000
0001100000011110000000000011111000000000000000000001100000000000000000000001000000
0001100001111000000000000010011110000000000000000001100000000000000000000001100000
0000100111100000000000000010000111100000000000000011000000000000000000000000100000
0000111110000000000000000010000001111000000000000011000000000000000000000000110000
0000111000000000000000000010000000011110000000000111111111111111111111111111110000
0000100000000000000000000010000000000111100000000011111111111111111111111111110000
0000000000000000000000000010000000000001111000000000000000000000000000000000000000
0000000000000000000000000010000000000000011110000000000000000000000000000000000000
0000000000000000000000000010000000000000000111100000000000000000000000000000000000
0000000000000000000000000010000000000000000001111000000000000000000000000000000000
0000000000000000000000000010000000000000000000011110000000000000000000000000000000
0000000000000000000000000010000000000000000000000111100000000000000000000000000000
0000000000000000000000000010000000000000000000000001111000000000000000000000000000
0000000000000000000000000010000000000000000000000001111000000000000000000000000000
0000000000000000000000000010000000000000000000000111100000000000000000000000000000
0000000000000000000000000010000000000000000000011110000000000000000000000000000000
0000000000000000000000000010000000000000000001111000000000000000000000000000000000
0000000000000000000000000010000000000000000111100000000000000000000000000000000000
0000000000000000000000000010000000000000011110000000000000000000000000000000000000
0000000000000000000000000010000000000001111000000000000000000000000000000000000000
0000100000000000000000000010000000000111100000000000000000000000000000000000000000
0001111000000000000000000010000000011110000000000000000000000001100000000000000000
0000111110000000000000000010000001111000000000000000000000000011100000000000000000
0000100111100000000000000010000111100000000000000000000000000011110000000000000000
0001100001111000000000000010011110000000000000000000000000000110010000000000000000
0001100000011110000000000011111000000000000000000000000000000110011000000000000000
0001100000000111100000000011100000000000000000000000000000001100001000000000000000
0001100000000001111000000000000000000000000000000000000000001100001100000000000000
0001100000000000011110000000000000000000000000000000000000011000000100000000000000
0001100000000000000111100000000000000000000000000000000000011000000110000000000000
0001100000000000000001111000000000000000000000000000000000110000000010000000000000
0001100000000000000000011110000000000000000000000000000000110000000011000000000000
0001100000000000000000000111100000000000000000000000000001100000000001000000000000
0001100000000000000000000001111000000000000000000000000001100000000001100000000000
0001100000000000000000000000011100000000000000000000000011000000000000100000000000
0001100000000000000000000000011100000000000000000000000011000000000000110000000000
0001100000000000000000000001110000000000000000000000000110000000000000010000000000
0001100000000000000000000111000000000000000000000000000110000000000000011000000000
0001100000000000000000011100000000000000000000000000001100000000000000001100000000
0001100000000000000001110000000000000000000000000000001100000000000000001100000000
0001100000000000000111000000000000000000000000000000011000000000000000000110000000
0001100000000000011100000000000000000000000000000000011000000000000000000110000000
0001100000000001110000000000000000000000000000000000110000000000000000000011000000
0001100000000111000000000000000000000000000000000000110000000000000000000011000000
0001100000011100000000000000000000000000000000000001100000000000000000000001100000
0001100001110000000000000000000000000000000000000001100000000000000000000001100000
0000100111000000000000000000000000000000000000000011000000000000000000000000110000
0000111100000000000000000000000000000000000000000011000000000000000000000000110000
0001110000000000000000000000000000000000000000000111111111111111111111111111110000
0000000000000000000000000000000000000000000000000000000000000000000000000000000000
0000000000000000000000000000000000000000000000000000000000000000000000000000000000
0000000000000000000000000000000000000000000000000000000000000000000000000000000000
0000000000000000000000000000000000000000000000000000000000000000000000000000000000
0000000000000000000000000000000000000000000000000000000000000000000000000000000000

0000000000000000000000000000000000000000000000000000000000000000000000000000000000
0000000000000000000000000000000000000000000000000000000000000000000000000000000000
0000000000000000000000000000000000000000000000000000000000000000000000000000000000
0000000000000000000000000000000000000000000000000000000000000000000000000000000000
0000000000000000000000000000000000000000000000000000000000000000000000000000000000
0000000000000000000000000000001100000000000000000000000000000000000000000000110000
0000000000000000000000000000111110000000000000000000000000000000000000000011111000
0000000000000000000000000011100110000000000000000000000000000000000000001110010000
0000000000000000000000001110000110000000000000000000000000000000000000111100011000
0000000000000000000000111000000110000000000000000000000000000000000011110000011000
0000000000000000000011100000000110000000000000000000000000000000001111000000011000
0000000000000000001110000000000110000000000000000000000000000000111000000000011000
0000000000000000111000000000000110000000000000000000000000000011100000000000011000
0000000000000011100000000000000110000000000000000000000000001110000000000000011000
0000000000001110000000000000000110000000000000000000000000111000000000000000011000
0000000000111000000000000000000110000000000000000000000011100000000000000000011000
0000000011100000000000000000000110000000000000000000001110000000000000000000011000
0000001110000000000000000000000110000000000000000000111000000000000000000000011000
0000111000000000000000000000000110000000000000000011100000000000000000000000011000
0000111000000000000000000000000110000000000000000011100000000000000000000000011000
0000011110000000000000000000000110000000000000000001111000000000000000000000011000
0000000111100000000000000000000110000000000000000000011110000000000000000000011000
0000000001111000000000000000000110000000000000000000000111100000000000000000011000
0000000000011110000000000000000110000000000000000000000001111000000000000000011000
0000000000000111100000000000000110000000000000000000000000011110000000000000011000
0000000000000001111000000000000110000000000000000000000000000111100000000000011000
0000000000000000011110000000000110000000000000000000000000000001111000000000011000
0000000000000000000111100000000110000000000000000000111000000000011110000000011000
0000000000000000000001111000000110000000000000000011111000000000000111100000011000
0000000000000000000000011110000110000000000000001110011000000000000001111000011000
0000000000000000000000000111100110000000000000111000011000000000000000011110010000
0000000000000000000000000001111110000000000011100000011000000000000000000111111000
0000000000000000000000000000011110000000001110000000011000000000000000000001111000
0000000000000000000000000000000100000000111000000000011000000000000000000000010000
0000000000000000000000000000000000000011100000000000011000000000000000000000000000
0000000000000000000000000000000000001110000000000000011000000000000000000000000000
0000000000000000000000000000000000111000000000000000011000000000000000000000000000
0000000000000000000000000000000011100000000000000000011000000000000000000000000000
0000000000000000000000000000001110000000000000000000011000000000000000000000000000
0000000000000000000000000000111000000000000000000000011000000000000000000000000000
0000000000000000000000000011100000000000000000000000011000000000000000000000000000
0000000000000000000000000011100000000000000000000000011000000000000000000000000000
0000000000000000000000000000111000000000000000000000011000000000000000000000000000
0000000000000000000000000000001110000000000000000000011000000000000000000000000000
0000000000000000000000000000000011100000000000000000011000000000000000000000000000
0000000000000000000000000000000000111000000000000000011000000000000000000000000000
0000000000000000000000000000000000001110000000000000011000000000000000000000000000
0000000000000000000000000000000000000011100000000000011000000000000000000000000000
0000000000000000000000000000000100000000111000000000011000000000000000000000010000
0000000000000000000000000000011110000000001110000000011000000000000000000001111000
0000000000000000000000000001111110000000000011100000011000000000000000000111111000
0000000000000000000000000111100110000000000000111000011000000000000000011110010000
0000000000000000000000011110000110000000000000001110011000000000000001111000011000
0000000000000000000001111000000110000000000000000011111000000000000111100000011000
0000000000000000000111100000000110000000000000000000111000000000011110000000011000
0000000000000000011110000000000110000000000000000000000000000001111000000000011000
0000000000000001111000000000000110000000000000000000000000000111100000000000011000
0000000000000111100000000000000110000000000000000000000000011110000000000000011000
0000000000011110000000000000000110000000000000000000000001111000000000000000011000
0000000001111000000000000000000110000000000000000000000111100000000000000000011000
0000000111100000000000000000000110000000000000000000011110000000000000000000011000
0000011110000000000000000000000110000000000000000001111000000000000000000000011000
0000111000000000000000000000000110000000000000000011100000000000000000000000011000
0000111000000000000000000000000110000000000000000011100000000000000000000000011000
0000001110000000000000000000000110000000000000000000111000000000000000000000011000
0000000011100000000000000000000110000000000000000000001110000000000000000000011000
0000000000111000000000000000000110000000000000000000000011100000000000000000011000
0000000000001110000000000000000110000000000000000000000000111000000000000000011000
0000000000000011100000000000000110000000000000000000000000001110000000000000011000
0000000000000000111000000000000110000000000000000000000000000011100000000000011000
0000000000000000001110000000000110000000000000000000000000000000111000000000011000
0000000000000000000011100000000110000000000000000000000000000000001110000000011000
0000000000000000000000111000000110000000000000000000000000000000000011100000011000
0000000000000000000000001110000110000000000000000000000000000000000000111000011000
0000000000000000000000000011100110000000000000000000000000000000000000001110010000
0000000000000000000000000000111110000000000000000000000000000000000000000011111000
0000000000000000000000000000001100000000000000000000000000000000000000000000110000
0000000000000000000000000000000000000000000000000000000000000000000000000000000000
0000000000000000000000000000000000000000000000000000000000000000000000000000000000
0000000000000000000000000000000000000000000000000000000000000000000000000000000000
0000000000000000000000000000000000000000000000000000000000000000000000000000000000
0000000000000000000000000000000000000000000000000000000000000000000000000000000000

0000000000000000000000000000000000000000000000000000000000000000000000000000000000
0000000000000000000000000000000000000000000000000000000000000000000000000000000000
0000000000000000000000000000000000000000000000000000000000000000000000000000000000
0000000000000000000000000000000000000000000000000000000000000000000000000000000000
0000000000000000000000000000000000000000000000000000000000000000000000000000000000
0000110000000000000000000000000000000000000000000000000000000000000000000000111000
0000111100000000000000000000000000000000000000000000000000000000000000000011111000
0000100111000000000000000000000000000000000000000000000000000000000000001111011000
0000100001110000000000000000000000000000000000000000000000000000000000111100011000
0000100000011100000000000000000000000000000000000000000000000000000011110000011000
0000100000000111000000000000000000000000000000000000000000000000001111000000011000
0000100000000001110000000000000000000000000000000000000000000000111100000000011000
0000100000000000011100000000000000000000000000000000000000000011110000000000011000
0000100000000000000111000000000000000000000000000000000000001111000000000000011000
0000100000000000000001110000000000000000000000000000000000111100000000000000011000
0000100000000000000000011100000000000000000000000000000011110000000000000000011000
0000100000000000000000000111000000000000000000000000001111000000000000000000011000
0000100000000000000000000001110000000000000000000000111100000000000000000000011000
0000100000000000000000000000011100000000000000000011110000000000000000000000011000
0000100000000000000000000000011100000000000000000011100000000000000000000000011000
0000100000000000000000000001111000000000000000000001111000000000000000000000011000
0000100000000000000000000111100000000000000000000000011110000000000000000000011000
0000100000000000000000011110000000000000000000000000000111100000000000000000011000
0000100000000000000001111000000000000000000000000000000001111000000000000000011000
0000100000000000000111100000000000000000000000000000000000011110000000000000011000
0000100000000000011110000000000000000000000000000000000000000111100000000000011000
0000100000000001111000000000000000000000000000000000000000000001111000000000011000
0000100000000111100000000000000000000001100000000000000000000000011110000000011000
0000100000011110000000000000000000000001110000000000000000000000000111100000011000
0000100001111000000000000000000000000011110000000000000000000000000001111000011000
0000100111100000000000000000000000000011011000000000000000000000000000011110010000
0000111110000000000000000000000000000110001000000000000000000000000000000111111000
0000111000000000000000000000000000000110001100000000000000000000000000000001111000
0000100000000000000000000000000000001100000100000000000000000000000000000000010000
0000000000000000000000000000000000001100000110000000000000000000000000000000000000
0000000000000000000000000000000000011000000010000000000000000000000000000000000000
0000000000000000000000000000000000011000000011000000000000000000000000000000000000
0000000000000000000000000000000000110000000001000000000000000000000000000000000000
0000000000000000000000000000000000110000000001100000000000000000000000000000000000
0000000000000000000000000000000001100000000000100000000000000000000000000000000000
0000000000000000000000000000000001100000000000110000000000000000000000000000000000
0000000000000000000000000000000011000000000000010000000000000000000000000000000000
0000000000000000000000000000000011000000000000011000000000000000000000000000000000
0000000000000000000000000000000110000000000000001000000000000000000000000000000000
0000000000000000000000000000000110000000000000001100000000000000000000000000000000
0000000000000000000000000000001100000000000000000100000000000000000000000000000000
0000000000000000000000000000001100000000000000000110000000000000000000000000000000
0000000000000000000000000000011000000000000000000010000000000000000000000000000000
0000100000000000000000000000011000000000000000000011000000000000000000000000010000
0000111000000000000000000000110000000000000000000001000000000000000000000001110000
0000111110000000000000000000110000000000000000000001100000000000000000000111111000
0000100111100000000000000001100000000000000000000000100000000000000000011110010000
0000100001111000000000000001100000000000000000000000110000000000000001111000011000
0000100000011110000000000011000000000000000000000000010000000000000111100000011000
0000100000000111100000000011111111111111111111111111111000000000011110000000011000
0000100000000001111000000000111111111111111111111111100000000001111000000000011000
0000100000000000011110000000000000000000000000000000000000000111100000000000011000
0000100000000000000111100000000000000000000000000000000000011110000000000000011000
0000100000000000000001111000000000000000000000000000000001111000000000000000011000
0000100000000000000000011110000000000000000000000000000111100000000000000000011000
0000100000000000000000000111100000000000000000000000011110000000000000000000011000
0000100000000000000000000001111000000000000000000001111000000000000000000000011000
0000100000000000000000000000011100000000000000000011100000000000000000000000011000
0000100000000000000000000000011100000000000000000011100000000000000000000000011000
0000100000000000000000000001110000000000000000000000111000000000000000000000011000
0000100000000000000000000111000000000000000000000000001110000000000000000000011000
0000100000000000000000011100000000000000000000000000000011100000000000000000011000
0000100000000000000001110000000000000000000000000000000000111000000000000000011000
0000100000000000000111000000000000000000000000000000000000001110000000000000011000
0000100000000000011100000000000000000000000000000000000000000011110000000000011000
0000100000000001110000000000000000000000000000000000000000000000111000000000011000
0000100000000111000000000000000000000000000000000000000000000000001110000000011000
0000100000011100000000000000000000000000000000000000000000000000000011110000011000
0000100001110000000000000000000000000000000000000000000000000000000000111000011000
0000100111000000000000000000000000000000000000000000000000000000000000001110010000
0000111100000000000000000000000000000000000000000000000000000000000000000011110000
0000110000000000000000000000000000000000000000000000000000000000000000000000111000
0000000000000000000000000000000000000000000000000000000000000000000000000000000000
0000000000000000000000000000000000000000000000000000000000000000000000000000000000
0000000000000000000000000000000000000000000000000000000000000000000000000000000000
0000000000000000000000000000000000000000000000000000000000000000000000000000000000
0000000000000000000000000000000000000000000000000000000000000000000000000000000000

0000000000000000000000000000000000000000000000000000000000000000000000000000000000
0000000000000000000000000000000000000000000000000000000000000000000000000000000000
0000000000000000000000000000000000000000000000000000000000000000000000000000000000
0000000000000000000000000000000000000000000000000000000000000000000000000000000000
0000000000000000000000000000000000000000000000000000000000000000000000000000000000
0000110000000000000000000000000000000000000000000011000000000000000000000000000000
0001111100000000000000000000000000000000000000000111110000000000000000000000000000
0001100111000000000000000000000000000000000000000110011100000000000000000000000000
0000100001110000000000000000000000000000000000000110000111000000000000000000000000
0000100000011100000000000000000000000000000000000110000011110000000000000000000000
0000100000000111000000000000000000000000000000000110000000111100000000000000000000
0000100000000001110000000000000000000000000000000110000000000111000000000000000000
0000100000000000011100000000000000000000000000000110000000000001110000000000000000
0000100000000000000111000000000000000000000000000110000000000000111100000000000000
0000100000000000000001110000000000000000000000000110000000000000000111000000000000
0000100000000000000000011100000000000000000000000110000000000000000001110000000000
0000100000000000000000000111000000000000000000000110000000000000000000111100000000
0000100000000000000000000001110000000000000000000110000000000000000000000111000000
0000100000000000000000000000011100000000000000000110000000000000000000000001110000
0000100000000000000000000000011110000000000000000110000000000000000000000001110000
0000100000000000000000000001111000000000000000000110000000000000000000000111100000
0000100000000000000000000111100000000000000000000110000000000000000000011110000000
0000100000000000000000011110000000000000000000000110000000000000000001111000000000
0000100000000000000001111000000000000000000000000110000000000000000111100000000000
0000100000000000000111100000000000000000000000000110000000000000011110000000000000
0000100000000000011110000000000000000000000000000110000000000001111000000000000000
0000100000000001111000000000000000000000000000000110000000000111100000000000000000
0000100000000111100000000000000000000001100000000110000000011110000000000000000000
0000100000011110000000000000000000000001110000000110000001111000000000000000000000
0000100001111000000000000000000000000011110000000110000111100000000000000000000000
0001100111100000000000000000000000000011011000000110011110000000000000000000000000
0000111110000000000000000000000000000110001000000111111000000000000000000000000000
0001111000000000000000000000000000000110001100000111100000000000000000000000000000
0000100000000000000000000000000000001100000100000010000000000000000000000000000000
0000000000000000000000000000000000001100000110000000000000000000000000000000000000
0000000000000000000000000000000000011000000010000000000000000000000000000000000000
0000000000000000000000000000000000011000000011000000000000000000000000000000000000
0000000000000000000000000000000000110000000001000000000000000000000000000000000000
0000000000000000000000000000000000110000000001100000000000000000000000000000000000
0000000000000000000000000000000001100000000000100000000000000000000000000000000000
0000000000000000000000000000000001100000000000110000000000000000000000000000000000
0000000000000000000000000000000011000000000000010000000000000000000000000000000000
0000000000000000000000000000000011000000000000011000000000000000000000000000000000
0000000000000000000000000000000110000000000000001000000000000000000000000000000000
0000000000000000000000000000000110000000000000001100000000000000000000000000000000
0000000000000000000000000000001100000000000000000100000000000000000000000000000000
0000000000000000000000000000001100000000000000000110000000000000000000000000000000
0000000000000000000000000000011000000000000000000010000000000000000000000000000000
0000100000000000000000000000011000000000000000000011000000000000000000000000000000
0001111000000000000000000000110000000000000000000001000000000001100000000000000000
0000111110000000000000000000110000000000000000000001100000000011110000000000000000
0001100111100000000000000001100000000000000000000000100000000011110000000000000000
0000100001111000000000000001100000000000000000000000110000000110011000000000000000
0000100000011110000000000011000000000000000000000000110000000110011000000000000000
0000100000000111100000000011111111111111111111111111111000001100001100000000000000
0000100000000001111000000000111111111111111111111111100000001100001100000000000000
0000100000000000011110000000000000000000000000000000000000011000000110000000000000
0000100000000000000111100000000000000000000000000000000000011000000110000000000000
0000100000000000000001111000000000000000000000000000000000110000000011000000000000
0000100000000000000000011110000000000000000000000000000000110000000011000000000000
0000100000000000000000000111100000000000000000000000000001100000000001100000000000
0000100000000000000000000001111000000000000000000000000001100000000001100000000000
0000100000000000000000000000011100000000000000000000000011000000000000110000000000
0000100000000000000000000000011100000000000000000000000011000000000000110000000000
0000100000000000000000000001110000000000000000000000000110000000000000011000000000
0000100000000000000000000111000000000000000000000000000110000000000000011000000000
0000100000000000000000011100000000000000000000000000001100000000000000001100000000
0000100000000000000001110000000000000000000000000000001100000000000000001100000000
0000100000000000000111000000000000000000000000000000011000000000000000000110000000
0000100000000000011100000000000000000000000000000000011000000000000000000110000000
0000100000000001110000000000000000000000000000000000110000000000000000000011000000
0000100000000111000000000000000000000000000000000000110000000000000000000011000000
0000100000011100000000000000000000000000000000000001100000000000000000000001100000
0000100001110000000000000000000000000000000000000001100000000000000000000001100000
0001100111000000000000000000000000000000000000000011000000000000000000000000110000
0000111100000000000000000000000000000000000000000011000000000000000000000000110000
0000110000000000000000000000000000000000000000000011111111111111111111111111110000
0000000000000000000000000000000000000000000000000000000000000000000000000000000000
0000000000000000000000000000000000000000000000000000000000000000000000000000000000
0000000000000000000000000000000000000000000000000000000000000000000000000000000000
0000000000000000000000000000000000000000000000000000000000000000000000000000000000
0000000000000000000000000000000000000000000000000000000000000000000000000000000000

0000000000000000000000000000000000000000000000000000000000000000000000000000000000
0000000000000000000000000000000000000000000000000000000000000000000000000000000000
0000000000000000000000000000000000000000000000000000000000000000000000000000000000
0000000000000000000000000000000000000000000000000000000000000000000000000000000000
0000000000000000000000000000000000000000000000000000000000000000000000000000000000
0000110000000000000000000000000000000000000000000011000000000000000000000000000000
0000111100000000000000000000000000000000000000000011110000000000000000000000000000
0000100111000000000000000000000000000000000000000010011100000000000000000000000000
0000100001110000000000000000000000000000000000000010000111000000000000000000000000
0000100000011100000000000000000000000000000000000010000001110000000000000000000000
0000100000000111000000000000000000000000000000000010000000011100000000000000000000
0000100000000001110000000000000000000000000000000010000000000111000000000000000000
0000100000000000011100000000000000000000000000000010000000000001110000000000000000
0000100000000000000111000000000000000000000000000010000000000000011100000000000000
0000100000000000000001110000000000000000000000000010000000000000000111000000000000
0000100000000000000000011100000000000000000000000010000000000000000001110000000000
0000100000000000000000000111000000000000000000000010000000000000000000011100000000
0000100000000000000000000001110000000000000000000010000000000000000000000111000000
0000100000000000000000000000011100000000000000000010000000000000000000000001110000
0000100000000000000000000000011110000000000000000010000000000000000000000001110000
0000100000000000000000000001111000000000000000000010000000000000000000000111100000
0000100000000000000000000111100000000000000000000010000000000000000000011110000000
0000100000000000000000011110000000000000000000000010000000000000000001111000000000
0000100000000000000001111000000000000000000000000010000000000000000111100000000000
0000100000000000000111100000000000000000000000000010000000000000011110000000000000
0000100000000000011110000000000000000000000000000010000000000001111000000000000000
0000100000000001111000000000000000000000000000000010000000000111100000000000000000
0000100000000111100000000011100000000000000000000010000000011110000000000000000000
0000100000011110000000000011111000000000000000000010000001111000000000000000000000
0000100001111000000000000011011110000000000000000010000111100000000000000000000000
0000100111100000000000000011000111100000000000000010011110000000000000000000000000
0000111110000000000000000011000001111000000000000011111000000000000000000000000000
0000111000000000000000000011000000011110000000000011100000000000000000000000000000
0000100000000000000000000011000000000111100000000010000000000000000000000000000000
0000000000000000000000000011000000000001111000000000000000000000000000000000000000
0000000000000000000000000011000000000000011110000000000000000000000000000000000000
0000000000000000000000000011000000000000000111100000000000000000000000000000000000
0000000000000000000000000011000000000000000001111000000000000000000000000000000000
0000000000000000000000000011000000000000000000011110000000000000000000000000000000
0000000000000000000000000011000000000000000000000111100000000000000000000000000000
0000000000000000000000000011000000000000000000000001111000000000000000000000000000
0000000000000000000000000011000000000000000000000001111000000000000000000000000000
0000000000000000000000000011000000000000000000000111100000000000000000000000000000
0000000000000000000000000011000000000000000000011110000000000000000000000000000000
0000000000000000000000000011000000000000000001111000000000000000000000000000000000
0000000000000000000000000011000000000000000111100000000000000000000000000000000000
0000000000000000000000000011000000000000011110000000000000000000000000000000000000
0000000000000000000000000011000000000001111000000000000000000000000000000000000000
0000100000000000000000000011000000000111100000000010000000000000000000000000000000
0000111000000000000000000011000000011110000000000011100000000000000000000000000000
0000111110000000000000000011000001111000000000000011111000000000000000000000000000
0000100111100000000000000011000111100000000000000010011110000000000000000000000000
0000100001111000000000000011011110000000000000000010000111100000000000000000000000
0000100000011110000000000011111000000000000000000010000001111000000000000000000000
0000100000000111100000000011100000000000000000000010000000011110000000000000000000
0000100000000001111000000000000000000000000000000010000000000111100000000000000000
0000100000000000011110000000000000000000000000000010000000000001111000000000000000
0000100000000000000111100000000000000000000000000010000000000000011110000000000000
0000100000000000000001111000000000000000000000000010000000000000000111100000000000
0000100000000000000000011110000000000000000000000010000000000000000001111000000000
0000100000000000000000000111100000000000000000000010000000000000000000011110000000
0000100000000000000000000001111000000000000000000010000000000000000000000111100000
0000100000000000000000000000011110000000000000000010000000000000000000000001110000
0000100000000000000000000000011100000000000000000010000000000000000000000001110000
0000100000000000000000000001110000000000000000000010000000000000000000000111000000
0000100000000000000000000111000000000000000000000010000000000000000000011100000000
0000100000000000000000011100000000000000000000000010000000000000000001110000000000
0000100000000000000001110000000000000000000000000010000000000000000111000000000000
0000100000000000000111000000000000000000000000000010000000000000011100000000000000
0000100000000000011100000000000000000000000000000010000000000001110000000000000000
0000100000000001110000000000000000000000000000000010000000000111000000000000000000
0000100000000111000000000000000000000000000000000010000000011100000000000000000000
0000100000011100000000000000000000000000000000000010000001110000000000000000000000
0000100001110000000000000000000000000000000000000010000111000000000000000000000000
0000100111000000000000000000000000000000000000000010011100000000000000000000000000
0000111100000000000000000000000000000000000000000011110000000000000000000000000000
0000110000000000000000000000000000000000000000000011000000000000000000000000000000
0000000000000000000000000000000000000000000000000000000000000000000000000000000000
0000000000000000000000000000000000000000000000000000000000000000000000000000000000
0000000000000000000000000000000000000000000000000000000000000000000000000000000000
0000000000000000000000000000000000000000000000000000000000000000000000000000000000
0000000000000000000000000000000000000000000000000000000000000000000000000000000000

== SDRs ==
00001000100000000000100001000010
00010100001000100000100000000001
00000000000101000000000010010001
00000000000000000011011010000000
00000000001000001100001000000000
00010010000010000000001000000000
00001000000000000110000000000001
00000010010000000000000000001000
00000000100000000000110100100001
00001000010000001010000000000000
00010000000000100000110000000100
00000010000100110000000010000000
00001010001001000000011001000000
00000100000001000110011000001010
00001010000000100001001000010010
00001000000011000000000100000000
00100000100000000101000001000010
00000000010000000100000001000000
00100001101000000001000100000000
00000000000010000000000000000000
00000000000000100000000001000000
00010001100010000001001000100000
01001000000000000000000000000000
00000000001000000001000000000000
00000000000010000001000010000000
01101101000000000000100000000001
00010000010100001000000000000000
00000001000000011000000000000000
00100000000001000010001001100100
00100000001101011000001000000000
01100100000000000000000000000000
00010010000000001011000000000110

00001000010000000000000000000000
00110100100000000000100000100000
00000000000100010001000000010000
01011000000000000000000000000000
10000010000001000001010001000001
10000100010011010000100101000000
00001000010000000100001000001000
10000000010010100100000000100001
00000000000000000010100001010000
00000000010001000000000000000000
01100110010010000000010111000100
00000010000000010000000000001000
11000011000100010100000000000000
00100100000000000110000011110000
00010000000000001110100000110001
00100000000100000010000000000000
00000101000100010010000011000011
10000000000100000000000000000000
00000100001000001001100000110001
10000000000000000010000000100000
00000001000000100000100001000001
00001001000000000000000000000000
00001000100000011000000000000000
00001000010010000000000000010000
00000000000010000000000010000001
00001000100011000000000000001100
00001000010100000000011000000000
00000000000000000000000100010000
00000000010000000000010001000000
01000001001000000001001000000000
00000100000000001000000000000000
00000000000000000000000000100000

00001000000000000000100000000000
00010100110000100000100100000000
00000000000001000000011001000000
00000100000000000001000010010000
00001000001001000100001000000110
00110000001000000000001000000000
00001000000000010010000000000000
00000000000001000000000000101000
00000000101000000000010000100001
00001000010100001000000100001000
00000000000000000000000010000100
00010000100000000000000000000000
00000010001010001000001000000000
00000100000000100000001000001010
00001000100010100000000000010000
00001000001011000000000000000000
00000000100000000001000000000000
00000000001000001000000000000000
00100000101000000011000000001000
00000000000010000000000000000100
00000000001100000000001000000000
00000001000000000001001000000000
11000000000000000000000010010000
00101000000000000001000000000000
00000000000010000000000000000000
01101101000000000000000000000000
00000000000100000000001000100000
00000000000000000100000000000000
00000000000001010010010000000000
00100100001000001000001000000000
01100000000000000000000000000000
00000010000100000011000000000110

00001000000000000000000000000000
00000100100000000000100100000000
00000000000000010000011000110000
01011100000000000000000000010000
00000000000001000000011001000110
00100000000000000000100000000000
00000000010000010010001000000000
10000000000011010000000000100000
00000000001000000000100001000000
00000000010100000000000100001001
01000110010000000000010111000100
00010000100000000000000000100000
11000010000000010000001000000000
00100110001000100000001010000000
00000000101010001100000000000000
00101000000100000000000000000000
00000001000101000000000010000000
10000000001000001000000000000100
00000000101000000011000000011000
10000000000000100100000000100000
00000011000000000000001000000000
00001001000000000001000000010000
00000000000000000000001010000000
00101000000010000001000000000000
00000100000010000000000000010000
00001000100000001000000000000100
00000000000000000000001000100000
00000000000000000100000000010000
00000000000000000010010000000000
00000100001000001000001000000100
00000000000000000000000000000000
00001000001100000000000000000000

00100001000000000000100001000000
00010100011000000000100000100100
00000000000001001001100001010001
01010000000000000000000001000000
00000000100000000100001000000000
00000110000000000000000010000000
00000000000000001000000000000000
10001010010000010000000000100011
00000000100000000000100000000000
10010000000000000010000000000001
00000000000000000000000000000000
00010000000000000100000000000000
01100010000000001000001000000000
00000110000000100010000000000010
00010010000000000000000000010000
01001000000110000000010000000001
00000000100000000000000000000000
10000001000000000000000000000000
00001000101000000000000000000001
10000000000010000001000000000000
00000001001001000000001000000000
01000001000010000000000000100000
00000000000100000000000100000000
00100000110000001000000001000000
00000000000000000000000000000100
01101100000010000000100000000000
00001000010000001000000000110100
00000001000000000100000000000000
01000001010001000100010000000000
00000000000100001000000000000100
01000000000000000000001001000000
00000000010001000001000000000110

00010000000000000000000010000100
00000000000010000000000000000000
00001000101001100000000000000000
11000000101000000000000000000001
00000010001000000000000001000001
00000000000000000000100000000000
00000000010000000000000000000001
00001000000001100000100100000010
00000000000000000000000000100010
00000000000100000000010000000000
10000000100010001000011001000000
00000010010000000000000000010000
00000000000010001000011000000000
00000000000000010000000100000000
00100000000000000001000000100010
00000001000100000000000001001001
00000000100100100000000000000010
10000000000000000000000000000000
00100001000000100000000000001011
00000000000000000100000010000000
00000100000000000000000010000001
00000000000000000000000100000000
00100010000000001000000100000011
00000000000000011000000000001000
00000001000000000000000001000000
00000000000000000000000011000001
00000000110001000000100010000000
01010000000000010000001010000000
00000001000000000001000000000000
00100000000010000000010000110000
10000000000001000000010000100000
00000000000010000001000001001000

00010000000000000000000000000000
01010000000010000000000100000000
00000000101001100000001000100000
11000100000000000000000000000001
00000000000000000000000000000001
10100000000000000000100000000000
00000000110000010000000000000000
10000000000001010000000100000010
00000000100000000000000000000000
00001000001000000100000000000000
00000010000000001000000001000000
00011000010000000000000000001000
01100000100000000000001000000001
00000000000000100000001000001000
00100000000000000000000000100000
01100000000110000000010001001001
00000001100100100000000000000000
11000000000000000000000000000100
00100000101000000000010000000000
00000100000000000100000010100000
00000100000000000000100000010000
01001000000010000000000000000000
00000000000100000110000100000000
10100000010010001000000000000000
00000000000000000000000001000100
00100000100000000000011001000000
00101000100001000000100010000000
00000000000000010000001000000001
00000001000001000101000001100000
01100000000010001000000000000000
00000000000000001010000000000000
00100000000100010001000000000100

00100000010000000000000000000000
00010100000010000000100100000000
00000000000000010001001001110000
01011100000000000000000000010000
00000000000001000100001000000010
10100000000000000000100010000000
00000000010000010000001000000000
10000000000011010000000100100011
00000000001000000000100001000000
10010000000000000000000100000001
01000010010000000000000011000000
00010000100000000000000000101000
11000010100000000000000000000001
00100010001000100000001010000000
00110000000010001000000000000000
00100000000110000000010000001001
00000001000001000000000000000000
11000000001100000000000000000100
00000000101000000011010000101000
10000000000010100100000000100000
00000010001000000000001000010000
00001001000000000000000000000000
00000000000010000000000110000000
00101000010010001000000000000000
00000000000000000000000000010100
00000000100010001000111000000000
00101000000000010000001010000000
00000000000000000000000000010000
01000001000000000100010000000000
01000000000000001100001000000100
00000000000010010000001001000000
00001000000100000001000000000000

00100000010000010000000011000000
00000000001010000001100000000100
00000000000000010011000000010001
01100000000000000000000001000000
00000000100000000000010000000000
10000100010000000000000010000000
00000000010000000000000000001000
10001010010000100000000000000011
00000000001001000010000000000011
10010000000000000010000000000001
00000100000010000000000000000000
00000010010000000100000000001000
01100010000000000000001000000000
00000110000000100011000000010010
00110000000000001000001000100001
01000000000110000000010000001001
00000001000101010010000000000000
11000000000100000000000000000000
00000000101100000000111000000001
10000000001010000000000000000000
00000100000000000000000000010000
00001001000000000000000000000000
00000000000110000000000000000000
00100000010010001000000001000000
00000001000000000000000000000001
00000010001001000000100000000000
00101000001000010000011010010100
10000000000000000000001100010000
01010000010000000000000000000000
00000000000000001100010000000100
00000000000011000000001001000000
00000000010000000001000000000000

