== Attributes ==
title=2x1 Basic Problem 11
type= 2x1
result=4
window_size=(82, 82)

== Input ==
0000000000000000000000000000000000000000000000000000000000000000000000000000000000
0000000000000000000000000000000000000000000000000000000000000000000000000000000000
0000000000000000000000000000000000000000000000000000000000000000000000000000000000
0000000000000000000000000000000000000000000000000000000000000000000000000000000000
0000000000000000000000000000000000000000000000000000000000000000000000000000000000
0000000000000000000000000000000000000000000000000000000000000000000000000000000000
0000000000000000000000000000000000000000000000000000000000000000000000000000000000
0000000000000000000000000000000000000000000000000000000000000000000000000000000000
0000000111111111111111111111111111111111111111111111111111111111111111111100000000
0000000110000000000000000000000000000000000000000000000000000000000000000110000000
0000000110000000000000000000000000000000000000000000000000000000000000000110000000
0000000110000000000000000000000000000000000000000000000000000000000000000110000000
0000000110000000000000000000000000000000000000000000000000000000000000000110000000
0000000110000000000000000000000000000000000000000000000000000000000000000110000000
0000000110000000000000000000000000000000000000000000000000000000000000000110000000
0000000110000000000000000000000000000000000000000000000000000000000000000110000000
0000000110000000000000000000000000000000000000000000000000000000000000000110000000
0000000110000000000000000000000000000000000000000000000000000000000000000110000000
0000000110000000000000000000000000000000000000000000000000000000000000000110000000
0000000110000000000000000000000000000000000000000000000000000000000000000110000000
0000000110000000000000000000000000000000000000000000000000000000000000000110000000
0000000110000000000000000000000000000000000000000000000000000000000000000110000000
0000000110000000000000000000000000000000000000000000000000000000000000000110000000
0000000110000000000000000000000000000000000000000000000000000000000000000110000000
0000000110000000000000000000000000000000000000000000000000000000000000000110000000
0000000110000000000000000000000000000000000000000000000000000000000000000110000000
0000000110000000000000000000000000000000000000000000000000000000000000000110000000
0000000110000000000000000000000000000000000000000000000000000000000000000110000000
0000000110000000000000000000000000000000000000000000000000000000000000000110000000
0000000110000000000000000000000000000000000000000000000000000000000000000110000000
0000000110000000000000000000000000000000000000000000000000000000000000000110000000
0000000110000000000000000000000000000000000000000000000000000000000000000110000000
0000000110000000000000000000000000000000000000000000000000000000000000000110000000
0000000110000000000000000000000000000000000000000000000000000000000000000110000000
0000000110000000000000000000000000000000000000000000000000000000000000000110000000
0000000110000000000000000000000000000000000000000000000000000000000000000110000000
0000000110000000000000000000000000000000000000000000000000000000000000000110000000
0000000110000000000000000000000000000000000000000000000000000000000000000110000000
0000000110000000000000000000000000000000000000000000000000000000000000000110000000
0000000110000000000000000000000000000000000000000000000000000000000000000110000000
0000000110000000000000000000000000000000000000000000000000000000000000000110000000
0000000110000000000000000000000000000000000000000000000000000000000000000110000000
0000000110000000000000000000000000000000000000000000000000000000000000000110000000
0000000110000000000000000000000000000000000000000000000000000000000000000110000000
0000000110000000000000000000000000000000000000000000000000000000000000000110000000
0000000110000000000000000000000000000000000000000000000000000000000000000110000000
0000000110000000000000000000000000000000000000000000000000000000000000000110000000
0000000110000000000000000000000000000000000000000000000000000000000000000110000000
0000000110000000000000000000000000000000000000000000000000000000000000000110000000
0000000110000000000000000000000000000000000000000000000000000000000000000110000000
0000000110000000000000000000000000000000000000000000000000000000000000000110000000
0000000110000000000000000000000000000000000000000000000000000000000000000110000000
0000000110000000000000000000000000000000000000000000000000000000000000000110000000
0000000110000000000000000000000000000000000000000000000000000000000000000110000000
0000000110000000000000000000000000000000000000000000000000000000000000000110000000
0000000110000000000000000000000000000000000000000000000000000000000000000110000000
0000000110000000000000000000000000000000000000000000000000000000000000000110000000
0000000110000000000000000000000000000000000000000000000000000000000000000110000000
0000000110000000000000000000000000000000000000000000000000000000000000000110000000
0000000110000000000000000000000000000000000000000000000000000000000000000110000000
0000000110000000000000000000000000000000000000000000000000000000000000000110000000
0000000110000000000000000000000000000000000000000000000000000000000000000110000000
0000000110000000000000000000000000000000000000000000000000000000000000000110000000
0000000110000000000000000000000000000000000000000000000000000000000000000110000000
0000000110000000000000000000000000000000000000000000000000000000000000000110000000
0000000110000000000000000000000000000000000000000000000000000000000000000110000000
0000000110000000000000000000000000000000000000000000000000000000000000000110000000
0000000110000000000000000000000000000000000000000000000000000000000000000110000000
0000000110000000000000000000000000000000000000000000000000000000000000000110000000
0000000110000000000000000000000000000000000000000000000000000000000000000110000000
0000000110000000000000000000000000000000000000000000000000000000000000000110000000
0000000110000000000000000000000000000000000000000000000000000000000000000110000000
0000000110000000000000000000000000000000000000000000000000000000000000000100000000
0000000111111111111111111111111111111111111111111111111111111111111111111110000000
0000000111111111111111111111111111111111111111111111111111111111111111111100000000
0000000000000000000000000000000000000000000000000000000000000000000000000000000000
0000000000000000000000000000000000000000000000000000000000000000000000000000000000
0000000000000000000000000000000000000000000000000000000000000000000000000000000000
0000000000000000000000000000000000000000000000000000000000000000000000000000000000
0000000000000000000000000000000000000000000000000000000000000000000000000000000000
0000000000000000000000000000000000000000000000000000000000000000000000000000000000
0000000000000000000000000000000000000000000000000000000000000000000000000000000000

0000000000000000000000000000000000000000000000000000000000000000000000000000000000
0000000000000000000000000000000000000000000000000000000000000000000000000000000000
0000000000000000000000000000000000000000000000000000000000000000000000000000000000
0000000000000000000000000000000000000000000000000000000000000000000000000000000000
0000000000000000000000000000000000000000000000000000000000000000000000000000000000
0000000000000000000000000000000000000000000000000000000000000000000000000000000000
0000000000000000000000000000000000000000000000000000000000000000000000000000000000
0000000000000000000000000000000000000000000000000000000000000000000000000000000000
0000000111111111111111111111111111111111111111111111111111111111111111111110000000
0000000111111111111111111111111111111111100000000000000000000000000000000110000000
0000000111111111111111111111111111111111100000000000000000000000000000000110000000
0000000111111111111111111111111111111111100000000000000000000000000000000110000000
0000000111111111111111111111111111111111100000000000000000000000000000000110000000
0000000111111111111111111111111111111111100000000000000000000000000000000110000000
0000000111111111111111111111111111111111100000000000000000000000000000000110000000
0000000111111111111111111111111111111111100000000000000000000000000000000110000000
0000000111111111111111111111111111111111100000000000000000000000000000000110000000
0000000111111111111111111111111111111111100000000000000000000000000000000110000000
0000000111111111111111111111111111111111100000000000000000000000000000000110000000
0000000111111111111111111111111111111111100000000000000000000000000000000110000000
0000000111111111111111111111111111111111100000000000000000000000000000000110000000
0000000111111111111111111111111111111111100000000000000000000000000000000110000000
0000000111111111111111111111111111111111100000000000000000000000000000000110000000
0000000111111111111111111111111111111111100000000000000000000000000000000110000000
0000000111111111111111111111111111111111100000000000000000000000000000000110000000
0000000111111111111111111111111111111111100000000000000000000000000000000110000000
0000000111111111111111111111111111111111100000000000000000000000000000000110000000
0000000111111111111111111111111111111111100000000000000000000000000000000110000000
0000000111111111111111111111111111111111100000000000000000000000000000000110000000
0000000111111111111111111111111111111111100000000000000000000000000000000110000000
0000000111111111111111111111111111111111100000000000000000000000000000000110000000
0000000111111111111111111111111111111111100000000000000000000000000000000110000000
0000000111111111111111111111111111111111100000000000000000000000000000000110000000
0000000111111111111111111111111111111111100000000000000000000000000000000110000000
0000000111111111111111111111111111111111100000000000000000000000000000000110000000
0000000111111111111111111111111111111111100000000000000000000000000000000110000000
0000000111111111111111111111111111111111100000000000000000000000000000000110000000
0000000111111111111111111111111111111111100000000000000000000000000000000110000000
0000000111111111111111111111111111111111100000000000000000000000000000000110000000
0000000111111111111111111111111111111111100000000000000000000000000000000110000000
0000000111111111111111111111111111111111100000000000000000000000000000000110000000
0000000111111111111111111111111111111111100000000000000000000000000000000110000000
0000000111111111111111111111111111111111100000000000000000000000000000000110000000
0000000111111111111111111111111111111111100000000000000000000000000000000110000000
0000000111111111111111111111111111111111100000000000000000000000000000000110000000
0000000111111111111111111111111111111111100000000000000000000000000000000110000000
0000000111111111111111111111111111111111100000000000000000000000000000000110000000
0000000111111111111111111111111111111111100000000000000000000000000000000110000000
0000000111111111111111111111111111111111100000000000000000000000000000000110000000
0000000111111111111111111111111111111111100000000000000000000000000000000110000000
0000000111111111111111111111111111111111100000000000000000000000000000000110000000
0000000111111111111111111111111111111111100000000000000000000000000000000110000000
0000000111111111111111111111111111111111100000000000000000000000000000000110000000
0000000111111111111111111111111111111111100000000000000000000000000000000110000000
0000000111111111111111111111111111111111100000000000000000000000000000000110000000
0000000111111111111111111111111111111111100000000000000000000000000000000110000000
0000000111111111111111111111111111111111100000000000000000000000000000000110000000
0000000111111111111111111111111111111111100000000000000000000000000000000110000000
0000000111111111111111111111111111111111100000000000000000000000000000000110000000
0000000111111111111111111111111111111111100000000000000000000000000000000110000000
0000000111111111111111111111111111111111100000000000000000000000000000000110000000
0000000111111111111111111111111111111111100000000000000000000000000000000110000000
0000000111111111111111111111111111111111100000000000000000000000000000000110000000
0000000111111111111111111111111111111111100000000000000000000000000000000110000000
0000000111111111111111111111111111111111100000000000000000000000000000000110000000
0000000111111111111111111111111111111111100000000000000000000000000000000110000000
0000000111111111111111111111111111111111100000000000000000000000000000000110000000
0000000111111111111111111111111111111111100000000000000000000000000000000110000000
0000000111111111111111111111111111111111100000000000000000000000000000000110000000
0000000111111111111111111111111111111111100000000000000000000000000000000110000000
0000000111111111111111111111111111111111100000000000000000000000000000000110000000
0000000111111111111111111111111111111111100000000000000000000000000000000110000000
0000000111111111111111111111111111111111100000000000000000000000000000000110000000
0000000111111111111111111111111111111111111111111111111111111111111111111110000000
0000000111111111111111111111111111111111111111111111111111111111111111111110000000
0000000000000000000000000000000000000000000000000000000000000000000000000000000000
0000000000000000000000000000000000000000000000000000000000000000000000000000000000
0000000000000000000000000000000000000000000000000000000000000000000000000000000000
0000000000000000000000000000000000000000000000000000000000000000000000000000000000
0000000000000000000000000000000000000000000000000000000000000000000000000000000000
0000000000000000000000000000000000000000000000000000000000000000000000000000000000
0000000000000000000000000000000000000000000000000000000000000000000000000000000000

0000000000000000000000000000000000000000000000000000000000000000000000000000000000
0000000000000000000000000000000000000000000000000000000000000000000000000000000000
0000000000000000000000000000000000000000000000000000000000000000000000000000000000
0000000000000000000000000000000000000000000000000000000000000000000000000000000000
0000000000000000000000000000000000000000000000000000000000000000000000000000000000
0000000000000000000000000000000000000000000000000000000000000000000000000000000000
0000000000000000000000000000000000000000000000000000000000000000000000000000000000
0000000000000000000000000000000000000000000000000000000000000000000000000000000000
0000000111111111111111111111111111111111111111111111111111111111111111111110000000
0000000111111111111111111111111111111111111111111111111111111111111111111110000000
0000000111111111111111111111111111111111111111111111111111111111111111111110000000
0000000111111111111111111111111111111111111111111111111111111111111111111110000000
0000000111111111111111111111111111111111111111111111111111111111111111111110000000
0000000111111111111111111111111111111111111111111111111111111111111111111110000000
0000000111111111111111111111111111111111111111111111111111111111111111111110000000
0000000111111111111111111111111111111111111111111111111111111111111111111110000000
0000000111111111111111111111111111111111111111111111111111111111111111111110000000
0000000111111111111111111111111111111111111111111111111111111111111111111110000000
0000000111111111111111111111111111111111111111111111111111111111111111111110000000
0000000111111111111111111111111111111111111111111111111111111111111111111110000000
0000000111111111111111111111111111111111111111111111111111111111111111111110000000
0000000111111111111111111111111111111111111111111111111111111111111111111110000000
0000000111111111111111111111111111111111111111111111111111111111111111111110000000
0000000111111111111111111111111111111111111111111111111111111111111111111110000000
0000000111111111111111111111111111111111111111111111111111111111111111111110000000
0000000111111111111111111111111111111111111111111111111111111111111111111110000000
0000000111111111111111111111111111111111111111111111111111111111111111111110000000
0000000111111111111111111111111111111111111111111111111111111111111111111110000000
0000000111111111111111111111111111111111111111111111111111111111111111111110000000
0000000111111111111111111111111111111111111111111111111111111111111111111110000000
0000000111111111111111111111111111111111111111111111111111111111111111111110000000
0000000111111111111111111111111111111111111111111111111111111111111111111110000000
0000000111111111111111111111111111111111111111111111111111111111111111111110000000
0000000111111111111111111111111111111111111111111111111111111111111111111110000000
0000000111111111111111111111111111111111111111111111111111111111111111111110000000
0000000111111111111111111111111111111111111111111111111111111111111111111110000000
0000000111111111111111111111111111111111111111111111111111111111111111111110000000
0000000111111111111111111111111111111111111111111111111111111111111111111110000000
0000000111111111111111111111111111111111111111111111111111111111111111111110000000
0000000111111111111111111111111111111111111111111111111111111111111111111110000000
0000000111111111111111111111111111111111111111111111111111111111111111111110000000
0000000110000000000000000000000000000000000000000000000000000000000000000110000000
0000000110000000000000000000000000000000000000000000000000000000000000000110000000
0000000110000000000000000000000000000000000000000000000000000000000000000110000000
0000000110000000000000000000000000000000000000000000000000000000000000000110000000
0000000110000000000000000000000000000000000000000000000000000000000000000110000000
0000000110000000000000000000000000000000000000000000000000000000000000000110000000
0000000110000000000000000000000000000000000000000000000000000000000000000110000000
0000000110000000000000000000000000000000000000000000000000000000000000000110000000
0000000110000000000000000000000000000000000000000000000000000000000000000110000000
0000000110000000000000000000000000000000000000000000000000000000000000000110000000
0000000110000000000000000000000000000000000000000000000000000000000000000110000000
0000000110000000000000000000000000000000000000000000000000000000000000000110000000
0000000110000000000000000000000000000000000000000000000000000000000000000110000000
0000000110000000000000000000000000000000000000000000000000000000000000000110000000
0000000110000000000000000000000000000000000000000000000000000000000000000110000000
0000000110000000000000000000000000000000000000000000000000000000000000000110000000
0000000110000000000000000000000000000000000000000000000000000000000000000110000000
0000000110000000000000000000000000000000000000000000000000000000000000000110000000
0000000110000000000000000000000000000000000000000000000000000000000000000110000000
0000000110000000000000000000000000000000000000000000000000000000000000000110000000
0000000110000000000000000000000000000000000000000000000000000000000000000110000000
0000000110000000000000000000000000000000000000000000000000000000000000000110000000
0000000110000000000000000000000000000000000000000000000000000000000000000110000000
0000000110000000000000000000000000000000000000000000000000000000000000000110000000
0000000110000000000000000000000000000000000000000000000000000000000000000110000000
0000000110000000000000000000000000000000000000000000000000000000000000000110000000
0000000110000000000000000000000000000000000000000000000000000000000000000110000000
0000000110000000000000000000000000000000000000000000000000000000000000000110000000
0000000110000000000000000000000000000000000000000000000000000000000000000110000000
0000000110000000000000000000000000000000000000000000000000000000000000000110000000
0000000110000000000000000000000000000000000000000000000000000000000000000110000000
0000000110000000000000000000000000000000000000000000000000000000000000000110000000
0000000111111111111111111111111111111111111111111111111111111111111111111110000000
0000000111111111111111111111111111111111111111111111111111111111111111111110000000
0000000000000000000000000000000000000000000000000000000000000000000000000000000000
0000000000000000000000000000000000000000000000000000000000000000000000000000000000
0000000000000000000000000000000000000000000000000000000000000000000000000000000000
0000000000000000000000000000000000000000000000000000000000000000000000000000000000
0000000000000000000000000000000000000000000000000000000000000000000000000000000000
0000000000000000000000000000000000000000000000000000000000000000000000000000000000
0000000000000000000000000000000000000000000000000000000000000000000000000000000000

== Output ==
0000000000000000000000000000000000000000000000000000000000000000000000000000000000
0000000000000000000000000000000000000000000000000000000000000000000000000000000000
0000000000000000000000000000000000000000000000000000000000000000000000000000000000
0000000000000000000000000000000000000000000000000000000000000000000000000000000000
0000000000000000000000000000000000000000000000000000000000000000000000000000000000
0000000000000000000000000000000000000000000000000000000000000000000000000000000000
0000000000000000000000000000000000000000000000000000000000000000000000000000000000
0000000111111111111111111111111111111111111111111111111111111111111111111100000000
0000000111111111111111111111111111111111111111111111111111111111111111111110000000
0000000111111111111111111111111111111111000000000000000000000000000000000110000000
0000000111111111111111111111111111111111000000000000000000000000000000000110000000
0000000111111111111111111111111111111111000000000000000000000000000000000110000000
0000000111111111111111111111111111111111000000000000000000000000000000000110000000
0000000111111111111111111111111111111111000000000000000000000000000000000110000000
0000000111111111111111111111111111111111000000000000000000000000000000000110000000
0000000111111111111111111111111111111111000000000000000000000000000000000110000000
0000000111111111111111111111111111111111000000000000000000000000000000000110000000
0000000111111111111111111111111111111111000000000000000000000000000000000110000000
0000000111111111111111111111111111111111000000000000000000000000000000000110000000
0000000111111111111111111111111111111111000000000000000000000000000000000110000000
0000000111111111111111111111111111111111000000000000000000000000000000000110000000
0000000111111111111111111111111111111111000000000000000000000000000000000110000000
0000000111111111111111111111111111111111000000000000000000000000000000000110000000
0000000111111111111111111111111111111111000000000000000000000000000000000110000000
0000000111111111111111111111111111111111000000000000000000000000000000000110000000
0000000111111111111111111111111111111111000000000000000000000000000000000110000000
0000000111111111111111111111111111111111000000000000000000000000000000000110000000
0000000111111111111111111111111111111111000000000000000000000000000000000110000000
0000000111111111111111111111111111111111000000000000000000000000000000000110000000
0000000111111111111111111111111111111111000000000000000000000000000000000110000000
0000000111111111111111111111111111111111000000000000000000000000000000000110000000
0000000111111111111111111111111111111111000000000000000000000000000000000110000000
0000000111111111111111111111111111111111000000000000000000000000000000000110000000
0000000111111111111111111111111111111111000000000000000000000000000000000110000000
0000000111111111111111111111111111111111000000000000000000000000000000000110000000
0000000111111111111111111111111111111111000000000000000000000000000000000110000000
0000000111111111111111111111111111111111000000000000000000000000000000000110000000
0000000111111111111111111111111111111111000000000000000000000000000000000110000000
0000000111111111111111111111111111111111000000000000000000000000000000000110000000
0000000111111111111111111111111111111111000000000000000000000000000000000110000000
0000000111111111111111111111111111111111000000000000000000000000000000000110000000
0000000111111111111111111111111111111111000000000000000000000000000000000110000000
0000000111111111111111111111111111111111000000000000000000000000000000000110000000
0000000111111111111111111111111111111111000000000000000000000000000000000110000000
0000000111111111111111111111111111111111000000000000000000000000000000000110000000
0000000111111111111111111111111111111111000000000000000000000000000000000110000000
0000000111111111111111111111111111111111000000000000000000000000000000000110000000
0000000111111111111111111111111111111111000000000000000000000000000000000110000000
0000000111111111111111111111111111111111000000000000000000000000000000000110000000
0000000111111111111111111111111111111111000000000000000000000000000000000110000000
0000000111111111111111111111111111111111000000000000000000000000000000000110000000
0000000111111111111111111111111111111111000000000000000000000000000000000110000000
0000000111111111111111111111111111111111000000000000000000000000000000000110000000
0000000111111111111111111111111111111111000000000000000000000000000000000110000000
0000000111111111111111111111111111111111000000000000000000000000000000000110000000
0000000111111111111111111111111111111111000000000000000000000000000000000110000000
0000000111111111111111111111111111111111000000000000000000000000000000000110000000
0000000111111111111111111111111111111111000000000000000000000000000000000110000000
0000000111111111111111111111111111111111000000000000000000000000000000000110000000
0000000111111111111111111111111111111111000000000000000000000000000000000110000000
0000000111111111111111111111111111111111000000000000000000000000000000000110000000
0000000111111111111111111111111111111111000000000000000000000000000000000110000000
0000000111111111111111111111111111111111000000000000000000000000000000000110000000
0000000111111111111111111111111111111111000000000000000000000000000000000110000000
0000000111111111111111111111111111111111000000000000000000000000000000000110000000
0000000111111111111111111111111111111111000000000000000000000000000000000110000000
0000000111111111111111111111111111111111000000000000000000000000000000000110000000
0000000111111111111111111111111111111111000000000000000000000000000000000110000000
0000000111111111111111111111111111111111000000000000000000000000000000000110000000
0000000111111111111111111111111111111111000000000000000000000000000000000110000000
0000000111111111111111111111111111111111000000000000000000000000000000000110000000
0000000111111111111111111111111111111111000000000000000000000000000000000110000000
0000000111111111111111111111111111111111000000000000000000000000000000000110000000
0000000111111111111111111111111111111111111111111111111111111111111111111110000000
0000000111111111111111111111111111111111111111111111111111111111111111111100000000
0000000000000000000000000000000000000000000000000000000000000000000000000000000000
0000000000000000000000000000000000000000000000000000000000000000000000000000000000
0000000000000000000000000000000000000000000000000000000000000000000000000000000000
0000000000000000000000000000000000000000000000000000000000000000000000000000000000
0000000000000000000000000000000000000000000000000000000000000000000000000000000000
0000000000000000000000000000000000000000000000000000000000000000000000000000000000
0000000000000000000000000000000000000000000000000000000000000000000000000000000000

0000000000000000000000000000000000000000000000000000000000000000000000000000000000
0000000000000000000000000000000000000000000000000000000000000000000000000000000000
0000000000000000000000000000000000000000000000000000000000000000000000000000000000
0000000000000000000000000000000000000000000000000000000000000000000000000000000000
0000000000000000000000000000000000000000000000000000000000000000000000000000000000
0000000000000000000000000000000000000000000000000000000000000000000000000000000000
0000000000000000000000000000000000000000000000000000000000000000000000000000000000
0000000011111111111111111111111111111111111111111111111111111111111111111110000000
0000000011111111111111111111111111111111111111111111111111111111111111111110000000
0000000010000000000000000000000000000000111111111111111111111111111111111110000000
0000000010000000000000000000000000000000111111111111111111111111111111111110000000
0000000010000000000000000000000000000000111111111111111111111111111111111110000000
0000000010000000000000000000000000000000111111111111111111111111111111111110000000
0000000010000000000000000000000000000000111111111111111111111111111111111110000000
0000000010000000000000000000000000000000111111111111111111111111111111111110000000
0000000010000000000000000000000000000000111111111111111111111111111111111110000000
0000000010000000000000000000000000000000111111111111111111111111111111111110000000
0000000010000000000000000000000000000000111111111111111111111111111111111110000000
0000000010000000000000000000000000000000111111111111111111111111111111111110000000
0000000010000000000000000000000000000000111111111111111111111111111111111110000000
0000000010000000000000000000000000000000111111111111111111111111111111111110000000
0000000010000000000000000000000000000000111111111111111111111111111111111110000000
0000000010000000000000000000000000000000111111111111111111111111111111111110000000
0000000010000000000000000000000000000000111111111111111111111111111111111110000000
0000000010000000000000000000000000000000111111111111111111111111111111111110000000
0000000010000000000000000000000000000000111111111111111111111111111111111110000000
0000000010000000000000000000000000000000111111111111111111111111111111111110000000
0000000010000000000000000000000000000000111111111111111111111111111111111110000000
0000000010000000000000000000000000000000111111111111111111111111111111111110000000
0000000010000000000000000000000000000000111111111111111111111111111111111110000000
0000000010000000000000000000000000000000111111111111111111111111111111111110000000
0000000010000000000000000000000000000000111111111111111111111111111111111110000000
0000000010000000000000000000000000000000111111111111111111111111111111111110000000
0000000010000000000000000000000000000000111111111111111111111111111111111110000000
0000000010000000000000000000000000000000111111111111111111111111111111111110000000
0000000010000000000000000000000000000000111111111111111111111111111111111110000000
0000000010000000000000000000000000000000111111111111111111111111111111111110000000
0000000010000000000000000000000000000000111111111111111111111111111111111110000000
0000000010000000000000000000000000000000111111111111111111111111111111111110000000
0000000010000000000000000000000000000000111111111111111111111111111111111110000000
0000000010000000000000000000000000000000111111111111111111111111111111111110000000
0000000011111111111111111111111111111111111111111111111111111111111111111110000000
0000000011111111111111111111111111111111111111111111111111111111111111111110000000
0000000011111111111111111111111111111111111111111111111111111111111111111110000000
0000000011111111111111111111111111111111111111111111111111111111111111111110000000
0000000011111111111111111111111111111111111111111111111111111111111111111110000000
0000000011111111111111111111111111111111111111111111111111111111111111111110000000
0000000011111111111111111111111111111111111111111111111111111111111111111110000000
0000000011111111111111111111111111111111111111111111111111111111111111111110000000
0000000011111111111111111111111111111111111111111111111111111111111111111110000000
0000000011111111111111111111111111111111111111111111111111111111111111111110000000
0000000011111111111111111111111111111111111111111111111111111111111111111110000000
0000000011111111111111111111111111111111111111111111111111111111111111111110000000
0000000011111111111111111111111111111111111111111111111111111111111111111110000000
0000000011111111111111111111111111111111111111111111111111111111111111111110000000
0000000011111111111111111111111111111111111111111111111111111111111111111110000000
0000000011111111111111111111111111111111111111111111111111111111111111111110000000
0000000011111111111111111111111111111111111111111111111111111111111111111110000000
0000000011111111111111111111111111111111111111111111111111111111111111111110000000
0000000011111111111111111111111111111111111111111111111111111111111111111110000000
0000000011111111111111111111111111111111111111111111111111111111111111111110000000
0000000011111111111111111111111111111111111111111111111111111111111111111110000000
0000000011111111111111111111111111111111111111111111111111111111111111111110000000
0000000011111111111111111111111111111111111111111111111111111111111111111110000000
0000000011111111111111111111111111111111111111111111111111111111111111111110000000
0000000011111111111111111111111111111111111111111111111111111111111111111110000000
0000000011111111111111111111111111111111111111111111111111111111111111111110000000
0000000011111111111111111111111111111111111111111111111111111111111111111110000000
0000000011111111111111111111111111111111111111111111111111111111111111111110000000
0000000011111111111111111111111111111111111111111111111111111111111111111110000000
0000000011111111111111111111111111111111111111111111111111111111111111111110000000
0000000011111111111111111111111111111111111111111111111111111111111111111110000000
0000000011111111111111111111111111111111111111111111111111111111111111111110000000
0000000011111111111111111111111111111111111111111111111111111111111111111110000000
0000000011111111111111111111111111111111111111111111111111111111111111111110000000
0000000000000000000000000000000000000000000000000000000000000000000000000000000000
0000000000000000000000000000000000000000000000000000000000000000000000000000000000
0000000000000000000000000000000000000000000000000000000000000000000000000000000000
0000000000000000000000000000000000000000000000000000000000000000000000000000000000
0000000000000000000000000000000000000000000000000000000000000000000000000000000000
0000000000000000000000000000000000000000000000000000000000000000000000000000000000
0000000000000000000000000000000000000000000000000000000000000000000000000000000000

0000000000000000000000000000000000000000000000000000000000000000000000000000000000
0000000000000000000000000000000000000000000000000000000000000000000000000000000000
0000000000000000000000000000000000000000000000000000000000000000000000000000000000
0000000000000000000000000000000000000000000000000000000000000000000000000000000000
0000000000000000000000000000000000000000000000000000000000000000000000000000000000
0000000000000000000000000000000000000000000000000000000000000000000000000000000000
0000000000000000000000000000000000000000000000000000000000000000000000000000000000
0000000111111111111111111111111111111111111111111111111111111111111111111100000000
0000000111111111111111111111111111111111111111111111111111111111111111111110000000
0000000110000000000000000000000000000000000000000000000000000000000000000110000000
0000000110000000000000000000000000000000000000000000000000000000000000000110000000
0000000110000000000000000000000000000000000000000000000000000000000000000110000000
0000000110000000000000000000000000000000000000000000000000000000000000000110000000
0000000110000000000000000000000000000000000000000000000000000000000000000110000000
0000000110000000000000000000000000000000000000000000000000000000000000000110000000
0000000110000000000000000000000000000000000000000000000000000000000000000110000000
0000000110000000000000000000000000000000000000000000000000000000000000000110000000
0000000110000000000000000000000000000000000000000000000000000000000000000110000000
0000000110000000000000000000000000000000000000000000000000000000000000000110000000
0000000110000000000000000000000000000000000000000000000000000000000000000110000000
0000000110000000000000000000000000000000000000000000000000000000000000000110000000
0000000110000000000000000000000000000000000000000000000000000000000000000110000000
0000000110000000000000000000000000000000000000000000000000000000000000000110000000
0000000110000000000000000000000000000000000000000000000000000000000000000110000000
0000000110000000000000000000000000000000000000000000000000000000000000000110000000
0000000110000000000000000000000000000000000000000000000000000000000000000110000000
0000000110000000000000000000000000000000000000000000000000000000000000000110000000
0000000110000000000000000000000000000000000000000000000000000000000000000110000000
0000000110000000000000000000000000000000000000000000000000000000000000000110000000
0000000110000000000000000000000000000000000000000000000000000000000000000110000000
0000000110000000000000000000000000000000000000000000000000000000000000000110000000
0000000110000000000000000000000000000000000000000000000000000000000000000110000000
0000000110000000000000000000000000000000000000000000000000000000000000000110000000
0000000110000000000000000000000000000000000000000000000000000000000000000110000000
0000000110000000000000000000000000000000000000000000000000000000000000000110000000
0000000110000000000000000000000000000000000000000000000000000000000000000110000000
0000000110000000000000000000000000000000000000000000000000000000000000000110000000
0000000110000000000000000000000000000000000000000000000000000000000000000110000000
0000000110000000000000000000000000000000000000000000000000000000000000000110000000
0000000110000000000000000000000000000000000000000000000000000000000000000110000000
0000000110000000000000000000000000000000000000000000000000000000000000000110000000
0000000110000000000000000000000000000000000000000000000000000000000000000110000000
0000000110000000000000000000000000000000000000000000000000000000000000000110000000
0000000110000000000000000000000000000000000000000000000000000000000000000110000000
0000000110000000000000000000000000000000000000000000000000000000000000000110000000
0000000110000000000000000000000000000000000000000000000000000000000000000110000000
0000000110000000000000000000000000000000000000000000000000000000000000000110000000
0000000110000000000000000000000000000000000000000000000000000000000000000110000000
0000000110000000000000000000000000000000000000000000000000000000000000000110000000
0000000110000000000000000000000000000000000000000000000000000000000000000110000000
0000000110000000000000000000000000000000000000000000000000000000000000000110000000
0000000110000000000000000000000000000000000000000000000000000000000000000110000000
0000000110000000000000000000000000000000000000000000000000000000000000000110000000
0000000110000000000000000000000000000000000000000000000000000000000000000110000000
0000000110000000000000000000000000000000000000000000000000000000000000000110000000
0000000110000000000000000000000000000000000000000000000000000000000000000110000000
0000000110000000000000000000000000000000000000000000000000000000000000000110000000
0000000110000000000000000000000000000000000000000000000000000000000000000110000000
0000000110000000000000000000000000000000000000000000000000000000000000000110000000
0000000110000000000000000000000000000000000000000000000000000000000000000110000000
0000000110000000000000000000000000000000000000000000000000000000000000000110000000
0000000110000000000000000000000000000000000000000000000000000000000000000110000000
0000000110000000000000000000000000000000000000000000000000000000000000000110000000
0000000110000000000000000000000000000000000000000000000000000000000000000110000000
0000000110000000000000000000000000000000000000000000000000000000000000000110000000
0000000110000000000000000000000000000000000000000000000000000000000000000110000000
0000000110000000000000000000000000000000000000000000000000000000000000000110000000
0000000110000000000000000000000000000000000000000000000000000000000000000110000000
0000000110000000000000000000000000000000000000000000000000000000000000000110000000
0000000110000000000000000000000000000000000000000000000000000000000000000110000000
0000000110000000000000000000000000000000000000000000000000000000000000000110000000
0000000110000000000000000000000000000000000000000000000000000000000000000110000000
0000000110000000000000000000000000000000000000000000000000000000000000000110000000
0000000111111111111111111111111111111111111111111111111111111111111111111110000000
0000000111111111111111111111111111111111111111111111111111111111111111111100000000
0000000000000000000000000000000000000000000000000000000000000000000000000000000000
0000000000000000000000000000000000000000000000000000000000000000000000000000000000
0000000000000000000000000000000000000000000000000000000000000000000000000000000000
0000000000000000000000000000000000000000000000000000000000000000000000000000000000
0000000000000000000000000000000000000000000000000000000000000000000000000000000000
0000000000000000000000000000000000000000000000000000000000000000000000000000000000
0000000000000000000000000000000000000000000000000000000000000000000000000000000000

0000000000000000000000000000000000000000000000000000000000000000000000000000000000
0000000000000000000000000000000000000000000000000000000000000000000000000000000000
0000000000000000000000000000000000000000000000000000000000000000000000000000000000
0000000000000000000000000000000000000000000000000000000000000000000000000000000000
0000000000000000000000000000000000000000000000000000000000000000000000000000000000
0000000000000000000000000000000000000000000000000000000000000000000000000000000000
0000000000000000000000000000000000000000000000000000000000000000000000000000000000
0000000011111111111111111111111111111111111111111111111111111111111111111110000000
0000000011111111111111111111111111111111111111111111111111111111111111111110000000
0000000011111111111111111111111111111111111111111111111111111111111111111110000000
0000000011111111111111111111111111111111111111111111111111111111111111111110000000
0000000011111111111111111111111111111111111111111111111111111111111111111110000000
0000000011111111111111111111111111111111111111111111111111111111111111111110000000
0000000011111111111111111111111111111111111111111111111111111111111111111110000000
0000000011111111111111111111111111111111111111111111111111111111111111111110000000
0000000011111111111111111111111111111111111111111111111111111111111111111110000000
0000000011111111111111111111111111111111111111111111111111111111111111111110000000
0000000011111111111111111111111111111111111111111111111111111111111111111110000000
0000000011111111111111111111111111111111111111111111111111111111111111111110000000
0000000011111111111111111111111111111111111111111111111111111111111111111110000000
0000000011111111111111111111111111111111111111111111111111111111111111111110000000
0000000011111111111111111111111111111111111111111111111111111111111111111110000000
0000000011111111111111111111111111111111111111111111111111111111111111111110000000
0000000011111111111111111111111111111111111111111111111111111111111111111110000000
0000000011111111111111111111111111111111111111111111111111111111111111111110000000
0000000011111111111111111111111111111111111111111111111111111111111111111110000000
0000000011111111111111111111111111111111111111111111111111111111111111111110000000
0000000011111111111111111111111111111111111111111111111111111111111111111110000000
0000000011111111111111111111111111111111111111111111111111111111111111111110000000
0000000011111111111111111111111111111111111111111111111111111111111111111110000000
0000000011111111111111111111111111111111111111111111111111111111111111111110000000
0000000011111111111111111111111111111111111111111111111111111111111111111110000000
0000000011111111111111111111111111111111111111111111111111111111111111111110000000
0000000011111111111111111111111111111111111111111111111111111111111111111110000000
0000000011111111111111111111111111111111111111111111111111111111111111111110000000
0000000011111111111111111111111111111111111111111111111111111111111111111110000000
0000000011111111111111111111111111111111111111111111111111111111111111111110000000
0000000011111111111111111111111111111111111111111111111111111111111111111110000000
0000000011111111111111111111111111111111111111111111111111111111111111111110000000
0000000011111111111111111111111111111111111111111111111111111111111111111110000000
0000000011111111111111111111111111111111111111111111111111111111111111111110000000
0000000011111111111111111111111111111111110000000000000000000000000000000010000000
0000000011111111111111111111111111111111110000000000000000000000000000000010000000
0000000011111111111111111111111111111111110000000000000000000000000000000010000000
0000000011111111111111111111111111111111110000000000000000000000000000000010000000
0000000011111111111111111111111111111111110000000000000000000000000000000010000000
0000000011111111111111111111111111111111110000000000000000000000000000000010000000
0000000011111111111111111111111111111111110000000000000000000000000000000010000000
0000000011111111111111111111111111111111110000000000000000000000000000000010000000
0000000011111111111111111111111111111111110000000000000000000000000000000010000000
0000000011111111111111111111111111111111110000000000000000000000000000000010000000
0000000011111111111111111111111111111111110000000000000000000000000000000010000000
0000000011111111111111111111111111111111110000000000000000000000000000000010000000
0000000011111111111111111111111111111111110000000000000000000000000000000010000000
0000000011111111111111111111111111111111110000000000000000000000000000000010000000
0000000011111111111111111111111111111111110000000000000000000000000000000010000000
0000000011111111111111111111111111111111110000000000000000000000000000000010000000
0000000011111111111111111111111111111111110000000000000000000000000000000010000000
0000000011111111111111111111111111111111110000000000000000000000000000000010000000
0000000011111111111111111111111111111111110000000000000000000000000000000010000000
0000000011111111111111111111111111111111110000000000000000000000000000000010000000
0000000011111111111111111111111111111111110000000000000000000000000000000010000000
0000000011111111111111111111111111111111110000000000000000000000000000000010000000
0000000011111111111111111111111111111111110000000000000000000000000000000010000000
0000000011111111111111111111111111111111110000000000000000000000000000000010000000
0000000011111111111111111111111111111111110000000000000000000000000000000010000000
0000000011111111111111111111111111111111110000000000000000000000000000000010000000
0000000011111111111111111111111111111111110000000000000000000000000000000010000000
0000000011111111111111111111111111111111110000000000000000000000000000000010000000
0000000011111111111111111111111111111111110000000000000000000000000000000010000000
0000000011111111111111111111111111111111110000000000000000000000000000000010000000
0000000011111111111111111111111111111111110000000000000000000000000000000010000000
0000000011111111111111111111111111111111110000000000000000000000000000000010000000
0000000011111111111111111111111111111111111111111111111111111111111111111110000000
0000000011111111111111111111111111111111111111111111111111111111111111111110000000
0000000000000000000000000000000000000000000000000000000000000000000000000000000000
0000000000000000000000000000000000000000000000000000000000000000000000000000000000
0000000000000000000000000000000000000000000000000000000000000000000000000000000000
0000000000000000000000000000000000000000000000000000000000000000000000000000000000
0000000000000000000000000000000000000000000000000000000000000000000000000000000000
0000000000000000000000000000000000000000000000000000000000000000000000000000000000
0000000000000000000000000000000000000000000000000000000000000000000000000000000000

0000000000000000000000000000000000000000000000000000000000000000000000000000000000
0000000000000000000000000000000000000000000000000000000000000000000000000000000000
0000000000000000000000000000000000000000000000000000000000000000000000000000000000
0000000000000000000000000000000000000000000000000000000000000000000000000000000000
0000000000000000000000000000000000000000000000000000000000000000000000000000000000
0000000000000000000000000000000000000000000000000000000000000000000000000000000000
0000000000000000000000000000000000000000000000000000000000000000000000000000000000
0000000000000000000000000000000000000000000000000000000000000000000000000000000000
0000000011111111111111111111111111111111111111111111111111111111111111111100000000
0000000011111111111111111111111111111111111111111111111111111111111111111100000000
0000000011111111111111111111111111111111111111111111111111111111111111111100000000
0000000011111111111111111111111111111111111111111111111111111111111111111100000000
0000000011111111111111111111111111111111111111111111111111111111111111111100000000
0000000011111111111111111111111111111111111111111111111111111111111111111100000000
0000000011111111111111111111111111111111111111111111111111111111111111111100000000
0000000011111111111111111111111111111111111111111111111111111111111111111100000000
0000000011111111111111111111111111111111111111111111111111111111111111111100000000
0000000011111111111111111111111111111111111111111111111111111111111111111100000000
0000000011111111111111111111111111111111111111111111111111111111111111111100000000
0000000011111111111111111111111111111111111111111111111111111111111111111100000000
0000000011111111111111111111111111111111111111111111111111111111111111111100000000
0000000011111111111111111111111111111111111111111111111111111111111111111100000000
0000000011111111111111111111111111111111111111111111111111111111111111111100000000
0000000011111111111111111111111111111111111111111111111111111111111111111100000000
0000000011111111111111111111111111111111111111111111111111111111111111111100000000
0000000011111111111111111111111111111111111111111111111111111111111111111100000000
0000000011111111111111111111111111111111111111111111111111111111111111111100000000
0000000011111111111111111111111111111111111111111111111111111111111111111100000000
0000000011111111111111111111111111111111111111111111111111111111111111111100000000
0000000011111111111111111111111111111111111111111111111111111111111111111100000000
0000000011111111111111111111111111111111111111111111111111111111111111111100000000
0000000011111111111111111111111111111111111111111111111111111111111111111100000000
0000000011111111111111111111111111111111111111111111111111111111111111111100000000
0000000011111111111111111111111111111111111111111111111111111111111111111100000000
0000000011111111111111111111111111111111111111111111111111111111111111111100000000
0000000011111111111111111111111111111111111111111111111111111111111111111100000000
0000000011111111111111111111111111111111111111111111111111111111111111111100000000
0000000011111111111111111111111111111111111111111111111111111111111111111100000000
0000000011111111111111111111111111111111111111111111111111111111111111111100000000
0000000011111111111111111111111111111111111111111111111111111111111111111100000000
0000000011111111111111111111111111111111111111111111111111111111111111111100000000
0000000011111111111111111111111111111111111111111111111111111111111111111100000000
0000000011111111111111111111111111111111111111111111111111111111111111111100000000
0000000011111111111111111111111111111111111111111111111111111111111111111100000000
0000000011111111111111111111111111111111111111111111111111111111111111111100000000
0000000011111111111111111111111111111111111111111111111111111111111111111100000000
0000000011111111111111111111111111111111111111111111111111111111111111111100000000
0000000011111111111111111111111111111111111111111111111111111111111111111100000000
0000000011111111111111111111111111111111111111111111111111111111111111111100000000
0000000011111111111111111111111111111111111111111111111111111111111111111100000000
0000000011111111111111111111111111111111111111111111111111111111111111111100000000
0000000011111111111111111111111111111111111111111111111111111111111111111100000000
0000000011111111111111111111111111111111111111111111111111111111111111111100000000
0000000011111111111111111111111111111111111111111111111111111111111111111100000000
0000000011111111111111111111111111111111111111111111111111111111111111111100000000
0000000011111111111111111111111111111111111111111111111111111111111111111100000000
0000000011111111111111111111111111111111111111111111111111111111111111111100000000
0000000011111111111111111111111111111111111111111111111111111111111111111100000000
0000000011111111111111111111111111111111111111111111111111111111111111111100000000
0000000011111111111111111111111111111111111111111111111111111111111111111100000000
0000000011111111111111111111111111111111111111111111111111111111111111111100000000
0000000011111111111111111111111111111111111111111111111111111111111111111100000000
0000000011111111111111111111111111111111111111111111111111111111111111111100000000
0000000011111111111111111111111111111111111111111111111111111111111111111100000000
0000000011111111111111111111111111111111111111111111111111111111111111111100000000
0000000011111111111111111111111111111111111111111111111111111111111111111100000000
0000000011111111111111111111111111111111111111111111111111111111111111111100000000
0000000011111111111111111111111111111111111111111111111111111111111111111100000000
0000000011111111111111111111111111111111111111111111111111111111111111111100000000
0000000011111111111111111111111111111111111111111111111111111111111111111100000000
0000000011111111111111111111111111111111111111111111111111111111111111111100000000
0000000011111111111111111111111111111111111111111111111111111111111111111100000000
0000000011111111111111111111111111111111111111111111111111111111111111111100000000
0000000011111111111111111111111111111111111111111111111111111111111111111100000000
0000000000000000000000000000000000000000000000000000000000000000000000000000000000
0000000000000000000000000000000000000000000000000000000000000000000000000000000000
0000000000000000000000000000000000000000000000000000000000000000000000000000000000
0000000000000000000000000000000000000000000000000000000000000000000000000000000000
0000000000000000000000000000000000000000000000000000000000000000000000000000000000
0000000000000000000000000000000000000000000000000000000000000000000000000000000000
0000000000000000000000000000000000000000000000000000000000000000000000000000000000
0000000000000000000000000000000000000000000000000000000000000000000000000000000000

0000000000000000000000000000000000000000000000000000000000000000000000000000000000
0000000000000000000000000000000000000000000000000000000000000000000000000000000000
0000000000000000000000000000000000000000000000000000000000000000000000000000000000
0000000000000000000000000000000000000000000000000000000000000000000000000000000000
0000000000000000000000000000000000000000000000000000000000000000000000000000000000
0000000000000000000000000000000000000000000000000000000000000000000000000000000000
0000000000000000000000000000000000000000000000000000000000000000000000000000000000
0000000011111111111111111111111111111111111111111111111111111111111111111100000000
0000000111111111111111111111111111111111111111111111111111111111111111111110000000
0000000111111111111111111111111111111111100000000000000000000000000000000110000000
0000000111111111111111111111111111111111100000000000000000000000000000000110000000
0000000111111111111111111111111111111111100000000000000000000000000000000110000000
0000000111111111111111111111111111111111100000000000000000000000000000000110000000
0000000111111111111111111111111111111111100000000000000000000000000000000110000000
0000000111111111111111111111111111111111100000000000000000000000000000000110000000
0000000111111111111111111111111111111111100000000000000000000000000000000110000000
0000000111111111111111111111111111111111100000000000000000000000000000000110000000
0000000111111111111111111111111111111111100000000000000000000000000000000110000000
0000000111111111111111111111111111111111100000000000000000000000000000000110000000
0000000111111111111111111111111111111111100000000000000000000000000000000110000000
0000000111111111111111111111111111111111100000000000000000000000000000000110000000
0000000111111111111111111111111111111111100000000000000000000000000000000110000000
0000000111111111111111111111111111111111100000000000000000000000000000000110000000
0000000111111111111111111111111111111111100000000000000000000000000000000110000000
0000000111111111111111111111111111111111100000000000000000000000000000000110000000
0000000111111111111111111111111111111111100000000000000000000000000000000110000000
0000000111111111111111111111111111111111100000000000000000000000000000000110000000
0000000111111111111111111111111111111111100000000000000000000000000000000110000000
0000000111111111111111111111111111111111100000000000000000000000000000000110000000
0000000111111111111111111111111111111111100000000000000000000000000000000110000000
0000000111111111111111111111111111111111100000000000000000000000000000000110000000
0000000111111111111111111111111111111111100000000000000000000000000000000110000000
0000000111111111111111111111111111111111100000000000000000000000000000000110000000
0000000111111111111111111111111111111111100000000000000000000000000000000110000000
0000000111111111111111111111111111111111100000000000000000000000000000000110000000
0000000111111111111111111111111111111111100000000000000000000000000000000110000000
0000000111111111111111111111111111111111100000000000000000000000000000000110000000
0000000111111111111111111111111111111111100000000000000000000000000000000110000000
0000000111111111111111111111111111111111100000000000000000000000000000000110000000
0000000111111111111111111111111111111111100000000000000000000000000000000110000000
0000000111111111111111111111111111111111100000000000000000000000000000000110000000
0000000111111111111111111111111111111111111111111111111111111111111111111110000000
0000000111111111111111111111111111111111111111111111111111111111111111111110000000
0000000111111111111111111111111111111111111111111111111111111111111111111110000000
0000000111111111111111111111111111111111111111111111111111111111111111111110000000
0000000111111111111111111111111111111111111111111111111111111111111111111110000000
0000000111111111111111111111111111111111111111111111111111111111111111111110000000
0000000111111111111111111111111111111111111111111111111111111111111111111110000000
0000000111111111111111111111111111111111111111111111111111111111111111111110000000
0000000111111111111111111111111111111111111111111111111111111111111111111110000000
0000000111111111111111111111111111111111111111111111111111111111111111111110000000
0000000111111111111111111111111111111111111111111111111111111111111111111110000000
0000000111111111111111111111111111111111111111111111111111111111111111111110000000
0000000111111111111111111111111111111111111111111111111111111111111111111110000000
0000000111111111111111111111111111111111111111111111111111111111111111111110000000
0000000111111111111111111111111111111111111111111111111111111111111111111110000000
0000000111111111111111111111111111111111111111111111111111111111111111111110000000
0000000111111111111111111111111111111111111111111111111111111111111111111110000000
0000000111111111111111111111111111111111111111111111111111111111111111111110000000
0000000111111111111111111111111111111111111111111111111111111111111111111110000000
0000000111111111111111111111111111111111111111111111111111111111111111111110000000
0000000111111111111111111111111111111111111111111111111111111111111111111110000000
0000000111111111111111111111111111111111111111111111111111111111111111111110000000
0000000111111111111111111111111111111111111111111111111111111111111111111110000000
0000000111111111111111111111111111111111111111111111111111111111111111111110000000
0000000111111111111111111111111111111111111111111111111111111111111111111110000000
0000000111111111111111111111111111111111111111111111111111111111111111111110000000
0000000111111111111111111111111111111111111111111111111111111111111111111110000000
0000000111111111111111111111111111111111111111111111111111111111111111111110000000
0000000111111111111111111111111111111111111111111111111111111111111111111110000000
0000000111111111111111111111111111111111111111111111111111111111111111111110000000
0000000111111111111111111111111111111111111111111111111111111111111111111110000000
0000000111111111111111111111111111111111111111111111111111111111111111111110000000
0000000111111111111111111111111111111111111111111111111111111111111111111110000000
0000000011111111111111111111111111111111111111111111111111111111111111111110000000
0000000000000000000000000000000000000000000000000000000000000000000000000000000000
0000000000000000000000000000000000000000000000000000000000000000000000000000000000
0000000000000000000000000000000000000000000000000000000000000000000000000000000000
0000000000000000000000000000000000000000000000000000000000000000000000000000000000
0000000000000000000000000000000000000000000000000000000000000000000000000000000000
0000000000000000000000000000000000000000000000000000000000000000000000000000000000
0000000000000000000000000000000000000000000000000000000000000000000000000000000000

== SDRs ==
10001000001100001100000010000010
00100000000001000000000001100100
00000000001110000000000000011010
10000000000010000000010000000000
00000000010000000100010001010000
00100000000000000000010101001010
00010000001000010100100000000000
00011000000000110010100000000000
10010101000000100000010000101000
00000000111001001110000000000000
01011011110010101001100000010001
10001000000000100001000000000010
01000000000001000000000000010000
01100000000001001011100000000010
01001000000000101101000000000000
00000000010000100000000000100000
10001100100100000100000001100000
01000001000000000100000000010000
00000000011100001010011000001000
00100000000000000010000000010000
00000010000001100010001000000001
00001000100010000000010010100000
00001000001001101000000000110000
01100000010010000011000001001000
00000000100000110100000000000001
01001000001100000100001000000100
10000000000000010000101000000000
01000000000101010000000100000000
10100000000100000000100110100000
01101000001000000000001001000000
01010000100010000000110000100101
00000010000001000100000010100010

10000000010000000000100000000110
00000001110000000000000010000100
00000000001000000000000000000000
01001100000000000000000000000001
00000000000000100000000001000010
00000000000010000000000001001001
00001000000000010000000000000000
10000000000010010000000000110000
10100001001000000000010000000100
00000000000000001000010000000000
00000000010011100000100000000000
00010000000000000000000000010000
01000010000000001000101000100000
01000000000000000001000000000110
00000000100100101000001000100000
01001000010000000000000000100000
00000000100000000110000100000010
01000011000000001000000000000000
00000010110100001001001000000100
10100000000000000000000000000001
00000110000100000000001000010000
10001000001000000001000000000000
11010000001000001000010010100000
01000000100010000001000001000100
10000000011000000000000001100001
11000000001101000100000000000000
00000000000000010000000000010000
00010000100000010000001000000000
00000000000000000100000000000100
00000000000001001000000001110000
01100000100000000001000001000000
00000000000000000010000000000000

00000000000000000000000000001100
00010001110000000000100000000100
00000000000000000000000010010000
00001000000000000000000000000000
00000000001001100000000001000010
10000000000010000000100001100000
00001000000000000100000000000000
00001000000000000000100000000000
10000000000000000000010000000001
00000000000100001000000000000000
01010010010000100000100000000000
00000010100000000000000000000000
01000010100000010000000000100000
00000000000000000001000010000010
00010010000000001000101000000010
00000000000100100000000000100101
10000000100000000110000000100010
01000011000000001110000000010000
00000001000000001001001000000000
00100010000000000000000000000000
00000000000000000000000010000001
00001000000000000000000000000000
01101000000000001000000000100000
00000000000000000001000001000000
00000000010000010000000001000000
01000100100000000000100000000001
00000000100100010000000000000000
00000000100000010001000000000000
00000000000000010000000000000000
00000000000000000001001000000000
01000000100000100000000000000000
00000000000000000000000010000000

10000000010000000000100010000010
00000001110000000000000000000100
00000000001000000000000000000000
01001100000000000000000000000001
00000000000000100000000001000010
00000000000010000000000001001001
00001000000000010000000000000000
10000000000010010000000000110000
10100001001000000000010000000101
00000000010000001000000000000000
00000000010011101000100000000000
00010000000000000000000000010000
01000010000000001000101000100000
00000000000000000000000000000110
00000000100100101000001000100000
01001000010000000000000000000000
00000000100000000110000100000010
01000011000000001000000000000000
00000010010100001000001000000100
10100000000000000000000000000001
00000000000100000000001000010000
10001000001000000001000000000000
11010000001000001000010010100000
01000000100010000001000001000100
10000000001000000000000001100001
11000000001101000100000000000000
00000000000010010000000000010000
00010000000100010000000000000000
00000000000000000100000000000100
00100000000000001000000001110000
01100000100000000001000001000000
00000000000000000010000000000000

10000000000100000000100000000100
00000000000110000000100000000100
00000000000000000000000000000000
11001100000000000001000000010000
00000000000001000000001001000010
00000000100000000000000010000000
00000000000000110000000000000000
10000000000000010000000000100000
10000000001001000000010000000100
10000001000100001000010000000000
10001000000010000000000000000000
10000000100000000000000000000000
00000000000000000000000000000001
00000000000000000001000000000000
00000000001000001000100000000000
00000000000100000001000000001100
00000000100001000000000000000000
00000000000000000100000000000000
00000000001000000010000001000100
10000000000000000000000000000001
00000100000000000000000000010000
00000000001000000000000000000000
00000000000000000000010000000000
01100000000010000001100000000100
10000000000100100000000000100001
00000100000000000100100000000001
00000000001000010000000010000000
00000000000000000000001000000000
00000000000000010000000000000000
00000000000001000000001001010000
00100000000010100000001001000000
00000000000000000000000001000000

10001000000100001100000010000010
00100000000001000000000001100100
00000000001010010000000000011010
10000000000000000000000000000000
00000010000000000100010001000001
00000000000000000000000100011010
00000000001000010100100000000000
00011000000000010010100000010000
10010001000000000000010000101000
00000000110001001110000100000000
01011011110010001001100000010001
10000010000000100000000000000010
01000000000000000000000000010000
01100000000000001011100000000000
00000000100000101111000000000000
10000000010000100000000000001000
10001000100100000100000001000000
11000001000000000100000000010000
00000000011100001010011000001000
00100000000000000010000000010000
00000010000001100000001000010001
00001000101010001000000000000001
10000000001001101000000000110000
01000000010010000001000001011000
00000000100000110010000000110001
01001000001100000100001000000100
10000000000000010000101000100000
00000000001100010000000000000000
10100000000100000000000010100000
01101000001000000000000001010000
01000000000110000000100000100101
00000010000001000000000010100010

10000000000000000000100000000100
00000001110110000000100000000100
00000000001000000000000000000000
01001100000000000000000000000001
00000000001000100000001001000010
00000000000010000000000001100000
00001000000000110000000000000000
10000000000010000000000000100000
10100000001000000000010000000101
00000000000000001000000000000000
00000010010010100000100000000000
00010010100000000000000000000000
00000010000000000000101000100000
00000000000000000001000010000010
00000010000000101000101000000000
00000000000100000000000000000100
00000000000000000110000000000010
01000011000000001000000000000000
00000000000100000001001000000000
10100000000000000000000000000000
00000000000000000000000010010000
00000000001000000000000000000000
01010000000000001000010000000000
01000000000010000001000001000100
10000000010000000000000001100000
01000100000000000100000000000001
00000000000000010000000000010000
00000000100000010001001000000000
00000000000000010000000000000000
00000000000001000000001001100000
00100000000000100000000000000000
00000000000000000000000000000000

00000000000000010000100000001100
00000001100010000000100000000100
00010000000000000000000000000000
01001100000000000000000000010001
00000000000001000000001001000010
00000000000010000000000001000000
00001000000000110000000000000000
10000000000000000000000000000000
00100000001000000000010000000001
00000001000000001000010000000000
10001000000010000000000000000000
00000010000000000000000000000000
00000010000000000000000000000000
00000000000000000001000010000010
00010000001000000000101000000000
00001000001000000001000000000100
10000000100001000010000000000010
01000000000000001000000000000000
00000001000100000001001000000100
10000000000000000000000000000001
00000100000100001000000010000000
00000000000000000000000000000000
00000000000000000000010000000000
00100000000000000001100000000100
10000000010000000000000001100000
00000001100000000000000000000001
00000000101000010000000010010000
00010000000000000000001000000000
00000000000000010000000000001000
00000000000001000000001001100000
00100000000010100000000000000000
00000000000000000000000000000100

10000000010100010000100010001000
00000000000000000000000000000100
00000000001000000000000000000000
11001100100000000000000000010001
00000000000000000000000001000010
00000000100010000000000001001000
00001000000000010000000000000000
10000000000000010000000000000000
00100000000001000000010000000001
00000000000000001000010000000000
10001000010011101000000000000000
00000000000000000000000000000000
01000000000000001000001000000000
00000000000000000000000000000110
00010000100100100000001000100000
00001000000000000001000000000000
10000000100000000100000100000000
00000001000000001000000000000000
00000000010100001000001001000100
10000000000000000000000000000001
00000100000100001000000000010000
00000000001000000001000000000000
10000000000000000000010000100000
01100000100000000001000000000000
10000000000000000000000001100000
01000001001001000000000000000000
00000000000000010000000010010000
00010000000000000000000000000000
00000000000000000100000000001100
00000000000001001000000001110000
01000000000010000001000001000000
00000000000000000000000000000100

