== Attributes ==
title=2x1 Basic Problem 08
type= 2x1
result=1
window_size=(82, 82)

== Input ==
0000000000000000000000000000000000000000000000000000000000000000000000000000000000
0000000000000000000000000000000000000000000000000000000000000000000000000000000000
0000000000000000000000000000000000000000000000000000000000000000000000000000000000
0000000000000000000000000000000000000000000000000000000000000000000000000000000000
0000000000000000000000000000000000000000000000000000000000000000000000000000000000
0000000000000000000000000000000000000000000000000000000000000000000000000000000000
0000000000000000000000000000000000000000000000000000000000000000000000000000000000
0000000000000000000000000000000000000000000000000000000000000000000000000000000000
0000000000000000000000000000000000000000000000000000000000000000000000000000000000
0000000000000000000000000000000000000000000000000000000000000000000000000000000000
0000000000000000000000000000000000000000000000000000000000000000000000000000000000
0000000000000000000000000000000000000000000000000000000000000000000000000000000000
0000000000000000000000000000000000000000000000000000000000000000000000000000000000
0000000000000000000000000000000000011111111111000000000000000000000000000000000000
0000000000000000000000000000000011111111111111111100000000000000000000000000000000
0000000000000000000000000000011111000000000000001111000000000000000000000000000000
0000000000000000000000000001111000000000000000000001110000000000000000000000000000
0000000000000000000000000111100000000000000000000000011100000000000000000000000000
0000000000000000000000001110000000000000000000000000000110000000000000000000000000
0000000000000000000000011000000000000000000000000000000011100000000000000000000000
0000000000000000000000110000000000000000000000000000000001110000000000000000000000
0000000000000000000011100000000000000000000000000000000000011000000000000000000000
0000000000000000000011000000000000000000000000000000000000001100000000000000000000
0000000000000000000110000000000000000000000000000000000000000110000000000000000000
0000000000000000001100000000000000000000000000000000000000000110000000000000000000
0000000000000000011000000000000000000000000000000000000000000011000000000000000000
0000000000000000010000000000000000000000000000000000000000000001100000000000000000
0000000000000000110000000000000000001111111110000000000000000000100000000000000000
0000000000000001100000000000000000111110000111110000000000000000110000000000000000
0000000000000001100000000000000011100000000000111000000000000000010000000000000000
0000000000000001000000000000000111000000000000001100000000000000011000000000000000
0000000000000011000000000000001100000000000000000110000000000000011000000000000000
0000000000000010000000000000011000000000000000000011000000000000001100000000000000
0000000000000110000000000000110000000000000000000001100000000000001100000000000000
0000000000000110000000000000110000000000000000000000110000000000001100000000000000
0000000000000110000000000001100000000011111000000000110000000000000100000000000000
0000000000000100000000000001100000000111111110000000011000000000000110000000000000
0000000000000100000000000001000000001100000111000000011000000000000110000000000000
0000000000000100000000000011000000011000000001000000011000000000000110000000000000
0000000000001100000000000011000000010000000001100000001000000000000110000000000000
0000000000001100000000000011000000110000000001100000001000000000000110000000000000
0000000000001100000000000011000000110000000001100000001000000000000110000000000000
0000000000001100000000000011000000010000000001100000001000000000000110000000000000
0000000000001100000000000011000000011000000001100000001000000000000110000000000000
0000000000000100000000000001000000011000000011000000011000000000000110000000000000
0000000000000100000000000001000000001110000111000000011000000000000110000000000000
0000000000000110000000000001100000000111111100000000010000000000000100000000000000
0000000000000110000000000000100000000001110000000000110000000000000100000000000000
0000000000000110000000000000110000000000000000000000100000000000001100000000000000
0000000000000010000000000000011000000000000000000001100000000000001100000000000000
0000000000000011000000000000011100000000000000000011000000000000001000000000000000
0000000000000011000000000000001110000000000000000110000000000000011000000000000000
0000000000000001000000000000000111000000000000011100000000000000011000000000000000
0000000000000001100000000000000001110000000001111000000000000000110000000000000000
0000000000000000110000000000000000011111111111100000000000000000110000000000000000
0000000000000000110000000000000000000111111100000000000000000001100000000000000000
0000000000000000011000000000000000000000000000000000000000000001000000000000000000
0000000000000000001100000000000000000000000000000000000000000011000000000000000000
0000000000000000001100000000000000000000000000000000000000000110000000000000000000
0000000000000000000110000000000000000000000000000000000000001100000000000000000000
0000000000000000000011000000000000000000000000000000000000011000000000000000000000
0000000000000000000001100000000000000000000000000000000000110000000000000000000000
0000000000000000000000111000000000000000000000000000000001100000000000000000000000
0000000000000000000000011100000000000000000000000000000111000000000000000000000000
0000000000000000000000000111000000000000000000000000001110000000000000000000000000
0000000000000000000000000011110000000000000000000000111000000000000000000000000000
0000000000000000000000000000111100000000000000000111100000000000000000000000000000
0000000000000000000000000000001111110000000001111110000000000000000000000000000000
0000000000000000000000000000000001111111111111110000000000000000000000000000000000
0000000000000000000000000000000000000001110000000000000000000000000000000000000000
0000000000000000000000000000000000000000000000000000000000000000000000000000000000
0000000000000000000000000000000000000000000000000000000000000000000000000000000000
0000000000000000000000000000000000000000000000000000000000000000000000000000000000
0000000000000000000000000000000000000000000000000000000000000000000000000000000000
0000000000000000000000000000000000000000000000000000000000000000000000000000000000
0000000000000000000000000000000000000000000000000000000000000000000000000000000000
0000000000000000000000000000000000000000000000000000000000000000000000000000000000
0000000000000000000000000000000000000000000000000000000000000000000000000000000000
0000000000000000000000000000000000000000000000000000000000000000000000000000000000
0000000000000000000000000000000000000000000000000000000000000000000000000000000000
0000000000000000000000000000000000000000000000000000000000000000000000000000000000
0000000000000000000000000000000000000000000000000000000000000000000000000000000000

0000000000000000000000000000000000000000000000000000000000000000000000000000000000
0000000000000000000000000000000000000000000000000000000000000000000000000000000000
0000000000000001110000000000000000000000000000000000000000000000000000000000000000
0000000000011111111111000000000000000000000000000000000000000000000000000000000000
0000000001111000000011110000000000000000000000000000000000000000000000000000000000
0000000011100000000000011100000000000000000000000000000000000000000000000000000000
0000000110000000000000001110000000000000000000000000000000000000000000000000000000
0000001100000000000000000011000000000000000000000001111000000000000000000000000000
0000011000000000000000000001100000000000000000000111111110000000000000000000000000
0000110000000000000000000001100000000000000000001100000011000000000000000000000000
0000110000000000000000000000110000000000000000011000000001100000000000000000000000
0001100000000000000000000000110000000000000000011000000001100000000000000000000000
0001100000000000000000000000011000000000000000010000000000100000000000000000000000
0001000000000000000000000000011000000000000000010000000000100000000000000000000000
0001000000000000000000000000011000000000000000011000000001100000000000000000000000
0011000000000000000000000000001000000000000000011000000001100000000000000000000000
0011000000000000000000000000001000000000000000001100000011000000000000000000000000
0011000000000000000000000000001000000000000000001110000111000000000000000000000000
0011000000000000000000000000001000000000000000000111111100000000000000000000000000
0001000000000000000000000000011000000000000000000000110000000000000000000000000000
0001000000000000000000000000011000000000000000000000000000000000000000000000000000
0001100000000000000000000000011000000000000111111111111000000000000000000000000000
0000100000000000000000000000110000000000111111110011111111000000000000000000000000
0000110000000000000000000000110000000111110000000000000011111000000000000000000000
0000110000000000000000000001100000011110000000000000000000011110000000000000000000
0000011000000000000000000001100000111000000000000000000000000111100000000000000000
0000001100000000000000000011000011100000000000000000000000000001110000000000000000
0000000110000000000000001110000110000000000000000000000000000000011000000000000000
0000000011100000000000011100001100000000000000000000000000000000001100000000000000
0000000001111000000011110000011000000000000000000000000000000000000110000000000000
0000000000011111111111000000110000000000000000000000000000000000000011000000000000
0000000000000001110000000001100000000000000000000000000000000000000001100000000000
0000000000000000000000000011000000000000000000000000000000000000000000110000000000
0000000000000000000000000010000000000000000000000000000000000000000000011000000000
0000000000000000000000000110000000000000000000000000000000000000000000011000000000
0000000000000000000000001100000000000000000000000000000000000000000000001100000000
0000000000000000000000001100000000000000000000000000000000000000000000000100000000
0000000000000000000000011000000000000000000000000000000000000000000000000110000000
0000000000000000000000011000000000000000000000000000000000000000000000000010000000
0000000000000000000000110000000000000000000000000000000000000000000000000011000000
0000000000000000000000110000000000000000000000000000000000000000000000000011000000
0000000000000000000000100000000000000000000000000000000000000000000000000001000000
0000000000000000000000100000000000000000000000000000000000000000000000000001100000
0000000000000000000001100000000000000000000000000000000000000000000000000001100000
0000000000000000000001100000000000000000000000000000000000000000000000000001100000
0000000000000000000001100000000000000000000000000000000000000000000000000001100000
0000000000000000000001100000000000000000000000000000000000000000000000000000100000
0000000000000000000001000000000000000000000000000000000000000000000000000000100000
0000000000000000000001000000000000000000000000000000000000000000000000000000100000
0000000000000000000001000000000000000000000000000000000000000000000000000000100000
0000000000000000000001000000000000000000000000000000000000000000000000000000100000
0000000000000000000001000000000000000000000000000000000000000000000000000000100000
0000000000000000000001100000000000000000000000000000000000000000000000000000100000
0000000000000000000001100000000000000000000000000000000000000000000000000001100000
0000000000000000000001100000000000000000000000000000000000000000000000000001100000
0000000000000000000000100000000000000000000000000000000000000000000000000001100000
0000000000000000000000100000000000000000000000000000000000000000000000000001000000
0000000000000000000000110000000000000000000000000000000000000000000000000011000000
0000000000000000000000110000000000000000000000000000000000000000000000000011000000
0000000000000000000000010000000000000000000000000000000000000000000000000010000000
0000000000000000000000011000000000000000000000000000000000000000000000000110000000
0000000000000000000000001000000000000000000000000000000000000000000000000100000000
0000000000000000000000001100000000000000000000000000000000000000000000001100000000
0000000000000000000000000110000000000000000000000000000000000000000000001000000000
0000000000000000000000000110000000000000000000000000000000000000000000011000000000
0000000000000000000000000011000000000000000000000000000000000000000000110000000000
0000000000000000000000000001100000000000000000000000000000000000000001100000000000
0000000000000000000000000000110000000000000000000000000000000000000011100000000000
0000000000000000000000000000111000000000000000000000000000000000000111000000000000
0000000000000000000000000000011100000000000000000000000000000000001110000000000000
0000000000000000000000000000000110000000000000000000000000000000011100000000000000
0000000000000000000000000000000011100000000000000000000000000000110000000000000000
0000000000000000000000000000000001110000000000000000000000000011100000000000000000
0000000000000000000000000000000000011100000000000000000000001110000000000000000000
0000000000000000000000000000000000000111100000000000000001111000000000000000000000
0000000000000000000000000000000000000001111110000000011111100000000000000000000000
0000000000000000000000000000000000000000001111111111111100000000000000000000000000
0000000000000000000000000000000000000000000000000000000000000000000000000000000000
0000000000000000000000000000000000000000000000000000000000000000000000000000000000
0000000000000000000000000000000000000000000000000000000000000000000000000000000000
0000000000000000000000000000000000000000000000000000000000000000000000000000000000
0000000000000000000000000000000000000000000000000000000000000000000000000000000000

0000000000000000000000000000000000000000000000000000000000000000000000000000000000
0000000000000000000000000000000000000000000000000000000000000000000000000000000000
0000000000000000000000000000000000000000000000000000000000000000000000000000000000
0000000000000000000000000000000000000000000000000000000000000000000000000000000000
0000000000000000000000000000000000000000000000000000000000000000000000000000000000
0000000000000000000000000000000000000000000000000000000000000000000000000000000000
0000000000000000000000000000000000000000000000000000000000000000000000000000000000
0000000000000000000000000000000000000000000000000000000000000000000000000000000000
0000000000000000000000000000000000000000000000000000000000000000000000000000000000
0000000000000000000000000000000000000000000000000000000000000000000000000000000000
0000000000000000000000000000000000000000000000000000000000000000000000000000000000
0000000000000000000000000000000000000000000000000000000000000000000000000000000000
0000000000000000000000000000000000000000000000000000000000000000000000000000000000
0000000000000000000000000000000000000000000000000000000000000000000000000000000000
0000000000000000000000000000000000000000000000000000000000000000000000000000000000
0000000000000000000000000000000000000000000000000000000000000000000000000000000000
0000000000000000000000000000000000000000000000000000000000000000000000000000000000
0000000000000000000000000000000000000000000000000000000000000000000000000000000000
0000000000000000000000000000000000000000000000000000000000000000000000000000000000
0000000000000000001111111111111111111111111111111111111111111111000000000000000000
0000000000000000001100000000000000000000000000000000000000000011000000000000000000
0000000000000000001100000000000000000000000000000000000000000011000000000000000000
0000000000000000001100000000000000000000000000000000000000000011000000000000000000
0000000000000000001100000000000000000000000000000000000000000011000000000000000000
0000000000000000001100000000000000000000000000000000000000000011000000000000000000
0000000000000000001100000000000000000000000000000000000000000011000000000000000000
0000000000000000001100000000000000000000000000000000000000000011000000000000000000
0000000000000000001100000001111111111111111111111111111100000011000000000000000000
0000000000000000001100000001000000000000000000000000001100000011000000000000000000
0000000000000000001100000001000000000000000000000000001100000011000000000000000000
0000000000000000001100000001000000000000000000000000001100000011000000000000000000
0000000000000000001100000001000000000000000000000000001100000011000000000000000000
0000000000000000001100000001000000000000000000000000001100000011000000000000000000
0000000000000000001100000001000000000000000000000000001100000011000000000000000000
0000000000000000001100000001000000000000000000000000001100000011000000000000000000
0000000000000000001100000001000000011111111111100000001100000011000000000000000000
0000000000000000001100000001000000011111111111100000001100000011000000000000000000
0000000000000000001100000001000000010000000000100000001100000011000000000000000000
0000000000000000001100000001000000010000000000100000001100000011000000000000000000
0000000000000000001100000001000000010000000000100000001100000011000000000000000000
0000000000000000001100000001000000010000000000100000001100000011000000000000000000
0000000000000000001100000001000000010000000000100000001100000011000000000000000000
0000000000000000001100000001000000010000000000100000001100000011000000000000000000
0000000000000000001100000001000000010000000000100000001100000011000000000000000000
0000000000000000001100000001000000010000000000100000001100000011000000000000000000
0000000000000000001100000001000000010000000000100000001100000011000000000000000000
0000000000000000001100000001000000011111111111100000001100000011000000000000000000
0000000000000000001100000001000000011111111111100000001100000011000000000000000000
0000000000000000001100000001000000000000000000000000001100000011000000000000000000
0000000000000000001100000001000000000000000000000000001100000011000000000000000000
0000000000000000001100000001000000000000000000000000001100000011000000000000000000
0000000000000000001100000001000000000000000000000000001100000011000000000000000000
0000000000000000001100000001000000000000000000000000001100000011000000000000000000
0000000000000000001100000001000000000000000000000000001100000011000000000000000000
0000000000000000001100000001111111111111111111111111111100000011000000000000000000
0000000000000000001100000001111111111111111111111111111000000011000000000000000000
0000000000000000001100000000000000000000000000000000000000000011000000000000000000
0000000000000000001100000000000000000000000000000000000000000011000000000000000000
0000000000000000001100000000000000000000000000000000000000000011000000000000000000
0000000000000000001100000000000000000000000000000000000000000011000000000000000000
0000000000000000001100000000000000000000000000000000000000000011000000000000000000
0000000000000000001100000000000000000000000000000000000000000011000000000000000000
0000000000000000001100000000000000000000000000000000000000000011000000000000000000
0000000000000000001111111111111111111111111111111111111111111111000000000000000000
0000000000000000000000000000000000000000000000000000000000000000000000000000000000
0000000000000000000000000000000000000000000000000000000000000000000000000000000000
0000000000000000000000000000000000000000000000000000000000000000000000000000000000
0000000000000000000000000000000000000000000000000000000000000000000000000000000000
0000000000000000000000000000000000000000000000000000000000000000000000000000000000
0000000000000000000000000000000000000000000000000000000000000000000000000000000000
0000000000000000000000000000000000000000000000000000000000000000000000000000000000
0000000000000000000000000000000000000000000000000000000000000000000000000000000000
0000000000000000000000000000000000000000000000000000000000000000000000000000000000
0000000000000000000000000000000000000000000000000000000000000000000000000000000000
0000000000000000000000000000000000000000000000000000000000000000000000000000000000
0000000000000000000000000000000000000000000000000000000000000000000000000000000000
0000000000000000000000000000000000000000000000000000000000000000000000000000000000
0000000000000000000000000000000000000000000000000000000000000000000000000000000000
0000000000000000000000000000000000000000000000000000000000000000000000000000000000
0000000000000000000000000000000000000000000000000000000000000000000000000000000000
0000000000000000000000000000000000000000000000000000000000000000000000000000000000
0000000000000000000000000000000000000000000000000000000000000000000000000000000000

== Output ==
0000000000000000000000000000000000000000000000000000000000000000000000000000000000
0000000000000000000000000000000000000000000000000000000000000000000000000000000000
0000000000000000000000000000000000000000000000000000000000000000000000000000000000
0000000000000000000000000000000000000000000000000000000000000000000000000000000000
0000000000000000000000000000000000000000000000000000000000000000000000000000000000
0000111111111111111111111111111110000000000000000000000000000000000000000000000000
0000110000000000000000000000000010000000000000000000000000000000000000000000000000
0000110000000000000000000000000010000000000000000000000000000000000000000000000000
0000110000000000000000000000000010000000000000000000000000000000000000000000000000
0000110000000000000000000000000010000000000000000000000000000000000000000000000000
0000110000000000000000000000000010000000000000000000000000000000000000000000000000
0000110000000000000000000000000010000000000000000000000000000000000000000000000000
0000110000000000000000000000000010000000000000000000000000000000000000000000000000
0000110000000000000000000000000010000000000000001111111111111000000000000000000000
0000110000000000000000000000000010000000000000001111111111111000000000000000000000
0000110000000000000000000000000010000000000000001100000000011000000000000000000000
0000110000000000000000000000000010000000000000001100000000011000000000000000000000
0000110000000000000000000000000010000000000000001100000000011000000000000000000000
0000110000000000000000000000000010000000000000001100000000011000000000000000000000
0000110000000000000000000000000010000000000000001100000000011000000000000000000000
0000110000000000000000000000000010000000000000001100000000011000000000000000000000
0000110000000000000000000000000010000000000000001100000000011000000000000000000000
0000110000000000000000000000000010000000000000001100000000011000000000000000000000
0000110000000000000000000000000010000000000000001100000000011000000000000000000000
0000110000000000000000000000000010000000000000001111111111111000000000000000000000
0000110000000000000000000000000010000000000000000111111111110000000000000000000000
0000110000000000000000000000000010000000000000000000000000000000000000000000000000
0000110000000000000000000000000010000000000000000000000000000000000000000000000000
0000110000000000000000000000000010000000000000000000000000000000000000000000000000
0000110000000000000000000000000010000000000000000000000000000000000000000000000000
0000110000000000000000000000000010000000000000000000000000000000000000000000000000
0000110000000000000000000000000010000000000000000000000000000000000000000000000000
0000111111111111111111111111111111111111111111111111111111111111111111111111100000
0000011111111111111111111111111111111111111111111111111111111111111111111111110000
0000000000000000000000000000000010000000000000000000000000000000000000000000100000
0000000000000000000000000000000010000000000000000000000000000000000000000000100000
0000000000000000000000000000000010000000000000000000000000000000000000000000100000
0000000000000000000000000000000010000000000000000000000000000000000000000000100000
0000000000000000000000000000000010000000000000000000000000000000000000000000100000
0000000000000000000000000000000010000000000000000000000000000000000000000000100000
0000000000000000000000000000000010000000000000000000000000000000000000000000100000
0000000000000000000000000000000010000000000000000000000000000000000000000000100000
0000000000000000000000000000000010000000000000000000000000000000000000000000100000
0000000000000000000000000000000010000000000000000000000000000000000000000000100000
0000000000000000000000000000000010000000000000000000000000000000000000000000100000
0000000000000000000000000000000010000000000000000000000000000000000000000000100000
0000000000000000000000000000000010000000000000000000000000000000000000000000100000
0000000000000000000000000000000010000000000000000000000000000000000000000000100000
0000000000000000000000000000000010000000000000000000000000000000000000000000100000
0000000000000000000000000000000010000000000000000000000000000000000000000000100000
0000000000000000000000000000000010000000000000000000000000000000000000000000100000
0000000000000000000000000000000010000000000000000000000000000000000000000000100000
0000000000000000000000000000000010000000000000000000000000000000000000000000100000
0000000000000000000000000000000010000000000000000000000000000000000000000000100000
0000000000000000000000000000000010000000000000000000000000000000000000000000100000
0000000000000000000000000000000010000000000000000000000000000000000000000000100000
0000000000000000000000000000000010000000000000000000000000000000000000000000100000
0000000000000000000000000000000010000000000000000000000000000000000000000000100000
0000000000000000000000000000000010000000000000000000000000000000000000000000100000
0000000000000000000000000000000010000000000000000000000000000000000000000000100000
0000000000000000000000000000000010000000000000000000000000000000000000000000100000
0000000000000000000000000000000010000000000000000000000000000000000000000000100000
0000000000000000000000000000000010000000000000000000000000000000000000000000100000
0000000000000000000000000000000010000000000000000000000000000000000000000000100000
0000000000000000000000000000000010000000000000000000000000000000000000000000100000
0000000000000000000000000000000010000000000000000000000000000000000000000000100000
0000000000000000000000000000000010000000000000000000000000000000000000000000100000
0000000000000000000000000000000010000000000000000000000000000000000000000000100000
0000000000000000000000000000000010000000000000000000000000000000000000000000100000
0000000000000000000000000000000010000000000000000000000000000000000000000000100000
0000000000000000000000000000000010000000000000000000000000000000000000000000100000
0000000000000000000000000000000010000000000000000000000000000000000000000000100000
0000000000000000000000000000000010000000000000000000000000000000000000000000100000
0000000000000000000000000000000010000000000000000000000000000000000000000000100000
0000000000000000000000000000000010000000000000000000000000000000000000000000100000
0000000000000000000000000000000010000000000000000000000000000000000000000000100000
0000000000000000000000000000000011111111111111111111111111111111111111111111110000
0000000000000000000000000000000011111111111111111111111111111111111111111111100000
0000000000000000000000000000000000000000000000000000000000000000000000000000000000
0000000000000000000000000000000000000000000000000000000000000000000000000000000000
0000000000000000000000000000000000000000000000000000000000000000000000000000000000
0000000000000000000000000000000000000000000000000000000000000000000000000000000000

0000000000000000000000000000000000000000000000000000000000000000000000000000000000
0000000000000000000000000000000000000000000000000000000000000000000000000000000000
0000000000000000000000000000000000000000000000000000000000000000000000000000000000
0000000000000000000000000000000000000000000000000000000000000000000000000000000000
0000000000000000000000000000000000000000000000000000000000000000000000000000000000
0000000000000000000000000000000000000000000000000000000000000000000000000000000000
0000000000000000000000000000000000000000000000000000000000000000000000000000000000
0000000000000000000000000000000000000000000000000000000000000001111111111110000000
0000000000000000000000000000000000000000000000000000000000000001100000000110000000
0000000000000000000000000000000000000000000000000000000000000001000000000010000000
0000000000000000000000000000000000000000000000000000000000000001000000000010000000
0000000000000000000000000000000000000000000000000000000000000001000000000010000000
0000000000000000000000000000000000000000000000000000000000000001000000000010000000
0000000000000000000000000000000000000000000000000000000000000001000000000010000000
0000000000000000000000000000000000000000000000000000000000000001000000000010000000
0000000000000000000000000000000000000000000000000000000000000001000000000010000000
0000000000000000000000000000000000000000000000000000000000000001000000000010000000
0000000000000000000000000000000000000000000000000000000000000001000000000110000000
0000000000000000000000000000000000000000000000000000000000000001111111111110000000
0000000000000000000000000000000000000000000000000000000000000000000000000000000000
0000000000000000000000000000000000000000000000000000000000000000000000000000000000
0000000000000000000000000000000000000000000000000000000000000000000000000000000000
0000000000000000000000000000000000000000000000000000000000000000000000000000000000
0000000000000000000000000000000000000000000000000000000000000000000000000000000000
0000000000000000000000000000000000000000000000000000000000000000000000000000000000
0000000000000000000000000000000000000000000000000000000000000000000000000000000000
0000000000000000000000000000000000000000000000000000000000000000000000000000000000
0000000000000000000000000000000000000000000000000000000000000000000000000000000000
0000000000000000000000000000000000000000000000000000000000000000000000000000000000
0000000000111111111111111111111111111111111111111111111000000000000000000000000000
0000000000110000000000000000000000000000000000000000011000000000000000000000000000
0000000000100000000000000000000000000000000000000000001000000000000000000000000000
0000000000100000000000000000000000000000000000000000001000000000000000000000000000
0000000000100000000000000000000000000000000000000000001000000000000000000000000000
0000000000100000000000000000000000000000000000000000001000000000000000000000000000
0000000000100000000000000000000000000000000000000000001000000000000000000000000000
0000000000100000000000000000000000000000000000000000001000000000000000000000000000
0000000000100000001111111111111111111111111111100000001000000000000000000000000000
0000000000100000001100000000000000000000000001100000001000000000000000000000000000
0000000000100000001100000000000000000000000000100000001000000000000000000000000000
0000000000100000001100000000000000000000000001100000001000000000000000000000000000
0000000000100000001100000000000000000000000000100000001000000000000000000000000000
0000000000100000001100000000000000000000000000100000001000000000000000000000000000
0000000000100000001100000000000000000000000000100000001000000000000000000000000000
0000000000100000001100000000000000000000000000100000001000000000000000000000000000
0000000000100000001100000000000000000000000000100000001000000000000000000000000000
0000000000100000001100000000000000000000000000100000001000000000000000000000000000
0000000000100000001100000000000000000000000000100000001000000000000000000000000000
0000000000100000001100000000000000000000000000100000001000000000000000000000000000
0000000000100000001100000000000000000000000000100000001000000000000000000000000000
0000000000100000001100000000000000000000000000100000001000000000000000000000000000
0000000000100000001100000000000000000000000000100000001000000000000000000000000000
0000000000100000001100000000000000000000000000100000001000000000000000000000000000
0000000000100000001100000000000000000000000000100000001000000000000000000000000000
0000000000100000001100000000000000000000000000100000001000000000000000000000000000
0000000000100000001100000000000000000000000000100000001000000000000000000000000000
0000000000100000001100000000000000000000000000100000001000000000000000000000000000
0000000000100000001100000000000000000000000000100000001000000000000000000000000000
0000000000100000001100000000000000000000000000100000001000000000000000000000000000
0000000000100000001100000000000000000000000000100000001000000000000000000000000000
0000000000100000001100000000000000000000000000100000001000000000000000000000000000
0000000000100000001100000000000000000000000000100000001000000000000000000000000000
0000000000100000001100000000000000000000000001100000001000000000000000000000000000
0000000000100000001100000000000000000000000000100000001000000000000000000000000000
0000000000100000001111111111111111111111111111100000001000000000000000000000000000
0000000000100000001111111111111111111111111111100000001000000000000000000000000000
0000000000100000000000000000000000000000000000000000001000000000000000000000000000
0000000000100000000000000000000000000000000000000000001000000000000000000000000000
0000000000100000000000000000000000000000000000000000001000000000000000000000000000
0000000000100000000000000000000000000000000000000000001000000000000000000000000000
0000000000100000000000000000000000000000000000000000001000000000000000000000000000
0000000000100000000000000000000000000000000000000000001000000000000000000000000000
0000000000100000000000000000000000000000000000000000001000000000000000000000000000
0000000000111111111111111111111111111111111111111111111000000000000000000000000000
0000000000000000000000000000000000000000000000000000000000000000000000000000000000
0000000000000000000000000000000000000000000000000000000000000000000000000000000000
0000000000000000000000000000000000000000000000000000000000000000000000000000000000
0000000000000000000000000000000000000000000000000000000000000000000000000000000000
0000000000000000000000000000000000000000000000000000000000000000000000000000000000
0000000000000000000000000000000000000000000000000000000000000000000000000000000000
0000000000000000000000000000000000000000000000000000000000000000000000000000000000
0000000000000000000000000000000000000000000000000000000000000000000000000000000000

0000000000000000000000000000000000000000000000000000000000000000000000000000000000
0000000000000000000000000000000000000000000000000000000000000000000000000000000000
0000000000000000000000000000000000000000000000000000000000000000000000000000000000
0000000000000000000000000000000000000000000000000000000000000000000000000000000000
0000000000000111111111100000000000000000000000000000000000000000000000000000000000
0000000000011110000011111000000000000000000000000000000000000000000000000000000000
0000000001110000000000001110000000000000000000000000000000000000000000000000000000
0000000011100000000000000111000000000000000000000000000000000000000000000000000000
0000000110000000000000000001100000000000000000000000111100000000000000000000000000
0000001100000000000000000000110000000000000000000011111111000000000000000000000000
0000001000000000000000000000110000000000000000000111000001100000000000000000000000
0000011000000000000000000000011000000000000000000110000000110000000000000000000000
0000010000000000000000000000001000000000000000001100000000110000000000000000000000
0000110000000000000000000000001100000000000000001100000000010000000000000000000000
0000100000000000000000000000001100000000000000001100000000010000000000000000000000
0000100000000000000000000000000100000000000000001100000000010000000000000000000000
0000100000000000000000000000000100000000000000001100000000110000000000000000000000
0001100000000000000000000000000110000000000000000110000000110000000000000000000000
0000100000000000000000000000000110000000000000000111000001100000000000000000000000
0000100000000000000000000000000100000000000000000011111111000000000000000000000000
0000100000000000000000000000000100000000000000000000111100000000000000000000000000
0000100000000000000000000000001100000000000000000000000000000000000000000000000000
0000110000000000000000000000001100000000000001111111111000000000000000000000000000
0000110000000000000000000000001000000000011111111111111111100000000000000000000000
0000011000000000000000000000011000000001111100000000000001111100000000000000000000
0000011000000000000000000000010000000111100000000000000000001111000000000000000000
0000001100000000000000000000110000011100000000000000000000000011100000000000000000
0000000110000000000000000001100000111000000000000000000000000000111000000000000000
0000000011000000000000000011000011100000000000000000000000000000001100000000000000
0000000001110000000000001110000111000000000000000000000000000000000110000000000000
0000000000111100000000111000001100000000000000000000000000000000000011000000000000
0000000000001111111111110000011000000000000000000000000000000000000001100000000000
0000000000000000111100000000110000000000000000000000000000000000000000110000000000
0000000000000000000000000000110000000000000000000000000000000000000000011000000000
0000000000000000000000000001100000000000000000000000000000000000000000001100000000
0000000000000000000000000011000000000000000000000000000000000000000000001100000000
0000000000000000000000000010000000000000000000000000000000000000000000000110000000
0000000000000000000000000110000000000000000000000000000000000000000000000010000000
0000000000000000000000000100000000000000000000000000000000000000000000000011000000
0000000000000000000000001100000000000000000000000000000000000000000000000001000000
0000000000000000000000001000000000000000000000000000000000000000000000000001100000
0000000000000000000000011000000000000000000000000000000000000000000000000001100000
0000000000000000000000011000000000000000000000000000000000000000000000000000100000
0000000000000000000000010000000000000000000000000000000000000000000000000000110000
0000000000000000000000010000000000000000000000000000000000000000000000000000110000
0000000000000000000000110000000000000000000000000000000000000000000000000000110000
0000000000000000000000110000000000000000000000000000000000000000000000000000010000
0000000000000000000000110000000000000000000000000000000000000000000000000000010000
0000000000000000000000110000000000000000000000000000000000000000000000000000010000
0000000000000000000000110000000000000000000000000000000000000000000000000000010000
0000000000000000000000110000000000000000000000000000000000000000000000000000010000
0000000000000000000000110000000000000000000000000000000000000000000000000000010000
0000000000000000000000110000000000000000000000000000000000000000000000000000010000
0000000000000000000000110000000000000000000000000000000000000000000000000000010000
0000000000000000000000110000000000000000000000000000000000000000000000000000010000
0000000000000000000000110000000000000000000000000000000000000000000000000000110000
0000000000000000000000010000000000000000000000000000000000000000000000000000110000
0000000000000000000000011000000000000000000000000000000000000000000000000000110000
0000000000000000000000011000000000000000000000000000000000000000000000000000100000
0000000000000000000000001000000000000000000000000000000000000000000000000001100000
0000000000000000000000001100000000000000000000000000000000000000000000000001100000
0000000000000000000000001100000000000000000000000000000000000000000000000011000000
0000000000000000000000000110000000000000000000000000000000000000000000000011000000
0000000000000000000000000110000000000000000000000000000000000000000000000110000000
0000000000000000000000000011000000000000000000000000000000000000000000000110000000
0000000000000000000000000011000000000000000000000000000000000000000000001100000000
0000000000000000000000000001100000000000000000000000000000000000000000011000000000
0000000000000000000000000000110000000000000000000000000000000000000000011000000000
0000000000000000000000000000011000000000000000000000000000000000000000110000000000
0000000000000000000000000000001100000000000000000000000000000000000001100000000000
0000000000000000000000000000001110000000000000000000000000000000000011000000000000
0000000000000000000000000000000011000000000000000000000000000000001110000000000000
0000000000000000000000000000000001100000000000000000000000000000011100000000000000
0000000000000000000000000000000000111000000000000000000000000001110000000000000000
0000000000000000000000000000000000001110000000000000000000000011100000000000000000
0000000000000000000000000000000000000111100000000000000000011110000000000000000000
0000000000000000000000000000000000000000111110000000000111111000000000000000000000
0000000000000000000000000000000000000000001111111111111111000000000000000000000000
0000000000000000000000000000000000000000000000000111000000000000000000000000000000
0000000000000000000000000000000000000000000000000000000000000000000000000000000000
0000000000000000000000000000000000000000000000000000000000000000000000000000000000
0000000000000000000000000000000000000000000000000000000000000000000000000000000000

0000000000000000000000000000000000000000000000000000000000000000000000000000000000
0000000000000000000000000000000000000000000000000000000000000000000000000000000000
0000000000000000000000000000000000000000000000000000000000000000000000000000000000
0000000000000000000000000000000000000000000000000000000000000000000000000000000000
0000000000000000000000000000000000000000000000000000000000000000000000000000000000
0000000000000000000000000000000000000000000000000000000000000000000000000000000000
0000000000000000000000000000000000000000000000000000000000000000000000000000000000
0000000000000000000000000000000000000000000000000000000000000000000000000000000000
0000000000000000000000000000000000000000000000000000000000000000000000000000000000
0000000000000000000000000000000000000000000000000000000000000000000000000000000000
0000000000000000000000000000000000000000000000000000000000000000000000000000000000
0000000000000000000000000000000000000000000000000000000000000000000000000000000000
0000000000000000000000000000000000000000000000000000000000000000000000000000000000
0000000000000000000000000000000000000000000000000000000000000000000000000000000000
0000000000000000000000000000000000000000000000000000000000000000000000000000000000
0000000000000000000000000000000000000000000000000000000000000000000000000000000000
0000000000000000000000000000000000000000000000000000000000000000000000000000000000
0000000000000000000000000000000000000000000000000000000000000000000000000000000000
0000000000000000000000000000000000000000000000000000000000000000000000000000000000
0000000000000000001111111111111111111111111111111111111111111111000000000000000000
0000000000000000001111111111111111111111111111111111111111111111000000000000000000
0000000000000000001100000000000000000000000000000000000000000011000000000000000000
0000000000000000001100000000000000000000000000000000000000000011000000000000000000
0000000000000000001100000000000000000000000000000000000000000011000000000000000000
0000000000000000001100000000000000000000000000000000000000000011000000000000000000
0000000000000000001100000000000000000000000000000000000000000011000000000000000000
0000000000000000001100000000000000000000000000000000000000000011000000000000000000
0000000000000000001100000001111111111111111111111111111000000011000000000000000000
0000000000000000001100000011111111111111111111111111111100000011000000000000000000
0000000000000000001100000011000000000000000000000000001100000011000000000000000000
0000000000000000001100000011000000000000000000000000001100000011000000000000000000
0000000000000000001100000011000000000000000000000000001100000011000000000000000000
0000000000000000001100000011000000000000000000000000001100000011000000000000000000
0000000000000000001100000011000000000000000000000000001100000011000000000000000000
0000000000000000001100000011000000000000000000000000001100000011000000000000000000
0000000000000000001100000011000000001111111111000000001100000011000000000000000000
0000000000000000001100000011000000011111111111100000001100000011000000000000000000
0000000000000000001100000011000000010000000000100000001100000011000000000000000000
0000000000000000001100000011000000010000000000100000001100000011000000000000000000
0000000000000000001100000011000000010000000000100000001100000011000000000000000000
0000000000000000001100000011000000010000000000100000001100000011000000000000000000
0000000000000000001100000011000000010000000000100000001100000011000000000000000000
0000000000000000001100000011000000010000000000100000001100000011000000000000000000
0000000000000000001100000011000000010000000000100000001100000011000000000000000000
0000000000000000001100000011000000010000000000100000001100000011000000000000000000
0000000000000000001100000011000000010000000000100000001100000011000000000000000000
0000000000000000001100000011000000011111111111100000001100000011000000000000000000
0000000000000000001100000011000000011111111111100000001100000011000000000000000000
0000000000000000001100000011000000000000000000000000001100000011000000000000000000
0000000000000000001100000011000000000000000000000000001100000011000000000000000000
0000000000000000001100000011000000000000000000000000001100000011000000000000000000
0000000000000000001100000011000000000000000000000000001100000011000000000000000000
0000000000000000001100000011000000000000000000000000001100000011000000000000000000
0000000000000000001100000011000000000000000000000000001100000011000000000000000000
0000000000000000001100000011000000000000000000000000001100000011000000000000000000
0000000000000000001100000001111111111111111111111111111000000011000000000000000000
0000000000000000001100000000000000000000000000000000000000000011000000000000000000
0000000000000000001100000000000000000000000000000000000000000011000000000000000000
0000000000000000001100000000000000000000000000000000000000000011000000000000000000
0000000000000000001100000000000000000000000000000000000000000011000000000000000000
0000000000000000001100000000000000000000000000000000000000000011000000000000000000
0000000000000000001100000000000000000000000000000000000000000011000000000000000000
0000000000000000001100000000000000000000000000000000000000000011000000000000000000
0000000000000000001111111111111111111111111111111111111111111111000000000000000000
0000000000000000000000000000000000000000000000000000000000000000000000000000000000
0000000000000000000000000000000000000000000000000000000000000000000000000000000000
0000000000000000000000000000000000000000000000000000000000000000000000000000000000
0000000000000000000000000000000000000000000000000000000000000000000000000000000000
0000000000000000000000000000000000000000000000000000000000000000000000000000000000
0000000000000000000000000000000000000000000000000000000000000000000000000000000000
0000000000000000000000000000000000000000000000000000000000000000000000000000000000
0000000000000000000000000000000000000000000000000000000000000000000000000000000000
0000000000000000000000000000000000000000000000000000000000000000000000000000000000
0000000000000000000000000000000000000000000000000000000000000000000000000000000000
0000000000000000000000000000000000000000000000000000000000000000000000000000000000
0000000000000000000000000000000000000000000000000000000000000000000000000000000000
0000000000000000000000000000000000000000000000000000000000000000000000000000000000
0000000000000000000000000000000000000000000000000000000000000000000000000000000000
0000000000000000000000000000000000000000000000000000000000000000000000000000000000
0000000000000000000000000000000000000000000000000000000000000000000000000000000000
0000000000000000000000000000000000000000000000000000000000000000000000000000000000
0000000000000000000000000000000000000000000000000000000000000000000000000000000000

0000000000000000000000000000000000000000000000000000000000000000000000000000000000
0000000000000000000000000000000000000000000000000000000000000000000000000000000000
0000000000000000000000000000000000000000000000000000000000000000000000000000000000
0000000000000000000000000000000000000000000000000000000000000000000000000000000000
0000000000000000000000000000000000000000000000000000000000000000000000000000000000
0000011111111111111111111111111111000000000000000000000000000000000000000000000000
0000011000000000000000000000000011000000000000000000000000000000000000000000000000
0000010000000000000000000000000011000000000000000000000000000000000000000000000000
0000010000000000000000000000000011000000000000000000000000000000000000000000000000
0000010000000000000000000000000011000000000000000000000000000000000000000000000000
0000010000000000000000000000000011000000000000000000000000000000000000000000000000
0000010000000000000000000000000011000000000000000000000000000000000000000000000000
0000010000000000000000000000000011000000000000000000000000000000000000000000000000
0000010000000000000000000000000011000000000000000000000000000000000000000000000000
0000010000000000000000000000000011000000000000000000000000000000000000000000000000
0000010000000000000000000000000011000000000000000000000000000000000000000000000000
0000010000000000000000000000000011000000000000000000000000000000000000000000000000
0000010000000000000000000000000011000000000000000000000000000000000000000000000000
0000010000000000000000000000000011000000000000000000000000000000000000000000000000
0000010000000000000000000000000011000000000000000000000000000000000000000000000000
0000010000000000000000000000000011000000000000000000000000000000000000000000000000
0000010000000000000000000000000011000000000000000000000000000000000000000000000000
0000010000000000000000000000000011000000000000000000000000000000000000000000000000
0000010000000000000000000000000011000000000000000000000000000000000000000000000000
0000010000000000000000000000000011000000000000000000000000000000000000000000000000
0000010000000000000000000000000011000000000000000000000000000000000000000000000000
0000010000000000000000000000000011000000000000000000000000000000000000000000000000
0000010000000000000000000000000011000000000000000000000000000000000000000000000000
0000010000000000000000000000000011000000000000000000000000000000000000000000000000
0000010000000000000000000000000011000000000000000000000000000000000000000000000000
0000010000000000000000000000000011000000000000000000000000000000000000000000000000
0000010000000000000000000000000011000000000000000000000000000000000000000000000000
0000011111111111111111111111111111111111111111111111111111111111111111111111110000
0000011111111111111111111111111111111111111111111111111111111111111111111111110000
0000000000000000000000000000000011000000000000000000000000000000000000000000110000
0000000000000000000000000000000011000000000000000000000000000000000000000000110000
0000000000000000000000000000000011000000000000000000000000000000000000000000110000
0000000000000000000000000000000011000000000000000000000000000000000000000000110000
0000000000000000000000000000000011000000000000000000000000000000000000000000110000
0000000000000000000000000000000011000000000000000000000000000000000000000000110000
0000000000000000000000000000000011000000000000000000000000000000000000000000110000
0000000000000000000000000000000011000000000000000000000000000000000000000000110000
0000000000000000000000000000000011000000000000000000000000000000000000000000110000
0000000000000000000000000000000011000000000000000000000000000000000000000000110000
0000000000000000000000000000000011000000000000000000000000000000000000000000110000
0000000000000000000000000000000011000000000000000000000000000000000000000000110000
0000000000000000000000000000000011000000000000000000000000000000000000000000110000
0000000000000000000000000000000011000000000000000000000000000000000000000000110000
0000000000000000000000000000000011000000000000000000000000000000000000000000110000
0000000000000000000000000000000011000000000000000111111111111000000000000000110000
0000000000000000000000000000000011000000000000000100000000011000000000000000110000
0000000000000000000000000000000011000000000000000100000000001000000000000000110000
0000000000000000000000000000000011000000000000000100000000001000000000000000110000
0000000000000000000000000000000011000000000000000100000000001000000000000000110000
0000000000000000000000000000000011000000000000000100000000001000000000000000110000
0000000000000000000000000000000011000000000000000100000000001000000000000000110000
0000000000000000000000000000000011000000000000000100000000001000000000000000110000
0000000000000000000000000000000011000000000000000100000000001000000000000000110000
0000000000000000000000000000000011000000000000000100000000001000000000000000110000
0000000000000000000000000000000011000000000000000111111111111000000000000000110000
0000000000000000000000000000000011000000000000000111111111111000000000000000110000
0000000000000000000000000000000011000000000000000000000000000000000000000000110000
0000000000000000000000000000000011000000000000000000000000000000000000000000110000
0000000000000000000000000000000011000000000000000000000000000000000000000000110000
0000000000000000000000000000000011000000000000000000000000000000000000000000110000
0000000000000000000000000000000011000000000000000000000000000000000000000000110000
0000000000000000000000000000000011000000000000000000000000000000000000000000110000
0000000000000000000000000000000011000000000000000000000000000000000000000000110000
0000000000000000000000000000000011000000000000000000000000000000000000000000110000
0000000000000000000000000000000011000000000000000000000000000000000000000000110000
0000000000000000000000000000000011000000000000000000000000000000000000000000110000
0000000000000000000000000000000011000000000000000000000000000000000000000000110000
0000000000000000000000000000000011000000000000000000000000000000000000000000110000
0000000000000000000000000000000011000000000000000000000000000000000000000000110000
0000000000000000000000000000000011000000000000000000000000000000000000000000110000
0000000000000000000000000000000011000000000000000000000000000000000000000000110000
0000000000000000000000000000000011111111111111111111111111111111111111111111110000
0000000000000000000000000000000001111111111111111111111111111111111111111111100000
0000000000000000000000000000000000000000000000000000000000000000000000000000000000
0000000000000000000000000000000000000000000000000000000000000000000000000000000000
0000000000000000000000000000000000000000000000000000000000000000000000000000000000
0000000000000000000000000000000000000000000000000000000000000000000000000000000000

0000000000000000000000000000000000000000000000000000000000000000000000000000000000
0000000000000000000000000000000000000000000000000000000000000000000000000000000000
0000000000000000000000000000000000000000000000000000000000000000000000000000000000
0000000000000000000000000000000000000000000000000000000000000000000000000000000000
0000000000000000000000000000000000000000000000000000000000000000000000000000000000
0000011111111111111111111111111111000000000000000000000000000000000000000000000000
0000010000000000000000000000000011000000000000000000000000000000000000000000000000
0000010000000000000000000000000011000000000000000000000000000000000000000000000000
0000010000000000000000000000000011000000000000000000000000000000000000000000000000
0000010000000000000000000000000011000000000000000000000000000000000000000000000000
0000010000000000000000000000000011000000000000000000000000000000000000000000000000
0000010000000000000000000000000011000000000000000000000000000000000000000000000000
0000010000000000000000000000000011000000000000000000000000000000000000000000000000
0000010000000111111111111000000011000000000000000000000000000000000000000000000000
0000010000000111111111111000000011000000000000000000000000000000000000000000000000
0000010000000100000000001000000011000000000000000000000000000000000000000000000000
0000010000000100000000001000000011000000000000000000000000000000000000000000000000
0000010000000100000000001000000011000000000000000000000000000000000000000000000000
0000010000000100000000001000000011000000000000000000000000000000000000000000000000
0000010000000100000000001000000011000000000000000000000000000000000000000000000000
0000010000000100000000001000000011000000000000000000000000000000000000000000000000
0000010000000100000000001000000011000000000000000000000000000000000000000000000000
0000010000000100000000001000000011000000000000000000000000000000000000000000000000
0000010000000110000000001000000011000000000000000000000000000000000000000000000000
0000010000000111111111111000000011000000000000000000000000000000000000000000000000
0000010000000000000000000000000011000000000000000000000000000000000000000000000000
0000010000000000000000000000000011000000000000000000000000000000000000000000000000
0000010000000000000000000000000011000000000000000000000000000000000000000000000000
0000010000000000000000000000000011000000000000000000000000000000000000000000000000
0000010000000000000000000000000011000000000000000000000000000000000000000000000000
0000010000000000000000000000000011000000000000000000000000000000000000000000000000
0000010000000000000000000000000011000000000000000000000000000000000000000000000000
0000011111111111111111111111111111111111111111111111111111111111111111111111100000
0000011111111111111111111111111111111111111111111111111111111111111111111111110000
0000000000000000000000000000000011000000000000000000000000000000000000000000110000
0000000000000000000000000000000011000000000000000000000000000000000000000000110000
0000000000000000000000000000000011000000000000000000000000000000000000000000110000
0000000000000000000000000000000011000000000000000000000000000000000000000000110000
0000000000000000000000000000000011000000000000000000000000000000000000000000110000
0000000000000000000000000000000011000000000000000000000000000000000000000000110000
0000000000000000000000000000000011000000000000000000000000000000000000000000110000
0000000000000000000000000000000011000000000000000000000000000000000000000000110000
0000000000000000000000000000000011000000000000000000000000000000000000000000110000
0000000000000000000000000000000011000000000000000000000000000000000000000000110000
0000000000000000000000000000000011000000000000000000000000000000000000000000110000
0000000000000000000000000000000011000000000000000000000000000000000000000000110000
0000000000000000000000000000000011000000000000000000000000000000000000000000110000
0000000000000000000000000000000011000000000000000000000000000000000000000000110000
0000000000000000000000000000000011000000000000000000000000000000000000000000110000
0000000000000000000000000000000011000000000000000000000000000000000000000000110000
0000000000000000000000000000000011000000000000000000000000000000000000000000110000
0000000000000000000000000000000011000000000000000000000000000000000000000000110000
0000000000000000000000000000000011000000000000000000000000000000000000000000110000
0000000000000000000000000000000011000000000000000000000000000000000000000000110000
0000000000000000000000000000000011000000000000000000000000000000000000000000110000
0000000000000000000000000000000011000000000000000000000000000000000000000000110000
0000000000000000000000000000000011000000000000000000000000000000000000000000110000
0000000000000000000000000000000011000000000000000000000000000000000000000000110000
0000000000000000000000000000000011000000000000000000000000000000000000000000110000
0000000000000000000000000000000011000000000000000000000000000000000000000000110000
0000000000000000000000000000000011000000000000000000000000000000000000000000110000
0000000000000000000000000000000011000000000000000000000000000000000000000000110000
0000000000000000000000000000000011000000000000000000000000000000000000000000110000
0000000000000000000000000000000011000000000000000000000000000000000000000000110000
0000000000000000000000000000000011000000000000000000000000000000000000000000110000
0000000000000000000000000000000011000000000000000000000000000000000000000000110000
0000000000000000000000000000000011000000000000000000000000000000000000000000110000
0000000000000000000000000000000011000000000000000000000000000000000000000000110000
0000000000000000000000000000000011000000000000000000000000000000000000000000110000
0000000000000000000000000000000011000000000000000000000000000000000000000000110000
0000000000000000000000000000000011000000000000000000000000000000000000000000110000
0000000000000000000000000000000011000000000000000000000000000000000000000000110000
0000000000000000000000000000000011000000000000000000000000000000000000000000110000
0000000000000000000000000000000011000000000000000000000000000000000000000000110000
0000000000000000000000000000000011000000000000000000000000000000000000000000110000
0000000000000000000000000000000011000000000000000000000000000000000000000000110000
0000000000000000000000000000000011111111111111111111111111111111111111111111110000
0000000000000000000000000000000011111111111111111111111111111111111111111111100000
0000000000000000000000000000000000000000000000000000000000000000000000000000000000
0000000000000000000000000000000000000000000000000000000000000000000000000000000000
0000000000000000000000000000000000000000000000000000000000000000000000000000000000
0000000000000000000000000000000000000000000000000000000000000000000000000000000000

== SDRs ==
00000000000100000000001010000100
10000000010100000101100000000000
00000000000001001000000000000000
00000011100000000001000000000010
00000000000100100000001000000110
00001010001010000000100000000000
00000000000000101000000000000000
00100000000000000000000000000001
00000000001001000000010001000000
00010100000000000000111000010000
00000000001010000000101001000000
10010001000000000000010000000000
00000000000010101000100000000000
01000000000000100000001000000110
00010000101000000000000000000010
00000000010010000000010010000101
00000000001010110100000100000010
00110000000000001000000000000000
00000000000001000000000000000000
00000100001000010000000000000000
01000000100000000000000010110100
00000000000000000000000000000000
10010000000000000000000000000001
00000000100001011000011010000000
10010000000000000000001001000110
10000001100000100000000000000001
00000000101000000000100000000101
10000010100000000100000000000010
00000000000000010000001000000010
10010000000001101000001000100000
00000000000001000001000000000000
00001000000100000010000000000000

00010001001000000000000100000000
00000000101001000000100000000010
00010000000000010100000010000001
10000000000010000000000001000000
00000000001010000001100000000000
00010000000010000000000000100000
10000001000000010000000000000000
00000000000000000000100000100000
10010000000000000000010000000010
00000000000100001010000000000010
11000010010000000001000010000001
00000010010000000000010010000000
10000000000000000100010100100010
00100110000000001000000000001010
01000000010000001100001000000000
00000000011000011000000000110000
00001001000000000001000001010000
00010010010000000010010001010000
01000000100000000000001001000100
00000100000000000100000000100010
00000000000000000000000000100000
00100001000000000000010010000000
00000000000000000010000000000000
00000000010011000000000000001000
00000000000000000000000110010001
10000010000100000100100001000100
00010000010011010000000000000000
00000001011010000000100000100000
10000011001000000001000001000000
00010010000000000001000001001000
00000000000000000000000000000010
00000100000001000000000010100000

00000000010100000000000010001101
10001000000110000000000010000000
00000000100000010010000000101000
00101110000000010001000100000011
00000000001110100010001000000100
10000000000000001010000000000000
00000000000100000000000000000000
10000000000000000000000000000000
00000000001001000000000001000001
10010000001110000000010000000000
01001100000000000000100001000000
10000000100000100000010000000000
00000000110010100000011010001000
00000000000000100001011000000010
00100000100010100000100000000000
00000001000001001001000100001001
00010000000000100000000100000010
00111110000000000000001000000000
00000001001100000000000000000000
10000000000000000000000010000010
00000100001100000000000000110000
10000000000000000000000000010000
10010000000000000000000010010001
00010000100000000001001000000000
00000000000100000000001001000010
10000110100001000000100000000000
00000100100000000000010010000000
01001000000000110001000000100100
01001000000000000000000000001001
00000100000000000000001000100001
00000000000001000001001000000000
00001000000000000010000000001000

00000000000010000001000000000000
00010000101010100000100000000000
00000000000100000000000010010001
00000000001000100010001000000100
10101000001001001000001000000010
00010111001000000000100000000000
00000000000010001100001000001000
11000000001010000000100000000000
01000000000000000000000100000000
00100000100100001000000100000000
10110000000000110000001000000100
00010000100100000000000000000000
00101010100000010000000000001000
00000001000000010000000000000000
00001000010000000000000000000001
00000000000010000100100000000001
00100000000001000001000110000000
00000000000001001110000001000000
00000000101000000001000000000011
00100000000010000000000000000000
00000000000000000100000000000000
00000000000000000000000000000010
00000000000000000000001100000010
00000000001000000001000001001000
00001010100000000011000000000000
00000000000000000000000000000000
00000010000000000000001000000000
00000100000000000001000100000000
10000000010010010001000000100000
00000000001000000000000000100000
01110100000000000000001000000000
00100000000000000001000000001010

00000000000100010000000010010100
10010000100010000000000000000100
00000000001011110010100000001010
00001000100000000000000000010001
00000100000001000010000001000001
10000000000000000000000011100000
00000000000000001000000000000000
00000010000000000000100000100010
00000000000000000000000001010100
00000000010100001000000000000000
00001001000010011000000000000000
10110010001000000000010000000000
00000000010001000000101000000001
00000010001000000000001000000000
00000010001010000000100000000000
01000000011000000000000000001000
10011000000000100110000000000010
00010001000000000000101000000000
00000000001100000001001000010100
10100001000000000001000110000001
00000000000101100000000000000000
01000000101000000000000000000000
11010000000000001001000010000000
00001000000000000001000000000000
00010000000100100000001000000010
00100000000000000100000000000001
00000000001000000000100010000001
00000110000000010001000010100000
01001000000100010000000011000000
00100100000010000000001000100000
00010000000010000000000001000001
00000000001000000010000000000000

00000000000000000000001000000000
00000000110010000001000000000000
00000000001100000001000000000011
00000100001000000000000000000000
00000000000001001100001000000000
00010000001000100000100011100010
00001000000000000100100000000000
00000000000000000000000000000000
10010100000000000010010000000010
00100000000100001110010000000000
10000010000000000100001000000000
00000000000010000000001000000000
10000010000011010001100100000000
00100010000000001000000000001000
00000000000000001000001000000010
01000000010100000001000000010001
00000001000100000110000000000000
01010000000000000010000001001000
00000000001000000000000000000000
00000100001001001000000001100000
00000000000001000000000000000001
00000000000010000000010000100000
00000000000001001011000000000000
00100010100000000000000001000000
00000001100000000010000110000000
11000000000000000000100001000000
00000000000000010000001100000000
00000001001010000001001000100001
10100010010100000001000001100000
00000010000000000101000000001000
10110100100001000001000000100001
00100100000010000010001001000000

00000000010100000000000000001101
10001001010010000000000000000100
00000000000000001000100001000000
00101110000010000001000000000011
00000000001111100010001000000010
10000000000000000010000000000000
00000000000100000000000000000000
10000000010000000000000000000000
00000000000001000000000001000001
10010000000110000000010001000000
11000000000000000000100000000000
10000000100000100000000000000000
01000010110010100000001010001000
00000000000000100001010010010010
10100000100010000000100000000010
01001001000001001001000000101001
00010000000000100010000000000010
00111010000000000000000000000000
00000001001100000000000000000000
10000000000000000000000010000010
00000100001100000000000000000000
10000000000000000000000000010000
10010000000000000000000010000001
00000000100000010001001000000000
00000001000100000000001001000010
10000110100001000000100000000000
00000100100000010000000010000000
11001000000000010001001000000000
01001000000000000100000000001000
00000000000000000000001000100000
00000000000001000001001000000000
00000000000000000010000000001000

00001000000000000000100000000000
00000000001010100000000010000000
00000001000001100000000000000000
00000100101000000010001010000100
10000000101000000000001000000010
00000010101000000000100000000001
00000000000000000000100000001000
11000000000000000000100000000000
01000000000001000000000110000000
00000000100100001000000100000000
10011000000000101100001000000100
00100000100000000000001000000000
00000010100000011000000000001000
00000000000000110000000100000100
00000010000000010000000000000101
00000000000010000000000000000011
00000000000000000100000010100000
00000000000001011000000001000000
00000100001000100000000000000011
00100000000011000000000000000000
00000000000000000000000000000000
10000000000000000000000000001000
01000000000000000000000100000000
00100000001000000001000001011000
00010010000000000000100000000000
00000001000000000000000011000000
00000000001000001000001100000000
00000001000000000000000011000000
01000000100010010001000000100000
00100000000000000000000000000000
11110000000000000001000001010000
00000000000000100010000000001110

00001000000000000000100000000000
00000000101000100000000010000000
00000000000000100000000000010000
00000100101000000010001010000100
10000000101000000000000000000010
00000100101000000000100000000001
00000000000000000000000000010000
00000000001010000000100000001000
01000000000000000000000000000000
00000000100000001000000100000000
00110000010000100100001000000100
00110000100000000000000000010000
00000010100000011000001000001000
00000000000000010010000100000110
00000010000000000000000000000101
00000000000010000000001000000011
00000000000000000100000010000000
00000000000001011000000001000000
00000100001000100001000000000001
00100000000011000000000000000000
00000000001000000000000000000000
10001000000010000000000000000010
01000000000000000000000100000000
00000000001000000001000001011000
00011010000000000011100000000000
01001001000000000000000001010000
00000000000100001000001100000010
01000001000000010001000110000000
11000000100010010001000000000000
00100000000000000000000000100000
01110000000000010001000000010000
00000000000000000000000010001000

