2x1 Basic Problem 06

0100001010010000101011110101000000101111011111000001010110101001000110010011011011
0011000001100010111010100100101110100011001100100110001100110100011001110111100101
1101001011010101100011010101001101000010011110010110100001000000000000000111100110
1000000010010110110100100100111100110000001100110001111110111101011100010001011010
1101010111101000101000110100010000100010101110101110101000100000111000100001011101
0100010000110000001111001100000100111001101001111010000000101000000000000110110111
0101000111110111010110000011010010000111011000100100011110101110000110000110001100
1001001000001000000101111101101101000001010110100001110011001000010101100010010100
1110011000001001001000100001000001000001011100010011000100111110101101000011010110
1000100111001000100001001100000010010100100111110110100111000111000101000100111110
1100110111001000011011001011011001000001001111001111010101011000100110100001010000
0000101011110001101101101101101001000100100000100100110110101000111110010110100011
1001001101010110101111001101111110001101100001100001110011101011001011010101000100
0010100110101101100011101101010010000110110100000010100011110001010100111010010010
0010111011001101101101011011000110011000000100000001110011100100110010100100011000
0001111000001100001001010110000111000011010111010100100100001001110011100011101100
1101010101110011011100111000101011000010010110111010000100010010110000011000111110
0110011100100011110111010110011011110000100001100011000011101110101111010101100011
0101110100110101111110010011100110011010111110000000011000011110001001111100001010
0010111000001001101101001011100111011101000011001001001110001111000011100101100000
0000011011011010011110001101010001101000011101000100001100111100001001001000110001
1001100100000111001111001001000010111001010101100000110011011010000011011110100010
0110010101000111001101010101110101110111001010010010001101101001001001011011001100
0101000110101100000110010111010000011010011011000110000010000011011101011000100101
1000000100100111000101000011000101100110110001000110000000110101001010100110101001
0010001001110100100100001001011000011001110101111001101001011010000100110000111111
0000001000000101000110010011101001100111000010111100101001110100101111001010100111
1011110100101000001001101111001110111110100010000001000011100000000110001110000000
1001101001100011100100101010110101001100000010000110011010001000011110001010010011
1001111101011001011100101000110101100111101100111000111011110011010111011000110010
0110001110111101010101011100001011110000000101111001010111100111000110001010000011
1100111110111111110010111101101001001110010000001101001111010101011010100001000010
1110011000010110010010010101110011010011011101111101111001100101000011110000111101
0110010010110011101110011100001100111110011010011011101000100010010110110110101011
0110011100010000111011101000001110111010000010110011110010101111010000001000000010
0100111010111011010111110100111010100101100000100001010001000110110000110100100100
1111001111010011110100011111011011010111011010100101100111011011111010110111000011
0100001011100100000110011101000000011011001110010000011111010110101010011100101000
1101110000110010110111100110000100110001110010000101010100010110011101000110010001
0011000100111011000100100101100001011010001111000000110011011111001010001100110100
0011000110111110110000011100000100010100000000100100111010010010001101011110110100
1100000110100011010011111101010110100011101011100101001111001110101110010111101001
0000001000010101101101110010101101000111000111101100010000101111110111011010000111
0000100111111010110000101110101001000101011111100110110011101001100111101111011101
1001010100100011111010000010110110000111110110110100010100001010100000001100000010
0011000100000001000010011000100101001011001110100011110011100110101000011011001011
0001000101101111100111010010011110000111110101000001001011011000011111101101110001
1000011110111011000010000100010001101010010100110011110110010110100101010110000000
1011010000100010111110101110101101000110111101101111001111111110101101100011010000
1110011101010001001100110000111001011100001001011000000010111000111011001011110010
0010100000011110100110101111000111110101100111100100110001100101100001111010110011
0000101110011010100010110111010101110100101110110010000100101010001010010000111100
1010101111001011100011100010100101001100000111100011010001001000010010101001010000
0110011101011101111111111010100000000011110001101011110010010100000010000101110100
1011110000011101001100000000011110100011110100101001101011101010011111101001011011
1000110100000000111001101110111100011011110100110010101000000110000000010011011011
0000000101010011110110000111000001101110000010010100001011001010001000011111011001
0001100110011001000100010011100000001000110000101100100101101101110010001000000110
1101110110010100011101011101010101001001000101100010010111001100111101100010000111
1000100010100000100110110010111001101011100111110101011100011010011101011110111000
0101111011110100100100011000100110000101101100100011001111110100011110001101001010
1010100010101010101011110110010010111100010000000010111101100100010101000111101111
0110000100010001001111110110100010101011101110000000110011110101001100000100000011
1001101100011000100001101111101001011111001001011001100101110000111100001010001001
1110100010010011110110100010101111101000001010100110100011110110010010100000011011
1011001011100101101100110010011100011111110001000010001100011110000000001011100100
0111010001000101110000001110100000111001100000100011010110010111101111001101111011
0100101101101100001110001110010000111100001101000001001100001110010011100001100101
0010001001011010011100001101011101000010010010011010110101010101110110010101111001
0011111100000011100100001101111010100000111010110011100001011110011001000001010011
1010000110111101010000001001110101111010100001100100011001000111110101010010101001
0100001111110000000100011001010000000000101111100000010011110111110010001001101101
0010000010001011011011001110000011100010111011000000001100011110101100110100000011
0101000011111111100001001111111101010110100110000001000010010110010000000000101101
0111011001100010010011010001101100110010000101010111000000110001000101011000110111
1010101110111000101111110101011111001000101100010100001111100011100011100001101011
1110101111001111010001000101111100011110000101101010101100001101011100000001000101
1000001010101101011010001011111111001011111000010010001010000110101110000000000101
0111001000111010000000001000000111110100100011000100010101001001110010000100100100
0101001010010100101101010000100011011011100010111101101001001101010100101001110000
0101001001110001010010011010111011100011101111111010010001000101010110011111010111
1110010011001110000100100011011000101000111111110010001011001100100011011011000111
