2x1 Challenge Problem 01

0000000000000100000000001000000000000000000000000000000000000000000000000000000000
0000000000000000000000000000000000000000000000000000000000000000000000000000000000
0000000000000000000000000100000000000000010000000000000100000000000000000000000001
0000000000000010000000000000000000000000000000000000100000010000000001000000000000
0000000000100000000000000000000000100000000000000000000000000000000000000000000000
0000000000010000010000001000000000000000000000100000000000000000000000000000000001
0000000000000000000000000000000000001000000000000000000000000000000000000000000000
0000000000000000010000000000100000000000000000010001000000000000000000000000000000
0000000000000000100000001000000000000000000000100010000000000000000000000000000000
0000000000000000000000000001000000101000000100000110000000000000000000000000000000
0000100000000000000000000000010000000000000000100000000000000000000000000000000000
0000000000000000000000000000000010000001011100010000000000000000000000000000000000
0001000000000000000000000000000001000000000100001001000100000000000000000000001000
0000000000001111111111111111111111111111111111111111111111111111111110000000000000
0000100000000111111111111111111111111111111111111111111111011111111110000000000000
0000000000000100000000000010100000001011000000001000000000000000000010000000000001
0000000000000100000000000011101000001001001000000100000010100000000010000000000000
0000000000000100000000000001001011000001000011001111000011100000000010000000000000
0000000000000100000010000100000011010010000001000110001110010000000010000000000000
0000100000001100000110001111001010000101000111010000100000010000000010000100000000
0000000000000100000000000000111100000000000000000000000000010000000010000000000000
0000000000000100000000001100100001000010100010000010000001101001000010000000100000
0000000000000110000000001010000100000011110100101011010000000000000010000000000000
0000000000000101100011100000010000010111110010000000000001101001100010000000000000
0000000000000100100010000101001011110111010110010000000001001011010010010000000000
0000000000000101110101100001100000110011001100000100000100000001110010000000000000
0000000000001100101100101001000000100000000000000001010000001001000010000000000000
0000000000000100000100001100000001001010100000000001001000000000101010000010000000
0000000001000110001010111101000101001110011110000000000000000000000010010010000000
0000000000000100001111000000011001101001101000010000000000000101000110000000000000
0000000100000100101011000001111010001111111111000100000000010000000011000010000010
0000000000000101110101001101100010100011010000000000110010000000000010000000000000
0000000000101100101000001010000110000001011100000110000000000000001011000000000000
0000000000011100000000000000001101111010011110000110001000000011100010000000000000
0011000000010101011001000110001010001011010000111001100000010011000010110000000000
0000001000000100010100000010111110100001011100100010000000000100000010100000100000
0000000000001100000000011011111011000100110101000110000000000100000010000000000000
0000000000000100000110001000000101101100010000011100010100100110100110000000000000
0000001000000100100101011000011101110001101000000001010000000100010110100000100000
0000010000001100100000111001110010111011110001001100111000100010000010000000000000
0000000010110100110000110111111111111111011110001101001001000000000010000001000000
0000000000000100010100110010010110011000010101011110111001100110000010000000000000
0000000010000100000000000000001000111000010011111100011000000101000010000000000000
0000010000000100000000000000010001101000100100101100000000000010101010000001000000
0000000000001100000000000000011011110100100001001011111100010000000010000000000000
0000000000001100000010000101000010101011001100100001110000000110000010010000000000
0000000000000100000000100000010010010000001101000100100000010101001111000000000000
0000000000000100100000000000010000111100100100001110100001000001001110000000000000
0000000010000100000100000000010000101000000100000111100000001000011010000000000000
0000000000000101100000000010000001100011000110010001000000111010110111000000000000
0000000000000100000010000000000110011001000101000100000000000100101110000001000000
0000000000000110000100000000000000101011101111101000110011000000110010000000001000
0000000100000100001100000011100000010101101111100000000100000000110010001000000000
0010000000000100100011000000000000001000000011100000000000000000000010000000100000
1000000000000101000000010000100100010100011000100000000000000100100110000000000000
0000000010000100000100000000000000000100000100010100000001000010000010000000000000
0000001000000100000000100101000100000000001000000000000000100011000010000000000010
0000100000000100000000000010000000100000111000100100000000011100101010000000000000
0100000000000100000000110000000000000101110000000000010000100000110111000010000000
0000000000000100010000010000001000010001100000000000000000011110110010011010000000
0000101000000100001010000000000000100000000001000000000000101100100010100000000000
0000000000000100010000000000010000100000001000001100011001110001000010100000000000
0010000000000100000010000101000100100001000000010010000111000100001010000000000000
0000000000000100000000000100000000100000101110100000000011000000001010000000000100
0000000000000100000000000000000000010010000000001100000000100000000110111000000010
0000000000000100000000000011000000000000010110001110000000100000001010000000010000
0000000000000100000000000000001000100000000000101000000000010000000010000000000000
1000000010000100000000000100110100000100010000000101000000100110000010000000000000
0000000001000111111111111111111111111111111111111111111111111111111111000000000000
0000000010000111111111111111111111111111111111111111111111111111111110000000000000
0000000010000000000000100000100001000000000100000000000000000000010000000000000000
0100000000000000000000000000000000010000000000000010000000000000000010000000000000
0000000000000000000000000000000000000000000000000000000000000000001000000000000000
0000000000000000000000000000010010010001000000000000000000000100000000000000100000
0000000000100010000000000000000000000100101000000000000000100000000000000000000000
0000000000000000000000000000000000100000001010000000000000000000000000000000000000
0000000000000001010000000000000000000000001000001000000000000000000000000000000000
0000000000000000000000000000000000000000000000000010000000000000000000000000100000
0000001000000000000000000000000010000000000000000000000000000000000000000000000000
0000000000000000000000000000000000000000000000000000000000000000000001000000000000
0000000000000000000000000001000000000100000000000000000000000000000000000000000000
0000000000000000000000000000000000000000000000000000000000000000000000000000000000
