2x1 Classmates' Problem 02

1011100010000010001000100010010001101000000001100010100001101101100000011000000100
0000110101011000010000000000001000000001000100100000100000010011000000010110110000
1110000100000100010001000110000000001000001000100100001000010000000010000000001000
1100000000100010000000000000010010000000001101100100110000000000000110010010000001
0001010000110000000001000010000001000001000011100110100001100100010101000010000001
1000111111000000010000000010001000000101010110100001000011100000010110010000110001
0001100010111000001000001000000000000000101000001000000111000010000001011110110000
0000010100101000001101001010000000100010000001011001011011101000010000000000000000
0000000000000010000010000010010010000001000001000100000110100000000100000000000010
0010000001000000001000000101011010100000000010001011100011000000000001000000100100
0100001010001110100100001000101000010111101100000001000100011011001110000000101000
0000010000000101100000100100000011001001000100110001000011000100000110011000110101
0010000001000000000001110000000001000100010010001000000000101010010011000000110100
1000101010000000000000011001000100001000100000001000000001011100010000100000100000
0000000100001000010000110100010010011010100010110011000001101000011000100000011000
1000011000000001001001110001000010000000000011000000000001000000101001100000000111
0010000000100001001000101111100000100000100000100010100000110010000000001100100100
0001001000000000010010001111111100111001010110100000000010001001000111010001101011
0111000010110110000111001000101111000000000001101010000101001011011011000110100110
0001001000000000101000100001101111000000110000000000001000011001110001001000010000
0100010011000100001110001101100100000100101110001010001000001010100011110000110001
0000000100001000111000001010001010000000011101000000000000000100110000010100100001
0001011110000000010000000110101110010010111000010001010001000000110000101010000101
0000000000000001001010011010011010011011110100010000001000000100101100100000011000
0000100000100000011111101111111111111111111111111111111111000000100001000010010001
0110000000100001101111111111111111111111011111111111111111110010000011010000100101
0000000010101101101010111111110101001111000000100100000101110100000000000010010000
0100101010000101000111001001001001111010000000001000000010100000000000001010000100
1000001000000001010111111010001101001111001100100100100000100110100001010000000001
1000010000000100100001101001010101111110110000001100100001100001000100101000010000
0001100000000100011001011111000000110011111010000110010001100010100001100100000000
0001010000000001111111111101001111011111111100101001000001101010110100010000010000
0000011000001010000000001000111111010101111010111000100001111111100111100000000110
0000010000010000010000011100111010000011011110110011010101100001000010011000000110
1100010001100000110010011001011011100011001100101101000101110000010110000000110000
0100010100100000101111001001111100110101011110000001010001100010010010111001000100
0000001011010011001110001001110011000110101110010000111011100001011010010000001011
1010110000000000000000001010100011000111101111000000001001100000000010100001110010
1000001010000000000011011011000110111101110011000101101011100000000001010000110001
0000100000100001010001001100010100101110001111100110001101110000001010001000010010
1100000111000100001000011011100111011011100101111010101101110101011100010110011000
1000000010010100100000011101100011010101010100110011010101100000010001000100000000
1000010100111100000000111110010101110000100000111100001101111101000000001000010000
1000001000001000100110001110011000100001000110111111101011111011100110000001100000
1010010011000000100001001100001001101011000010111001011001110100100101000000011010
0000011000000001000000001001000111001001101011001101010001100010011000010001000001
1100000000100000100010011101001111101000011110011100010011110111101100001101010001
0000011010000001110110001000101110000001111011101110111111100010001011010000010000
0010010010100001010000111010110110000001111100010111010101111010100010000000001110
1100010110000000000000111011100100001001001101110111100001100010000101001000001000
0100011010001101001110111110001110000011001111111111111001100011111011001100100101
0010001001001000100011001001001111111111111111111111001011100111010100110000000100
0000010001010001000010001010011111111111111111111101101101100011100000000001110111
1000000000000100000000001001001000111101000011110011101001100011100010000010010000
0000000100000001000100001000010001010101001001000000000001100110010111010110000001
0010010011001100100010001000011000111010101001111000111001101110010100001010010000
0001100000000010010100101000010000011000000110100001000111100001000100001101000000
0001000000000001011011001111111111111111111111111111111111100001101011110101000010
0110010001101011000100001110111111111111111111111111111111010011110110001101010010
0000000000001001010000110000000011000110100111100000100000010111110000101000011001
1000011010111001000000000000110100101010000111000011001000000010001111000011000000
0010000000110110000000001100100000010000110101011010011111000011000101000000000101
0100010000101000111000010000011000101001001110111000111101100110001100100000000000
0001101100000000100001010010001100011001100101100000110111001000011100111000100100
1100001100000100010010001100100000010110001111000101110011110001110010000100010010
0100110101100000010100000001100011000001100001000011100011110011101100000000000000
0000000000000001000011000010000000001000010000011010000111010101000000000010000100
1001010010110000000100001011000000110000000000100100010000100010100100000001011100
1001100000010111101000000000001110000000111001001111101111110110000100010010011100
0000100100000010100000010010000011010010101000100011001110000010100000000101100010
0000010000000111010000000000001000001001010010100000010110001011000000010100110000
1110011000100001000100000010110010001101000110000001010000000000010001000010010000
0000000010100000100101000001001110001000010000100100000100100000000000000001110000
0011101010110100000001001100000101000000010100100000000001000001000101000110000101
0000100000100010000001010001010000000100010001000001100000000000000010000000000000
0001100100100000100010010000000000000001110101100010100000000100000010001010110010
0110010000101011001110001110000000000010011000000001011011001110011000010101000100
1111001000101101011001010000100000111000001011000100100100110010001001000010010000
0000000000100001000101000000000100001010010101010110000000001000000000110000100000
0110000000000100010000100001001110111000010001111000100010100000010010110100000000
0000110110000000000000100000000010011000001000100010001000101001110000000100001000
1001000010010010001000000000000001011000001000110001000010101000000011100000110001
