2x1 Basic Problem 15

0000000000000100000000100000000100000000000000000001000000000000000100000000000010
0010000010100000000001000000000000000000000000000000010000000100000000000000100100
0000000000000000001000000000000010000000000010000000000000000100000001000000010000
0000000000000010000000000000000000000000000000001000001000000100000000000010010001
0010000100010011010000000000000000000001000000000000000000000000000100001010010001
0000110000000010000000001000000000001000000000010011010000000000000000000000000000
0000111100001000000000000000000000000000000000000011110000000000000000000000001000
0000101111000000100000100000000001000000000000000010111100001000000010000000001010
0000100011110000000000000000000000000100000000000010001111000000000000000000011000
0001100000111100000000000101000000000000001000001010000011110010000000000000000110
0000100000001111000000001000001001000000000100000010010000111100000000000101000000
0001100000000011110000000000000000000001000000000110001100001111001000100000000010
1000100100000000111100000101000001000100000000001010000111000111110000100000001000
0000100000100000001111000000000010000100000100000011000000000000111100000000000000
0000100000000101000011110000000000000100000000100010000000100010001111000000000000
0000100000000000000010111100000100011000000000000010000000100001010011110000000000
0100100000001100000000001111000000100010000000000010000000000000000000111100001000
0000101000001010000001000011110000000001000000000010000011000100000010001111000000
0100101000000000000010000010111000000000000000000010000000001110000000010011110000
0000100000000000000000100001001111000000001000000010000000000000000000000100111000
0000100000010000101000000100111100000100000100000011000000000001000000000011110001
0000100000001010000100000011110000000000001100000010000000000000000000001111000001
1000100001000010001000011111110000000110001000000010000000000000000000111100000000
0000100000010000000010111100000000010000000000000011001000000000000011110000000000
0000100001100000000011110000000001100001110100010010000000000000001111000000000000
0000100000000000001111000000000000000011000000000010010000000000111100000100101000
0000100001000000111100110000000001100000100001000010000000000011110000001000000000
0000100000000111110000000010000000000001010000100010000000101111000000100000000000
0000100100001111011000010000001000000100001010000010000000111101010000000001000000
0011100100111100000000100000001000001000000010000010000111110000000000100001000000
0000100011110000000000000000010000000101100000010110001111000000000001000000010000
0000111111000010000100100000000000000001000000000111111100000000000000100000000000
0110111100000000000110001000000000000010011000001111110010000000000010000000001000
0000110000000001101100000100101000001010000100000011010000000000000000000000000001
0000010000000100011000000000010100000100011000000000000000000000000010000000000001
0000000000000000001000000000111010100001001001000000100000000000000000000100000000
0000100000000000011000001001101001000000001001001000110000001000000000000000000000
0010000000000000000100000000100010100000010000000000000001000010001100000001000001
0000010011010000011001000111010100010000000000010001000000000000010000000000000000
0001010000000000000000000000000000010000101000001100010000010000000000000001000000
0000000000000000001001011000010000001110000000000000000000000000000000000000000000
0000000010010000000000000010000010010000010000001000000000000000000000000000000000
0100000000000000000001000000000000010000000000100010000010001000000010000100110000
0000000010000000000000000010000000000101000001100110010000000011100000000000001010
0010000000000001001000000001000000001101000010000001000000000000100000000001000000
1001100000000000000000000000000000001000000000001001000000010000011000000010000000
0000000000000000000000000000000000001100100000010000100000010000101000100000000100
0000001000000000000000000000011100001000000100001010010100000000000000000000000000
0000000000100000000000000000000010010000011010001010000100000000001000000010001000
0010000000100001000000000000001000000100000010000000000010000000000000000000000001
1100000001000000000000000000000000100001001010000000001000000000111000100000000000
0000000000000000000001000000001000100010000010100100000000100000100000000000000000
0000000010010000000010100001010000000000001001100110000000000000110000000000000000
0010000100000000000000000000010000001000001000000000000010000000000001000001000000
0100000000001000000001000000000000000000000000000000000000000000010000000000000000
0000000000000000000000000000001000010000000000010010000000000010000000000010111000
0000000000010000000000000001000000000000000000000001000000000001000000000000000000
0000000100010001000100000001000000000000010001000000000100000000100000000001000000
0000000000000000000000000000100000000000000000000000000000000000010100000100000001
0000000010000000000110000000000000000000000000100000000000000000000000001000000000
0000000111100000010000000011001000000000000000000000001100000000000010000000000000
0010000010001000000000000000000000000000000100000000001000000000001110000000000001
0011000000000000100100010000000000000000001100000000100100000000001100010000000000
0000001000000000000000000000001000000000000000001000000010000000100010000000000100
0000000000000001010000000000000000000000000010000011000000100000101000000010000000
0000000001000000010000000000000000000000000000010100000000110000000000000000000000
1000000000001000000000000000000100000000000000001000000000000000000000001000000000
0000001000110000000000000000000010000000000000000100100001000010000000100000100000
0100000000100000000000000000011000000000000001010000000000010000000010000000000000
0000000000000000000000000000000000001000000000000000100000000000000000000000000010
0000000000000000000000000000000000000000000000000000001010000000100100000000000000
0000101000000000000000010000000000000000010000000100100000000000000001000000000000
0000000000000010000000000000000000000010000000100000000000000000000110001000000010
0000000000010001000000000000000000000000000100000100000000100000000000000000010000
0000000000000000000010000000000000001000100100010010000010000000000000000010100000
0010000000000000000010000000000110000000000000000000000000100000000000000000000000
0000000000000001000100000000001000000000001001000000000000000000001000000000100000
0000000000000001000000000000000000010000010000000000000000000000000000000000000000
0100000010000010000000000000000000000000100000000000000000000010000000100000000000
0000000100000000001000000000000000000000000000000000000000001000000100010000000010
0000000000000000000000000100000000000000000000000000010000000100000000001000010010
0001000000000000000000010000000000100000000000000000000000000000000000000000000011
