2x1 Basic Problem 08

0010000100000000010010100000100000000100010011101010001000010011100100000100101100
0010000101101111000101100100100000010110000100101001110100010100001010000100111011
1001000100000011110001001101101101000011100010011010001001000101001001000010100110
1011000100011111101100001101111100000000010010010001001001000100100001100010000000
1010100111111010010111101101100000010001000000001011000010011000000000100000001000
0001100011011100000000011111110011011001000000010110011000000011000000100001110010
0001011100011000111011001111000000010000001001000010000000111010100000011010100101
1000011100110001001100000011000000100110001100000011110010010000010000100000011000
1000111001010100101110010010101010010000010000001111111111000001100000100000100100
0011100000111001100000000001010000000001101001011100010011001001100000101100000100
1110110110001000110000111000110100000010101100011000000101110101110000111000001010
1101110101101001010001010100011110010010000010111000101001100110001010111000000011
0000000110000101100110100110011001000000100100010100110000110101000000100000011110
0011110010100101000110001010111100110010000100010111000100000011101100100010000001
1000110001000101101000011100110100001000000100010000100001101000001000000011010001
0111000000111110000110110111011101111110110001001010100111110010110101000000010100
0111110111001101100101001000011101111110000000101100101011100100001000101100101011
0010011110100011000101000110011000100111110100100110000111010010010001001100101100
0110000000000011000101000010111011000011110000111111101101010000000010100011000011
0111000000000100011100000011111011000101111001010000110000000100000000000010111001
0101001000111001111000000100011000101100011110101111000000011001100010010000000101
0101100000001011010110001001111000001000001111111111111000011000100010110100010000
0100110000010010010111010100110000000110010110110011111111001000101100100010000001
0101110100110010111101000000110001000111111011100000000111111010010001001000100000
1010010111000001100011011001100010011111100000010110000010001010000000010000001000
0011011101001010000100100000100000011001001100011101000001111111101001101000111110
0000111100001000101010000001110011100010000011100010011101001001110000011110011010
0111010111000111101001101110101110110000011000000011100000101001001001100010000000
1101001101101010111110011111111111101010010110000101001000000100100100000000000100
1001000001111000011011110000011000101000000000000011000110111000011110001010000100
1110000011011111111101100100110000101001101111010110010001001100100011000000011110
0000110000110001111010110111101010000001100000100011100000011000010101100100001000
1110100000001001000000010011000011011111010000110000100100000100011010111000110011
0101010000011101111000101011001010010101001001001000000001100101100010011010010010
0001000100010011111000110111100001100111010100000000001001101000101000110100101001
0001100110000001010111110100000010001010000001101001110001000001111000001101110000
0000100101000110010000111000010001000101000001000000110001000000000000000111100011
0011000010010000010111011000100000100100010000100100010000110100101000111110101000
1100111001010111100000011100010000000011110001000111000001000000110100100111000000
0110001010000000111101110010100010011000010000000100000010000100101011000001001000
0100100000000011100011111000011100001110011000000010000000010000010000000001001000
0000100011010001000110101010100000001000000001000000000100000000001000000011100001
0010000100010000111110111011000000000001000010001000100100000000000001110001101101
0011000000001110100001100010000000000101101000100000011100110101110100001100110110
1010010010100000011111101010100000010000000001010110001011011001100100100101000010
1001000101101100000101100001001000000010100100001000001000000010001000000001001000
0110011001000100000001010001100100000111001100011001111011100001100001010100101001
0000010000001010000011011010010100000100010000001100101110001000110011000000101000
1111000110010001101001111000100010000000101100000101001100000001010000110101110001
0001010000101011001000000100100010001010100100100000000100000000000010010000010001
0000000011100111000000001000000100000001000100000110000100100000111001100001110010
0111010001100100001011111010110000100000100000000011111000100010110010001010110100
0010001000000000101011100001000000000011001011100110000001000000010110000010111100
1000000100010000010100100010100010101010000000110000010000100100000000100001111110
1000000000001100001001000000100101001000010000010001001010000100101000000000001011
1101000000000001000110100000000010100010111000000010110000000001000001000011100000
0000010110110000010001100001110100100000101010100100000001001001010000110101010000
0000110100010100010100110000000110001000010100101010100110001101110010000011100101
0000001010110101001011110000110001011010000011000000001000000110010110000111100011
1001000001011000000110010111100101110111110010110010001000010000010011011010001011
0000100111011110101000011100010001100101000000000100000001110001000110000110010000
1010000100000110110100011001000010000000000011000010000100100000011010110110011000
1011010100000000000110111101001000100100111100101011011110100010011000111100100110
0001000100000100100110000111000100111000000110000000110100000100000001001010010011
0100111000001110011100110100010000000000010010000010000100100001011010001100010101
0001100000100100100001000011010010001100000001010000000110011000010000110100001001
0011000001000000100111000111100100001111010010110010100000010011100001100000100000
0000010100010100000000100001100000011101001101111100100001111010010011111000011101
0100000001000101001110000000111100000010000000000000100100001000011101000010100001
0001100110011100100000000101011101101010000001000000100010110000111110000100100001
0110100000000111000000001001100010000000000011000100110100000100111100000000101101
0100000000001100000001000000101011100101000000100000010101100000110011001100110000
0000000001000001110111001010110110010010000000101110011000101001111110011000000000
0010000000011111001111001000001000011110000000100001000000101101001000001000000010
0101000000000010110000000001000001000011100111010100000111110110001011010001010000
0100100010100101000001100100100100100001111110001100001101101001001001100010010000
1001100000101101010100010010010101101010111011110111111110010001000001000000100110
0000010101010101000010001010100001000000100010001001000001110000011010000101000100
0001110000000110010000000001010111000001001010010100001110011110001000101000000000
0100010000000101001000000000000000010101001101010011000000000010011100010000000010
0000001011100101000001000011010000000001000011101101011101011100000000000000100000
0110000011111010000001100000000101000000101110010010000001100100001001110000100010
