2x1 Basic Problem 10

0000000010000000000000000100000000000100010000000110000000000000000000000000000000
0000000010000000000010100000000000000000000000000000000000000000000000000000000001
0000000001000000000000000000000000000010000000000000000000000000000000010101010000
0000100000000000000000000000000000001000010000000000100000000000000000100000000000
0000000000000000000000010000000000000000000000000000000000010000000000000000000000
1000000000000000000000000000000000000000000000000000000100000000000000000000000100
0001010000010000000010000100000000000000001000000010000100000000000000000100000000
0000100100100000000000000000000000000000001000000100000000000000000000000000000000
0000000111111111111111110111111111111111111111111111111111110111111111111110000000
0000000111111111111101111101101111101111100000000000000000000000000000100110000000
0100000111111101111111111111101011111111000000000000000000011000000000000110000000
0000000111111111111111111101101011111111000000110010000000000000000000000110001000
0001000111111111111111111111111111011111100000000000000000010000000000000110000000
1000000111111111111111111111111111110111100000000000000000000001000000000110000000
0000000101111111111111111111111111111111000000000000000000010000000000011110001000
0000000011111101111101111111111101110111100001100000000001000000000000000110000000
0010001111011111011111111111111111111111100000000000010100000011000000000110000000
0001011011111111101111111111111110111111100100100000000000000000010000000110000000
0000000111111111011111111101111111110011100000000001001000000000000001000111000000
0101000111101111111111101111111111011111101100001000000100000000000010000110000000
0001000111111111011001111111111111111111100001000000100000000000000000000110000000
0000000111111111111111111111111110110111100010000100011000000000000000000110000000
0001010111111111111111111111111111111111100100000000000000001000000000010110000000
0000000101111111111111111111111111111111100000000000000000000000000000000110000100
0000000111111111111111111111111101111111100000000000000000001000000000000110000100
0000000110111010111111111111111101111011100000000000000000000000000000000100000000
0000000111101111111111111111110111111111100000010000000000000000000000000110000001
0000000111101101111111111111111111111111100000000000001000101000001000000110000000
1000000111111111111101111111111111111111100000000000100000000000010000000110000001
1000100111111111111111111110111010111111100001000000000001000100000000000110100000
0010000111111111111111111111111011111111100000000000000000000000000000000010010000
0000010101111111111111111111111111111111100000000001000100000000000000000100000000
0100100111111011111111011111111111111111100000000000000000000100000000100100000010
0000000111111111111111111110111111111111100100000000100010000000100000000110100000
0000010011011111111111111110111111011101100100011000000000000000000001000110000000
0000000110101110111111111111111111111111100000001010000000000000000000000100000000
0000010011101111111111111101110111111111000100000000000000000000000000000110000000
0001000111111111111111111111111111111101100000000000000000000000000000000110000000
1000000111111111111111111111111110111111101000000000001000000000000000000110000000
0000000111101111101111111111101111111011100000000000000000000000000000000110000000
0000000111111111110111111011111111111111100000001000000000100100000000000110000000
0000000111111110111111111011111111111111100000000000000000000000000000000100000000
0000010111111111111111111011111111111111100000000100010000000000000100001100000000
0000000111111111111101111111111111111111100100010000010001100000100000000110000010
0010000111111110111111111111101111111110100000000000000000111000000000001110000000
0000000111110111111111111111101111111111100000000000000001000010000000000110000000
0000000111111110111111111111111011110111100000000000000000000000000000000110000000
0001000111111111111111111111111011110111100000000000000010000001000000010100000000
0000000111111111101111111111111111111111100000000000000000000000100000000110000000
0000000001111111011111011111111111111111110000000000000000000000001001000110010001
0000000011111111111111111111101111110111100000000000000000000000100000000110000000
0000000111111111111111111111111110011111100000000100000000001000010000000110000100
0000000111111111111111111011110011111111101000100000000000000000000000000110000000
0010000111111111111111111111101111111110100000000000000000000000000001000110000000
0001000111111011111101110111011111111111100010000000000100010000010000000110000000
0000000110111111111111111111010111111111100000000000000000000000000000000111000010
0000010111111111111101111111111111111101100000000000000000000000111001010010000000
0000000111011011111111111111111111111111100000000000000000100000000000000110000000
0000000001111111111111111111011011111111100000000100000000000010000000010110000000
0000000111111111111111111111011111011011100000000000000001000000000000000110000000
0000001011111111111111111111111111111110101000000000000000001000000000000110000000
0100000111111111101111111111111111111111110000000000000100000000000000000110000010
1000000110111110001111111111111011100111101100000000010011000000000000000110000000
0000000101111110111111111111101101110111100000000001000000000000010000000110000000
0000000111111110111111111111110101111101110011000100000000000000000000000110000000
0000000111111001111111111111001111111110100000000000000000000000000000000100000000
1000000111111111101011111111111101111111100000101000000000000000001000000110000000
0000000111111111111111110111111111111111100000000000000001000000001010000110000000
0000000111111111111101111111111111111111100000000000000000001000000000000110000000
0000010111111110111111111111111110111111101000000000000010000000000000001110001000
0000001111111111111111111111111111111111100000010000000000000000000100001110000000
0000000011101111011011111111111011111111100000000000000000000010000000000110000000
0000000111111111111111111011011111111111100000001000010000000010000100000110000000
0000000111111111111111101111111111111111111111111110110101101011111111001010000000
0000000001111111111110111111111101011111111111111110111111011101111011111110000000
0000000000000100000000000000000000000000000000000000000000110000000000000000000000
0000000000000000000010000000000100000000001000000000000000100000000000000000000000
0000000000000000000010000000000000000001000001000000001000010000000000000001000000
0000000000010000000010000000000000000000000010000000000000000000000000000010000100
0000000100000000000000000000000100000000000000000100000000000000001000000000100010
0000000100000000000000000000000000000000000000000000000000000000000000000000000000
0000000000000000000000000000000000000010000010000000000000000000000000000000000000
