0000000000000000000000000000000000000000000000000000000000000000000000000000000000
0000000000000000000000000000000000000000000000000000000000000000000000000000000000
0000000000000000000000000000000000000000000000000000000000000000000000000000000000
0000000000000000000000000000000000000000000000000000000000000000000000000000000000
0000000000000000000000000000000000000000000000000000000000000000000000000000000000
0000000000000000000000000000000001111111111111110000000000000000000000000000000000
0000000000000000000000000000011111111100000011111111000000000000000000000000000000
0000000000000000000000000001111100000000000000000111111000000000000000000000000000
0000000000000000000000000111100000000000000000000000011110000000000000000000000000
0000000000000000000000011100000000000000000000000000000111100000000000000000000000
0000000000000000000001110000000000000000000000000000000001110000000000000000000000
0000000000000000000011000000000000000000000000000000000000011100000000000000000000
0000000000000000001110000000000000000000000000000000000000001110000000000000000000
0000000000000000011100000000000000000000000000000000000000000011000000000000000000
0000000000000000110000000000000000000000000000000000000000000001100000000000000000
0000000000000001100000000000000000000000000000000000000000000000111000000000000000
0000000000000011000000000000000000000000000000000000000000000000011000000000000000
0000000000000110000000000000000000000000000000000000000000000000001100000000000000
0000000000001100000000000000000000000000000000000000000000000000000110000000000000
0000000000011000001111111111111111111111111111111111111111111111000011000000000000
0000000000011000001100000000000000000000000000000000000000000011000001100000000000
0000000000110000001100000000000000000000000000000000000000000011000001100000000000
0000000001100000001100000000000000000000000000000000000000000011000000110000000000
0000000001100000001100000000000000000000000000000000000000000011000000011000000000
0000000011000000001100000000000000000000000000000000000000000011000000011000000000
0000000011000000001100000000000000000000000000000000000000000011000000001100000000
0000000110000000001100000000000000000000000000000000000000000011000000001100000000
0000000110000000001100000000000000000000110000000000000000000011000000000100000000
0000001100000000001100000000000000000001110000000000000000000011000000000110000000
0000001100000000001100000000000000000001111000000000000000000011000000000010000000
0000001000000000001100000000000000000011011000000000000000000011000000000011000000
0000011000000000001100000000000000000011001100000000000000000011000000000011000000
0000011000000000001100000000000000000110001100000000000000000011000000000011000000
0000011000000000001100000000000000000110000110000000000000000011000000000001000000
0000010000000000001100000000000000001100000110000000000000000011000000000001100000
0000010000000000001100000000000000001100000011000000000000000011000000000001100000
0000110000000000001100000000000000011000000011000000000000000011000000000001100000
0000110000000000001100000000000000011000000001100000000000000011000000000001100000
0000110000000000001100000000000000110000000001100000000000000011000000000001100000
0000110000000000001100000000000000110000000000110000000000000011000000000000100000
0000110000000000001100000000000001100000000000110000000000000011000000000000100000
0000110000000000001100000000000001100000000000011000000000000011000000000000100000
0000110000000000001100000000000011000000000000011000000000000011000000000000100000
0000110000000000001100000000000011000000000000001100000000000011000000000000100000
0000110000000000001100000000000110000000000000001100000000000011000000000001100000
0000110000000000001100000000000110000000000000000110000000000011000000000001100000
0000010000000000001100000000001100000000000000000110000000000011000000000001100000
0000010000000000001100000000001100000000000000000011000000000011000000000001100000
0000011000000000001100000000011000000000000000000011000000000011000000000001000000
0000011000000000001100000000011000000000000000000001100000000011000000000001000000
0000011000000000001100000000110000000000000000000001100000000011000000000011000000
0000001000000000001100000000110000000000000000000000110000000011000000000011000000
0000001100000000001100000001100000000000000000000000110000000011000000000010000000
0000001100000000001100000001100000000000000000000000011000000011000000000110000000
0000000100000000001100000011111111111111111111111111111000000011000000000110000000
0000000110000000001100000011111111111111111111111111111000000011000000000100000000
0000000110000000001100000000000000000000000000000000000000000011000000001100000000
0000000011000000001100000000000000000000000000000000000000000011000000001000000000
0000000011000000001100000000000000000000000000000000000000000011000000011000000000
0000000001100000001100000000000000000000000000000000000000000011000000110000000000
0000000000110000001100000000000000000000000000000000000000000011000000110000000000
0000000000110000001000000000000000000000000000000000000000000011000001100000000000
0000000000011000001100000000000000000000000000000000000000000011000011000000000000
0000000000001100001111111111111111111111111111111111111111111110000011000000000000
0000000000000110000000000000000000000000000000000000000000000000000110000000000000
0000000000000111000000000000000000000000000000000000000000000000001100000000000000
0000000000000011100000000000000000000000000000000000000000000000011000000000000000
0000000000000001110000000000000000000000000000000000000000000000110000000000000000
0000000000000000111000000000000000000000000000000000000000000011100000000000000000
0000000000000000001100000000000000000000000000000000000000000111000000000000000000
0000000000000000000111000000000000000000000000000000000000001100000000000000000000
0000000000000000000011100000000000000000000000000000000000111000000000000000000000
0000000000000000000000111000000000000000000000000000000011110000000000000000000000
0000000000000000000000001110000000000000000000000000001111000000000000000000000000
0000000000000000000000000011110000000000000000000001111100000000000000000000000000
0000000000000000000000000000111111000000000000011111100000000000000000000000000000
0000000000000000000000000000000111111111111111111100000000000000000000000000000000
0000000000000000000000000000000000001111111110000000000000000000000000000000000000
0000000000000000000000000000000000000000000000000000000000000000000000000000000000
0000000000000000000000000000000000000000000000000000000000000000000000000000000000
0000000000000000000000000000000000000000000000000000000000000000000000000000000000
0000000000000000000000000000000000000000000000000000000000000000000000000000000000

0000000000000000000000000000000000000000000000000000000000000000000000000000000000
0000000000000000000000000000000000000000000000000000000000000000000000000000000000
0000000000000000000000000000000000000000000000000000000000000000000000000000000000
0000000000000000000000000000000000000000000000000000000000000000000000000000000000
0000000000000000000000000000000000000000000000000000000000000000000000000000000000
0000000000000000000000000000000000000001111000000000000000000000000000000000000000
0000000000000000000000000000000001111111111111111100000000000000000000000000000000
0000000000000000000000000000011111111111111111111111100000000000000000000000000000
0000000000000000000000000001111111111111111111111111111100000000000000000000000000
0000000000000000000000000111111111111111111111111111111111000000000000000000000000
0000000000000000000000011111111111111111111111111111111111100000000000000000000000
0000000000000000000001111111111111111111111111111111111111111000000000000000000000
0000000000000000000011111111111111111111111111111111111111111100000000000000000000
0000000000000000000111111111111111111111111111111111111111111111000000000000000000
0000000000000000011111111111111111111111111111111111111111111111100000000000000000
0000000000000000111111111111111111111111111111111111111111111111110000000000000000
0000000000000001111111111111111111111111111111111111111111111111111000000000000000
0000000000000011111111111111111111111111111111111111111111111111111100000000000000
0000000000000111111111111111111111111111111111111111111111111111111110000000000000
0000000000000111111111111111111111111111111111111111111111111111111110000000000000
0000000000001111111100000000000000000000000000000000000000000011111111000000000000
0000000000011111111100000000000000000000000000000000000000000011111111100000000000
0000000000011111111100000000000000000000000000000000000000000011111111110000000000
0000000000111111111100000000000000000000000000000000000000000011111111110000000000
0000000001111111111100000000000000000000000000000000000000000011111111111000000000
0000000001111111111100000000000000000000000000000000000000000011111111111000000000
0000000001111111111100000000000000000000000000000000000000000011111111111100000000
0000000011111111111100000001111111111111111111111111111100000011111111111100000000
0000000011111111111100000001100000000000000000000000011000000011111111111100000000
0000000111111111111100000000100000000000000000000000011000000011111111111110000000
0000000111111111111100000000110000000000000000000000010000000011111111111110000000
0000000111111111111100000000010000000000000000000000110000000011111111111110000000
0000001111111111111100000000011000000000000000000000100000000011111111111111000000
0000001111111111111100000000001000000000000000000001100000000011111111111111000000
0000001111111111111100000000001100000000000000000001000000000011111111111111000000
0000001111111111111100000000000100000000000000000011000000000011111111111111000000
0000001111111111111100000000000110000000000000000010000000000011111111111111000000
0000001111111111111100000000000010000000000000000110000000000011111111111111100000
0000011111111111111100000000000011000000000000000100000000000011111111111111100000
0000011111111111111100000000000001000000000000001100000000000011111111111111100000
0000011111111111111100000000000001100000000000001000000000000011111111111111100000
0000011111111111111100000000000000100000000000011000000000000011111111111111100000
0000011111111111111100000000000000110000000000010000000000000011111111111111100000
0000011111111111111100000000000000110000000000110000000000000011111111111111100000
0000001111111111111100000000000000011000000000100000000000000011111111111111100000
0000001111111111111100000000000000011000000001100000000000000011111111111111100000
0000001111111111111100000000000000001100000001000000000000000011111111111111000000
0000001111111111111100000000000000001100000011000000000000000011111111111111000000
0000001111111111111100000000000000000110000010000000000000000011111111111111000000
0000001111111111111100000000000000000110000110000000000000000011111111111111000000
0000000111111111111100000000000000000011000100000000000000000011111111111111000000
0000000111111111111100000000000000000011001100000000000000000011111111111110000000
0000000111111111111100000000000000000001101000000000000000000011111111111110000000
0000000011111111111100000000000000000001111000000000000000000011111111111110000000
0000000011111111111100000000000000000000110000000000000000000011111111111100000000
0000000011111111111100000000000000000000010000000000000000000011111111111100000000
0000000001111111111100000000000000000000000000000000000000000011111111111000000000
0000000001111111111100000000000000000000000000000000000000000011111111111000000000
0000000000111111111100000000000000000000000000000000000000000011111111110000000000
0000000000111111111100000000000000000000000000000000000000000011111111110000000000
0000000000011111111100000000000000000000000000000000000000000011111111100000000000
0000000000001111111100000000000000000000000000000000000000000011111111000000000000
0000000000001111111100000000000000000000000000000000000000000011111111000000000000
0000000000000111111111111111111111111111111111111111111111111111111110000000000000
0000000000000011111111111111111111111111111111111111111111111111111100000000000000
0000000000000001111111111111111111111111111111111111111111111111111000000000000000
0000000000000000111111111111111111111111111111111111111111111111110000000000000000
0000000000000000011111111111111111111111111111111111111111111111100000000000000000
0000000000000000001111111111111111111111111111111111111111111111000000000000000000
0000000000000000000111111111111111111111111111111111111111111110000000000000000000
0000000000000000000001111111111111111111111111111111111111111000000000000000000000
0000000000000000000000111111111111111111111111111111111111110000000000000000000000
0000000000000000000000001111111111111111111111111111111111000000000000000000000000
0000000000000000000000000011111111111111111111111111111100000000000000000000000000
0000000000000000000000000000111111111111111111111111110000000000000000000000000000
0000000000000000000000000000000111111111111111111110000000000000000000000000000000
0000000000000000000000000000000000001111111111000000000000000000000000000000000000
0000000000000000000000000000000000000000000000000000000000000000000000000000000000
0000000000000000000000000000000000000000000000000000000000000000000000000000000000
0000000000000000000000000000000000000000000000000000000000000000000000000000000000
0000000000000000000000000000000000000000000000000000000000000000000000000000000000
0000000000000000000000000000000000000000000000000000000000000000000000000000000000

0000000000000000000000000000000000000000000000000000000000000000000000000000000000
0000000000000000000000000000000000000000000000000000000000000000000000000000000000
0000000000000000000000000000000000000000000000000000000000000000000000000000000000
0000000000000000000000000000000000000000000000000000000000000000000000000000000000
0000000000000000000000000000000000000000000000000000000000000000000000000000000000
0000011111111111111111111111111111111111111111111111111111111111111111111111110000
0000010000000000000000000000000000000000000000000000000000000000000000000000110000
0000010000000000000000000000000000000000000000000000000000000000000000000000110000
0000010000000000000000000000000000000000000000000000000000000000000000000000110000
0000010000000000000000000000000000000000000000000000000000000000000000000000110000
0000010000000000000000000000000000000011111110000000000000000000000000000000110000
0000010000000000000000000000000001111111111111111100000000000000000000000000110000
0000010000000000000000000000001111100000000000011111100000000000000000000000110000
0000010000000000000000000001111100000000000000000001111000000000000000000000110000
0000010000000000000000000011100000000000000000000000011110000000000000000000110000
0000010000000000000000001110000000000000000000000000000111000000000000000000110000
0000010000000000000000011000000000000000000000000000000001110000000000000000110000
0000010000000000000001110000000000000000000000000000000000111000000000000000110000
0000010000000000000011100000000000000000000000000000000000001100000000000000110000
0000010000000000000110000000000000000000000000000000000000000110000000000000110000
0000010000000000001100000000000000000000000000000000000000000011000000000000110000
0000010000000000011000000000000000000000000000000000000000000001100000000000110000
0000010000000000011000000000000000000000000000000000000000000000110000000000110000
0000010000000000110000000000000000000000000000000000000000000000110000000000110000
0000010000000001100000000000000000000000000000000000000000000000011000000000110000
0000010000000001000000000100000000000000000000000000000010000000001100000000110000
0000010000000011000000001110000000000000000000000000000111000000001100000000110000
0000010000000110000000011011000000000000000000000000001101100000000110000000110000
0000010000000110000000110001100000000000000000000000011000110000000010000000110000
0000010000001100000000100000110000000000000000000000110000010000000011000000110000
0000010000001100000001100000011000000000000000000001100000011000000011000000110000
0000010000001000000011000000001100000000000000000011000000001100000001000000110000
0000010000011000000011000000000110000000000000000110000000001100000001100000110000
0000010000011000000010000000000011000000000000001100000000000100000001100000110000
0000010000011000000110000000000001100000000000011000000000000110000000100000110000
0000010000010000000110000000000000110000000000110000000000000110000000110000110000
0000010000010000000100000000000000011000000001100000000000000010000000110000110000
0000010000110000000100000000000000001100000011000000000000000010000000110000110000
0000010000110000001100000000000000000110000110000000000000000011000000110000110000
0000010000110000001100000000000000000011001100000000000000000011000000110000110000
0000010000110000001100000000000000000001111000000000000000000011000000110000110000
0000010000110000001100000000000000000000110000000000000000000011000000110000110000
0000010000110000001100000000000000000000000000000000000000000011000000110000110000
0000010000110000001100000000000000000000000000000000000000000011000000110000110000
0000010000110000000100000000000000000000000000000000000000000011000000110000110000
0000010000110000000100000000000000000000000000000000000000000010000000110000110000
0000010000010000000100000000000000000000000000000000000000000010000000110000110000
0000010000010000000110000000000000000000000000000000000000000110000000100000110000
0000010000011000000110000000000000000000000000000000000000000110000000100000110000
0000010000011000000010000000000000000000000000000000000000000100000001100000110000
0000010000001000000011000000000000000000000000000000000000001100000001100000110000
0000010000001100000001000000000000000000000000000000000000001000000001000000110000
0000010000001100000001100000000000000000000000000000000000011000000011000000110000
0000010000000100000000110000000000000000000000000000000000110000000011000000110000
0000010000000110000000010000000000000000000000000000000000100000000110000000110000
0000010000000010000000011000000000000000000000000000000001100000000110000000110000
0000010000000011000000001100000000000000000000000000000011000000001100000000110000
0000010000000001100000000110000000000000000000000000000110000000001100000000110000
0000010000000001100000000011100000000000000000000000011100000000011000000000110000
0000010000000000110000000001110000000000000000000000111000000000110000000000110000
0000010000000000011000000000011100000000000000000011100000000001100000000000110000
0000010000000000001100000000000111100000000000011110000000000011100000000000110000
0000010000000000000110000000000001111111111111111000000000000011000000000000110000
0000010000000000000111000000000000001111111111000000000000001110000000000000110000
0000010000000000000001100000000000000000000000000000000000011100000000000000110000
0000010000000000000000110000000000000000000000000000000000111000000000000000110000
0000010000000000000000011100000000000000000000000000000011100000000000000000110000
0000010000000000000000001111000000000000000000000000000111000000000000000000110000
0000010000000000000000000011110000000000000000000000111100000000000000000000110000
0000010000000000000000000000111110000000000000000011110000000000000000000000110000
0000010000000000000000000000001111111000000001111111000000000000000000000000110000
0000010000000000000000000000000000111111111111111000000000000000000000000000110000
0000010000000000000000000000000000000000000000000000000000000000000000000000110000
0000010000000000000000000000000000000000000000000000000000000000000000000000110000
0000010000000000000000000000000000000000000000000000000000000000000000000000110000
0000010000000000000000000000000000000000000000000000000000000000000000000000110000
0000011111111111111111111111111111111111111111111111111111111111111111111111110000
0000011111111111111111111111111111111111111111111111111111111111111111111111100000
0000000000000000000000000000000000000000000000000000000000000000000000000000000000
0000000000000000000000000000000000000000000000000000000000000000000000000000000000
0000000000000000000000000000000000000000000000000000000000000000000000000000000000
0000000000000000000000000000000000000000000000000000000000000000000000000000000000

0000000000000000000000000000000000000000000000000000000000000000000000000000000000
0000000000000000000000000000000000000000000000000000000000000000000000000000000000
0000000000000000000000000000000000000000000000000000000000000000000000000000000000
0000000000000000000000000000000000000000000000000000000000000000000000000000000000
0000000000000000000000000000000000000000000000000000000000000000000000000000000000
0000011111111111111111111111111111111111111111111111111111111111111111111111110000
0000010000000000000000000000000000000000000000000000000000000000000000000000110000
0000010000000000000000000000000000000000000000000000000000000000000000000000110000
0000010000000000000000000000000000000000000000000000000000000000000000000000110000
0000010000000000000000000000000000000000000000000000000000000000000000000000110000
0000010000000000000000000000000000000111111110000000000000000000000000000000110000
0000010000000000000000000000000111111111111111111100000000000000000000000000110000
0000010000000000000000000000001111100000000000111111100000000000000000000000110000
0000010000000000000000000001111100000000001000000001111000000000000000000000110000
0000010000000000000000000111100000010000000000000010011110000000000000000000110000
0000010000000000000000001110000000000000000000000000001111100000000000000000110000
0000010000000000000000011010100000000000100000000100010011110000000000000000110000
0000010000000000000001110001000000001010101000000001001010111000000000000000110000
0000010000000000000011100001000000000000010000000100010001001100000000000000110000
0000010000000000000110110000000000000010000010000001000011000110000000000000110000
0000010000000000001100000000000001001010000000100000001000000011000000000000110000
0000010000000000011100000001000000000000000000000000001000000001100000000000110000
0000010000000000011101000000000100000000000000001000000010100100110000000000110000
0000010000000000110000000000001100000000000000010000000100000000110000000000110000
0000010000000001100000010000000000000000000000000000100100000011011000000000110000
0000010000000001100100001100100010001010010000000000000010010100001100000000110000
0000010000000011000010011111000100000010000111001100001111000100001100000000110000
0000010000000110000000011011000000100000000000000000001101100000010110000000110000
0000010000000110000000110011100000000110100000000000011100110000000010000000110000
0000010000001100100001100100110001000000001000000000110000010000001011000000110000
0000010000001100001001100001011000100000000000000001100000011000010011000000110000
0000010000001100000011100000001100100001010000010011000000001100000001000000110000
0000010000011000000011100000000110000000000010000110000000011100000001100000110000
0000010000011001000010000000100011000110000000001100000000000100010001100000110000
0000010000011001000110000110000011100000000010011100000001000110000010100000110000
0000110000011000000110000000000000111000000000110000000000100110000000110000110000
0000010000010000000100000000000000011000000101100000000000000010000000110000110000
0000110000110000100100000000000000001100000011000010010000000110001000110000110000
0000010000110000001100000001000000000110001110001100000000000011000000110000110000
0000010000110000001100010000000010000011011100001010000000000011000000110000110000
0000010000110000011101000000000010010001111010000001000000000111100000110000110000
0000010000110000001100100000101000000000110000100000000000000011000000110000110000
0000010000111000001100010000000000000000010000000000000000000011000000110000110000
0000010000110000001100000000000000001001110000000000000000100011001000110000110000
0000010000110010010100000001000000000000000100000000000000100011000000110000110000
0000010000110001000100000000010000011000000000000000000000000010000010110000110000
0000110000010001000100100000000100100000110000010000000010000011000000110000110000
0000010000010000100110000100000000000000000000000100110000000110000000100000110000
0000010000011000000111000010100000000001010000000100001000001110100001100000110000
0000010000011000000010000000011000011100100000000000010000010100000001100000110000
0000110000001100000011100110011000000010000000000000100000001100001001100000110000
0000010000001100000001100000010000000000000000000010100000001000000011000000110000
0000010000001100000001100000000000000000010100001000100000011000000011000000110000
0000010000000100100000110000001000001000000000000000000000110000000011000000110000
0000010000000110000000011000000100000110000000000000000001100000000110000000110000
0000010000000010000001111000000010000000000000100000000011100000001110000000110000
0000010000000011010001011100000000010100000000000010000011100000001100000000110000
0000010000000001100000000110000001010000000001100000010111000000001100000000110000
0000010000000001110000000011100000000000000000101001011101000001111000000000110000
0000010000000000111000100001111011000000000000100000111001000001110000000000110000
0000110000000000011000000000011110000000000010000011100000010001100000000000110000
0000010000000000001100011000000111100100000010011110000011000011100000000000110000
0000110000000000000110010000010001111111111111111100000000000111000000000000110000
0000010000000000000111100000000000001111111111000100010001101110000000000000110000
0000010000000000000001111000000000000000000000000000001010011100000000000000110000
0000010000000000000000111000000000001000001000000000100001111000000000000000110000
0000010000000000000000011100000000000100001011000000000111100000000000000000110000
0000010000000000000000001111100000000000001001000000010111000000000000000000110000
0000010000000000000000000011110000100000001000000001111100000000000000000000110000
0000010000000000000000000000111111000000001001011111110000000000000000000000110000
0000010000000000000000000000001111111001101011111111000000000000000000000000110000
0000010000000000000000000000000000111111111111111000000000000000000000000000110000
0000010000000000000000000000000000000000000000000000000000000000000000000000110000
0000010000000000000000000000000000000000000000000000000000000000000000000000110000
0000010000000000000000000000000000000000000000000000000000000000000000000000110000
0000010000000000000000000000000000000000000000000000000000000000000000000000110000
0000011111111111111111111111111111111111111111111111111111111111111111111111110000
0000011111111111111111111111111111111111111111111111111111111111111111111111100000
0000000000000000000000000000000000000000000000000000000000000000000000000000000000
0000000000000000000000000000000000000000000000000000000000000000000000000000000000
0000000000000000000000000000000000000000000000000000000000000000000000000000000000
0000000000000000000000000000000000000000000000000000000000000000000000000000000000

