0000000000000000000000000000000000000000000000000000000000000000000000000000000000
0000000000000000000000000000000000000000000000000000000000000000000000000000000000
0000000000000000000000000000000000000000000000000000000000000000000000000000000000
0000000000000000000000000000000000000000000000000000000000000000000000000000000000
0000000000000000000000000000000000000000000000000000000000000000000000000000000000
0000000000000000000000000000000001111111111111110000000000000000000000000000000000
0000000000000000000000000000011111111100000011111111000000000000000000000000000000
0000000000000000000000000001111100000000000000000111111000000000000000000000000000
0000000000000000000000000111100000000000000000000000011110000000000000000000000000
0000000000000000000000011100000000000000000000000000000111100000000000000000000000
0000000000000000000001110000000000000000000000000000000001110000000000000000000000
0000000000000000000011000000000000000000000000000000000000011100000000000000000000
0000000000000000001110000000000000000000000000000000000000001110000000000000000000
0000000000000000011100000000000000000000000000000000000000000011000000000000000000
0000000000000000110000000000000000000000000000000000000000000001100000000000000000
0000000000000001100000000000000000000000000000000000000000000000111000000000000000
0000000000000011000000000000000000000000000000000000000000000000011000000000000000
0000000000000110000000000000000000000000000000000000000000000000001100000000000000
0000000000001100000000000000000000000000000000000000000000000000000110000000000000
0000000000011000001111111111111111111111111111111111111111111111000011000000000000
0000000000011000001100000000000000000000000000000000000000000011000001100000000000
0000000000110000001100000000000000000000000000000000000000000011000001100000000000
0000000001100000001100000000000000000000000000000000000000000011000000110000000000
0000000001100000001100000000000000000000000000000000000000000011000000011000000000
0000000011000000001100000000000000000000000000000000000000000011000000011000000000
0000000011000000001100000000000000000000000000000000000000000011000000001100000000
0000000110000000001100000000000000000000000000000000000000000011000000001100000000
0000000110000000001100000000000000000000110000000000000000000011000000000100000000
0000001100000000001100000000000000000001110000000000000000000011000000000110000000
0000001100000000001100000000000000000001111000000000000000000011000000000010000000
0000001000000000001100000000000000000011011000000000000000000011000000000011000000
0000011000000000001100000000000000000011001100000000000000000011000000000011000000
0000011000000000001100000000000000000110001100000000000000000011000000000011000000
0000011000000000001100000000000000000110000110000000000000000011000000000001000000
0000010000000000001100000000000000001100000110000000000000000011000000000001100000
0000010000000000001100000000000000001100000011000000000000000011000000000001100000
0000110000000000001100000000000000011000000011000000000000000011000000000001100000
0000110000000000001100000000000000011000000001100000000000000011000000000001100000
0000110000000000001100000000000000110000000001100000000000000011000000000001100000
0000110000000000001100000000000000110000000000110000000000000011000000000000100000
0000110000000000001100000000000001100000000000110000000000000011000000000000100000
0000110000000000001100000000000001100000000000011000000000000011000000000000100000
0000110000000000001100000000000011000000000000011000000000000011000000000000100000
0000110000000000001100000000000011000000000000001100000000000011000000000000100000
0000110000000000001100000000000110000000000000001100000000000011000000000001100000
0000110000000000001100000000000110000000000000000110000000000011000000000001100000
0000010000000000001100000000001100000000000000000110000000000011000000000001100000
0000010000000000001100000000001100000000000000000011000000000011000000000001100000
0000011000000000001100000000011000000000000000000011000000000011000000000001000000
0000011000000000001100000000011000000000000000000001100000000011000000000001000000
0000011000000000001100000000110000000000000000000001100000000011000000000011000000
0000001000000000001100000000110000000000000000000000110000000011000000000011000000
0000001100000000001100000001100000000000000000000000110000000011000000000010000000
0000001100000000001100000001100000000000000000000000011000000011000000000110000000
0000000100000000001100000011111111111111111111111111111000000011000000000110000000
0000000110000000001100000011111111111111111111111111111000000011000000000100000000
0000000110000000001100000000000000000000000000000000000000000011000000001100000000
0000000011000000001100000000000000000000000000000000000000000011000000001000000000
0000000011000000001100000000000000000000000000000000000000000011000000011000000000
0000000001100000001100000000000000000000000000000000000000000011000000110000000000
0000000000110000001100000000000000000000000000000000000000000011000000110000000000
0000000000110000001000000000000000000000000000000000000000000011000001100000000000
0000000000011000001100000000000000000000000000000000000000000011000011000000000000
0000000000001100001111111111111111111111111111111111111111111110000011000000000000
0000000000000110000000000000000000000000000000000000000000000000000110000000000000
0000000000000111000000000000000000000000000000000000000000000000001100000000000000
0000000000000011100000000000000000000000000000000000000000000000011000000000000000
0000000000000001110000000000000000000000000000000000000000000000110000000000000000
0000000000000000111000000000000000000000000000000000000000000011100000000000000000
0000000000000000001100000000000000000000000000000000000000000111000000000000000000
0000000000000000000111000000000000000000000000000000000000001100000000000000000000
0000000000000000000011100000000000000000000000000000000000111000000000000000000000
0000000000000000000000111000000000000000000000000000000011110000000000000000000000
0000000000000000000000001110000000000000000000000000001111000000000000000000000000
0000000000000000000000000011110000000000000000000001111100000000000000000000000000
0000000000000000000000000000111111000000000000011111100000000000000000000000000000
0000000000000000000000000000000111111111111111111100000000000000000000000000000000
0000000000000000000000000000000000001111111110000000000000000000000000000000000000
0000000000000000000000000000000000000000000000000000000000000000000000000000000000
0000000000000000000000000000000000000000000000000000000000000000000000000000000000
0000000000000000000000000000000000000000000000000000000000000000000000000000000000
0000000000000000000000000000000000000000000000000000000000000000000000000000000000

0000000000000000000000000000000000000000000000000000000000000000000000000000000000
0000000000000000000000000000000000000000000000000000000000000000000000000000000000
0000000000000000000000000000000000000000000000000000000000000000000000000000000000
0000000000000000000000000000000000000000000000000000000000000000000000000000000000
0000000000000000000000000000000000000000000000000000000000000000000000000000000000
0000000000000000000000000000000000000001111000000000000000000000000000000000000000
0000000000000000000000000000000001111111111111111100000000000000000000000000000000
0000000000000000000000000000011111111111111111111111100000000000000000000000000000
0000000000000000000000000001111111111111111111111111111100000000000000000000000000
0000000000000000000000000111111111111111111111111111111111000000000000000000000000
0000000000000000000000011111111111111111111111111111111111100000000000000000000000
0000000000000000000001111111111111111111111111111111111111111000000000000000000000
0000000000000000000011111111111111111111111111111111111111111100000000000000000000
0000000000000000000111111111111111111111111111111111111111111111000000000000000000
0000000000000000011111111111111111111111111111111111111111111111100000000000000000
0000000000000000111111111111111111111111111111111111111111111111110000000000000000
0000000000000001111111111111111111111111111111111111111111111111111000000000000000
0000000000000011111111111111111111111111111111111111111111111111111100000000000000
0000000000000111111111111111111111111111111111111111111111111111111110000000000000
0000000000000111111111111111111111111111111111111111111111111111111110000000000000
0000000000001111111100000000000000000000000000000000000000000011111111000000000000
0000000000011111111100000000000000000000000000000000000000000011111111100000000000
0000000000011111111100000000000000000000000000000000000000000011111111110000000000
0000000000111111111100000000000000000000000000000000000000000011111111110000000000
0000000001111111111100000000000000000000000000000000000000000011111111111000000000
0000000001111111111100000000000000000000000000000000000000000011111111111000000000
0000000001111111111100000000000000000000000000000000000000000011111111111100000000
0000000011111111111100000001111111111111111111111111111100000011111111111100000000
0000000011111111111100000001100000000000000000000000011000000011111111111100000000
0000000111111111111100000000100000000000000000000000011000000011111111111110000000
0000000111111111111100000000110000000000000000000000010000000011111111111110000000
0000000111111111111100000000010000000000000000000000110000000011111111111110000000
0000001111111111111100000000011000000000000000000000100000000011111111111111000000
0000001111111111111100000000001000000000000000000001100000000011111111111111000000
0000001111111111111100000000001100000000000000000001000000000011111111111111000000
0000001111111111111100000000000100000000000000000011000000000011111111111111000000
0000001111111111111100000000000110000000000000000010000000000011111111111111000000
0000001111111111111100000000000010000000000000000110000000000011111111111111100000
0000011111111111111100000000000011000000000000000100000000000011111111111111100000
0000011111111111111100000000000001000000000000001100000000000011111111111111100000
0000011111111111111100000000000001100000000000001000000000000011111111111111100000
0000011111111111111100000000000000100000000000011000000000000011111111111111100000
0000011111111111111100000000000000110000000000010000000000000011111111111111100000
0000011111111111111100000000000000110000000000110000000000000011111111111111100000
0000001111111111111100000000000000011000000000100000000000000011111111111111100000
0000001111111111111100000000000000011000000001100000000000000011111111111111100000
0000001111111111111100000000000000001100000001000000000000000011111111111111000000
0000001111111111111100000000000000001100000011000000000000000011111111111111000000
0000001111111111111100000000000000000110000010000000000000000011111111111111000000
0000001111111111111100000000000000000110000110000000000000000011111111111111000000
0000000111111111111100000000000000000011000100000000000000000011111111111111000000
0000000111111111111100000000000000000011001100000000000000000011111111111110000000
0000000111111111111100000000000000000001101000000000000000000011111111111110000000
0000000011111111111100000000000000000001111000000000000000000011111111111110000000
0000000011111111111100000000000000000000110000000000000000000011111111111100000000
0000000011111111111100000000000000000000010000000000000000000011111111111100000000
0000000001111111111100000000000000000000000000000000000000000011111111111000000000
0000000001111111111100000000000000000000000000000000000000000011111111111000000000
0000000000111111111100000000000000000000000000000000000000000011111111110000000000
0000000000111111111100000000000000000000000000000000000000000011111111110000000000
0000000000011111111100000000000000000000000000000000000000000011111111100000000000
0000000000001111111100000000000000000000000000000000000000000011111111000000000000
0000000000001111111100000000000000000000000000000000000000000011111111000000000000
0000000000000111111111111111111111111111111111111111111111111111111110000000000000
0000000000000011111111111111111111111111111111111111111111111111111100000000000000
0000000000000001111111111111111111111111111111111111111111111111111000000000000000
0000000000000000111111111111111111111111111111111111111111111111110000000000000000
0000000000000000011111111111111111111111111111111111111111111111100000000000000000
0000000000000000001111111111111111111111111111111111111111111111000000000000000000
0000000000000000000111111111111111111111111111111111111111111110000000000000000000
0000000000000000000001111111111111111111111111111111111111111000000000000000000000
0000000000000000000000111111111111111111111111111111111111110000000000000000000000
0000000000000000000000001111111111111111111111111111111111000000000000000000000000
0000000000000000000000000011111111111111111111111111111100000000000000000000000000
0000000000000000000000000000111111111111111111111111110000000000000000000000000000
0000000000000000000000000000000111111111111111111110000000000000000000000000000000
0000000000000000000000000000000000001111111111000000000000000000000000000000000000
0000000000000000000000000000000000000000000000000000000000000000000000000000000000
0000000000000000000000000000000000000000000000000000000000000000000000000000000000
0000000000000000000000000000000000000000000000000000000000000000000000000000000000
0000000000000000000000000000000000000000000000000000000000000000000000000000000000
0000000000000000000000000000000000000000000000000000000000000000000000000000000000

0000000000000000000000000000000000000000000000000000000000000000000000000000000000
0000000000000000000000000000000000000000000000000000000000000000000000000000000000
0000000000000000000000000000000000000000000000000000000000000000000000000000000000
0000000000000000000000000000000000000000000000000000000000000000000000000000000000
0000000000000000000000000000000000000000000000000000000000000000000000000000000000
0000011111111111111111111111111111111111111111111111111111111111111111111111110000
0000010000000000000000000000000000000000000000000000000000000000000000000000110000
0000010000000000000000000000000000000000000000000000000000000000000000000000110000
0000010000000000000000000000000000000000000000000000000000000000000000000000110000
0000010000000000000000000000000000000000000000000000000000000000000000000000110000
0000010000000000000000000000000000000011111110000000000000000000000000000000110000
0000010000000000000000000000000001111111111111111100000000000000000000000000110000
0000010000000000000000000000001111100000000000011111100000000000000000000000110000
0000010000000000000000000001111100000000000000000001111000000000000000000000110000
0000010000000000000000000011100000000000000000000000011110000000000000000000110000
0000010000000000000000001110000000000000000000000000000111000000000000000000110000
0000010000000000000000011000000000000000000000000000000001110000000000000000110000
0000010000000000000001110000000000000000000000000000000000111000000000000000110000
0000010000000000000011100000000000000000000000000000000000001100000000000000110000
0000010000000000000110000000000000000000000000000000000000000110000000000000110000
0000010000000000001100000000000000000000000000000000000000000011000000000000110000
0000010000000000011000000000000000000000000000000000000000000001100000000000110000
0000010000000000011000000000000000000000000000000000000000000000110000000000110000
0000010000000000110000000000000000000000000000000000000000000000110000000000110000
0000010000000001100000000000000000000000000000000000000000000000011000000000110000
0000010000000001000000000100000000000000000000000000000010000000001100000000110000
0000010000000011000000001110000000000000000000000000000111000000001100000000110000
0000010000000110000000011011000000000000000000000000001101100000000110000000110000
0000010000000110000000110001100000000000000000000000011000110000000010000000110000
0000010000001100000000100000110000000000000000000000110000010000000011000000110000
0000010000001100000001100000011000000000000000000001100000011000000011000000110000
0000010000001000000011000000001100000000000000000011000000001100000001000000110000
0000010000011000000011000000000110000000000000000110000000001100000001100000110000
0000010000011000000010000000000011000000000000001100000000000100000001100000110000
0000010000011000000110000000000001100000000000011000000000000110000000100000110000
0000010000010000000110000000000000110000000000110000000000000110000000110000110000
0000010000010000000100000000000000011000000001100000000000000010000000110000110000
0000010000110000000100000000000000001100000011000000000000000010000000110000110000
0000010000110000001100000000000000000110000110000000000000000011000000110000110000
0000010000110000001100000000000000000011001100000000000000000011000000110000110000
0000010000110000001100000000000000000001111000000000000000000011000000110000110000
0000010000110000001100000000000000000000110000000000000000000011000000110000110000
0000010000110000001100000000000000000000000000000000000000000011000000110000110000
0000010000110000001100000000000000000000000000000000000000000011000000110000110000
0000010000110000000100000000000000000000000000000000000000000011000000110000110000
0000010000110000000100000000000000000000000000000000000000000010000000110000110000
0000010000010000000100000000000000000000000000000000000000000010000000110000110000
0000010000010000000110000000000000000000000000000000000000000110000000100000110000
0000010000011000000110000000000000000000000000000000000000000110000000100000110000
0000010000011000000010000000000000000000000000000000000000000100000001100000110000
0000010000001000000011000000000000000000000000000000000000001100000001100000110000
0000010000001100000001000000000000000000000000000000000000001000000001000000110000
0000010000001100000001100000000000000000000000000000000000011000000011000000110000
0000010000000100000000110000000000000000000000000000000000110000000011000000110000
0000010000000110000000010000000000000000000000000000000000100000000110000000110000
0000010000000010000000011000000000000000000000000000000001100000000110000000110000
0000010000000011000000001100000000000000000000000000000011000000001100000000110000
0000010000000001100000000110000000000000000000000000000110000000001100000000110000
0000010000000001100000000011100000000000000000000000011100000000011000000000110000
0000010000000000110000000001110000000000000000000000111000000000110000000000110000
0000010000000000011000000000011100000000000000000011100000000001100000000000110000
0000010000000000001100000000000111100000000000011110000000000011100000000000110000
0000010000000000000110000000000001111111111111111000000000000011000000000000110000
0000010000000000000111000000000000001111111111000000000000001110000000000000110000
0000010000000000000001100000000000000000000000000000000000011100000000000000110000
0000010000000000000000110000000000000000000000000000000000111000000000000000110000
0000010000000000000000011100000000000000000000000000000011100000000000000000110000
0000010000000000000000001111000000000000000000000000000111000000000000000000110000
0000010000000000000000000011110000000000000000000000111100000000000000000000110000
0000010000000000000000000000111110000000000000000011110000000000000000000000110000
0000010000000000000000000000001111111000000001111111000000000000000000000000110000
0000010000000000000000000000000000111111111111111000000000000000000000000000110000
0000010000000000000000000000000000000000000000000000000000000000000000000000110000
0000010000000000000000000000000000000000000000000000000000000000000000000000110000
0000010000000000000000000000000000000000000000000000000000000000000000000000110000
0000010000000000000000000000000000000000000000000000000000000000000000000000110000
0000011111111111111111111111111111111111111111111111111111111111111111111111110000
0000011111111111111111111111111111111111111111111111111111111111111111111111100000
0000000000000000000000000000000000000000000000000000000000000000000000000000000000
0000000000000000000000000000000000000000000000000000000000000000000000000000000000
0000000000000000000000000000000000000000000000000000000000000000000000000000000000
0000000000000000000000000000000000000000000000000000000000000000000000000000000000

0000000000000000000000000000000000000000000000000000000000000000000000000000000000
0000000000000000000000000000000000000000000000000000000000000000000000000000000000
0000000000000000000000000000000000000000000000000000000000000000000000000000000000
0000000000000000000000000000000000000000000000000000000000000000000000000000000000
0000000000000000000000000000000000000000000000000000000000000000000000000000000000
0000011111111111111111111111111111111111111111111111111111111111111111111111110000
0000010000000000000000000001000000000000000000000000000000000000000000000000110000
0000010000000000000000000000000000000000000000000000000000000000000000000000110000
0000010000000000000000000000000000000000000000000000000000000000000000000000110000
0000010000000000000000000000000000000000000000000000000000000000000000000000110000
0000010000000000000000000000000000000111111110100000000000000000000000000000110000
0000110000000000000000000000000111111111111111111100000000000000000000000000110000
0000010000000000000000000000001111101000010000011111100000000000000000000000110000
0000010000000000000000000001111100010010100100100011111000000000000000000000110000
0000010000000000000000000111100000000000000000000000011110000000000000000000110000
0000010000000000000000001110000000000000100000000000000111000000000000000000110000
0000010000000000000000011100001000000000001000000000000001110000000000000000110000
0000010000000000000001110000000100000000010000010000000001111000000000000000110000
0000010000000000000011100010000000001001000000001000010000001100000000000000110000
0000010000000000000111000000010000000010010000000000000001100110000000000000110000
0000010000000000001100010000000000001001010100001000000000100111000000000000110000
0000010000000000011110000000000010000000000010001000000000000001100000000000110000
0000010000000000011000000000000010000000010001010010000010000000110000000000110000
0000010000000000110000111100000000000000001000001000100000010000110000000000110000
0000010000000001110000000000000000000000000000000001100000001000011000000000110000
0000010000000001000001000100000000000000000000110000100010000000001100000000110000
0000010000000011001000011110000000010100001010000000001111010000001100000000110000
0000010000000110000000011011000000011000000000000000001101100000100110000000110000
0000010000000110000001110011110011000000010000000000011001110000000010000000110000
0000010000001100000111100000110000000000000000000000110000010000000011000000110000
0000010000001100000011100000011010100001000000000111101001011000001011000000110000
0000010000001000010011010000011100001100000100001011000100111100010001000000110000
0000010000011011000011000100000110000000010100000110001000001101100001100100110000
0000110000011000000010100000000011010001000000001100000001010100010001100000110000
0000010000011001000110000000100001111000001100011111000000001110000000100000110000
0000010000110000001110010000001100110000101000111000000000000110000010110000110000
0000110000110000011101011000000001011100000011100000000001000010000010110000110000
0000010000111000001100100011000000101110000011000000000010000110010000110000110000
0000110000110010001100000000000000000111000110000000000000000011001000110000110000
0000010000110010001100000000000000000011001100100000000011000111000000110000110000
0000010000110000001100000000000101010001111000000000100000000011000000110000110000
0000010000110010001100100000000010000000111010001000100000010011000000110000110000
0000010000110000001100100000000000000000000001100010000000001111000000110000110000
0000010000110000001101001001000000000100000010000000010000000011000100110000110000
0000010000110000001100000000000000001000000001100100000000000011000000110000110000
0000110000110010000100000000000000000000010000000000000000010010000000110000110000
0000010000110000000100000000000001010000000100011000010000000010000001110000110000
0000110000011001000110000000000000000000000000100000000100000110010011100000110000
0000010000011010000110000100001100000000000000000011001000000110000001100000110000
0000010000011100001010100000100010000000000000000010000011010100000001100000110000
0000010000001100100011000000100100000001000000001000000000001100000001100000110000
0000010000001101000001100000000100000000001000000000000001101010000001000000110000
0000010000001100000001100000000000000001000000010000000000011000001011000000110000
0000010000000100000010110000000010000000000000000000000101111000011011000000110000
0000110000000110100000110001000000000000000001000000100000100000000110000000110000
0000010000000010000000011010000010100000000000010010000001101000000110000000110000
0000010000000011000010011100000000000000000000000001000011000001001100000000110000
0000010000000001100000101110010000000000000000000011000110000000011100000000110000
0000110000000001100100000011100001000100000000000000011100010000011000000000110000
0000010000000000110000100011110000101000000000000000111000000000110000000000110000
0000010000000000011000100000011100100010000000000011100100000001100000000000110000
0000010000000000001100000000001111100000000000011111010000001011100000000000110000
0000010000000000000110000000000001111111111111111100001000000111000000000000110000
0000010000000000000111000000000010001111111111010000010010001110000000000000110000
0000010000000000000001100000000000000000001000000010000000011100000000000000110000
0000110000000000000000111100000100000000000000000000010000111000000000000000110000
0000010000000000000000011100000000100000100000001101000011100000000000000000110000
0000110000000000000000001111000010100001000000000000001111000000000000000000110000
0000010000000000000000000011111001000000001001000001111100000000000000000000110000
0000010000000000000000000000111111100000000000010111110000000000000000000000110000
0000010000000000000000000000001111111111000111111111000000000000000000000000110000
0000010000000000000000000000000000111111111111111000000000000000000000000000110000
0000010000000000000000000000000000000000000000000000000000000000000000000000110000
0000010000000000000000000000000000000000000000000000000000000000000000000000110000
0000010000000000000000000000000000000000000000000000000000000000000000000000110000
0000010000000000000000000000000000000000000000000000000000000000000000000000110000
0000011111111111111111111111111111111111111111111111111111111111111111111111110000
0000011111111111111111111111111111111111111111111111111111111111111111111111100000
0000000000000000000000000000000000000000000000000000000000000000000000000000000000
0000000000000000000000000000000000000000000000000000000000000000000000000000000000
0000000000000000000000000000000000000000000000000000000000000000000000000000000000
0000000000000000000000000000000000000000000000000000000000000000000000000000000000

