0000000000000000000000000000000000000000000000000000000000000000000000000000000000
0000000000000000000000000000000000000000000000000000000000000000000000000000000000
0000000000000000000000000000000000000000000000000000000000000000000000000000000000
0000000000000000000000000000000000000000000000000000000000000000000000000000000000
0000000000000000000000000000000000000000000000000000000000000000000000000000000000
0000000000000000000000000000000000000000000000000000000000000000000000000000000000
0000000000000000000000000000000000000000000000000000000000000000000000000000000000
0000000000000000000000000000000000000000000000000000000000000000000000000000000000
0000000111111111111111111111111111111111111111111111111111111111111111111100000000
0000000110000000000000000000000000000000000000000000000000000000000000000110000000
0000000110000000000000000000000000000000000000000000000000000000000000000110000000
0000000110000000000000000000000000000000000000000000000000000000000000000110000000
0000000110000000000000000000000000000000000000000000000000000000000000000110000000
0000000110000000000000000000000000000000000000000000000000000000000000000110000000
0000000110000000000000000000000000000000000000000000000000000000000000000110000000
0000000110000000000000000000000000000000000000000000000000000000000000000110000000
0000000110000000000000000000000000000000000000000000000000000000000000000110000000
0000000110000000000000000000000000000000000000000000000000000000000000000110000000
0000000110000000000000000000000000000000000000000000000000000000000000000110000000
0000000110000000000000000000000000000000000000000000000000000000000000000110000000
0000000110000000000000000000000000000000000000000000000000000000000000000110000000
0000000110000000000000000000000000000000000000000000000000000000000000000110000000
0000000110000000000000000000000000000000000000000000000000000000000000000110000000
0000000110000000000000000000000000000000000000000000000000000000000000000110000000
0000000110000000000000000000000000000000000000000000000000000000000000000110000000
0000000110000000000000000000000000000000000000000000000000000000000000000110000000
0000000110000000000000000000000000000000000000000000000000000000000000000110000000
0000000110000000000000000000000000000000000000000000000000000000000000000110000000
0000000110000000000000000000000000000000000000000000000000000000000000000110000000
0000000110000000000000000000000000000000000000000000000000000000000000000110000000
0000000110000000000000000000000000000000000000000000000000000000000000000110000000
0000000110000000000000000000000000000000000000000000000000000000000000000110000000
0000000110000000000000000000000000000000000000000000000000000000000000000110000000
0000000110000000000000000000000000000000000000000000000000000000000000000110000000
0000000110000000000000000000000000000000000000000000000000000000000000000110000000
0000000110000000000000000000000000000000000000000000000000000000000000000110000000
0000000110000000000000000000000000000000000000000000000000000000000000000110000000
0000000110000000000000000000000000000000000000000000000000000000000000000110000000
0000000110000000000000000000000000000000000000000000000000000000000000000110000000
0000000110000000000000000000000000000000000000000000000000000000000000000110000000
0000000110000000000000000000000000000000000000000000000000000000000000000110000000
0000000110000000000000000000000000000000000000000000000000000000000000000110000000
0000000110000000000000000000000000000000000000000000000000000000000000000110000000
0000000110000000000000000000000000000000000000000000000000000000000000000110000000
0000000110000000000000000000000000000000000000000000000000000000000000000110000000
0000000110000000000000000000000000000000000000000000000000000000000000000110000000
0000000110000000000000000000000000000000000000000000000000000000000000000110000000
0000000110000000000000000000000000000000000000000000000000000000000000000110000000
0000000110000000000000000000000000000000000000000000000000000000000000000110000000
0000000110000000000000000000000000000000000000000000000000000000000000000110000000
0000000110000000000000000000000000000000000000000000000000000000000000000110000000
0000000110000000000000000000000000000000000000000000000000000000000000000110000000
0000000110000000000000000000000000000000000000000000000000000000000000000110000000
0000000110000000000000000000000000000000000000000000000000000000000000000110000000
0000000110000000000000000000000000000000000000000000000000000000000000000110000000
0000000110000000000000000000000000000000000000000000000000000000000000000110000000
0000000110000000000000000000000000000000000000000000000000000000000000000110000000
0000000110000000000000000000000000000000000000000000000000000000000000000110000000
0000000110000000000000000000000000000000000000000000000000000000000000000110000000
0000000110000000000000000000000000000000000000000000000000000000000000000110000000
0000000110000000000000000000000000000000000000000000000000000000000000000110000000
0000000110000000000000000000000000000000000000000000000000000000000000000110000000
0000000110000000000000000000000000000000000000000000000000000000000000000110000000
0000000110000000000000000000000000000000000000000000000000000000000000000110000000
0000000110000000000000000000000000000000000000000000000000000000000000000110000000
0000000110000000000000000000000000000000000000000000000000000000000000000110000000
0000000110000000000000000000000000000000000000000000000000000000000000000110000000
0000000110000000000000000000000000000000000000000000000000000000000000000110000000
0000000110000000000000000000000000000000000000000000000000000000000000000110000000
0000000110000000000000000000000000000000000000000000000000000000000000000110000000
0000000110000000000000000000000000000000000000000000000000000000000000000110000000
0000000110000000000000000000000000000000000000000000000000000000000000000110000000
0000000110000000000000000000000000000000000000000000000000000000000000000100000000
0000000111111111111111111111111111111111111111111111111111111111111111111110000000
0000000111111111111111111111111111111111111111111111111111111111111111111100000000
0000000000000000000000000000000000000000000000000000000000000000000000000000000000
0000000000000000000000000000000000000000000000000000000000000000000000000000000000
0000000000000000000000000000000000000000000000000000000000000000000000000000000000
0000000000000000000000000000000000000000000000000000000000000000000000000000000000
0000000000000000000000000000000000000000000000000000000000000000000000000000000000
0000000000000000000000000000000000000000000000000000000000000000000000000000000000
0000000000000000000000000000000000000000000000000000000000000000000000000000000000

0000000000000000000000000000000000000000000000000000000000000000000000000000000000
0000000000000000000000000000000000000000000000000000000000000000000000000000000000
0000000000000000000000000000000000000000000000000000000000000000000000000000000000
0000000000000000000000000000000000000000000000000000000000000000000000000000000000
0000000000000000000000000000000000000000000000000000000000000000000000000000000000
0000000000000000000000000000000000000000000000000000000000000000000000000000000000
0000000000000000000000000000000000000000000000000000000000000000000000000000000000
0000000000000000000000000000000000000000000000000000000000000000000000000000000000
0000000111111111111111111111111111111111111111111111111111111111111111111110000000
0000000111111111111111111111111111111111100000000000000000000000000000000110000000
0000000111111111111111111111111111111111100000000000000000000000000000000110000000
0000000111111111111111111111111111111111100000000000000000000000000000000110000000
0000000111111111111111111111111111111111100000000000000000000000000000000110000000
0000000111111111111111111111111111111111100000000000000000000000000000000110000000
0000000111111111111111111111111111111111100000000000000000000000000000000110000000
0000000111111111111111111111111111111111100000000000000000000000000000000110000000
0000000111111111111111111111111111111111100000000000000000000000000000000110000000
0000000111111111111111111111111111111111100000000000000000000000000000000110000000
0000000111111111111111111111111111111111100000000000000000000000000000000110000000
0000000111111111111111111111111111111111100000000000000000000000000000000110000000
0000000111111111111111111111111111111111100000000000000000000000000000000110000000
0000000111111111111111111111111111111111100000000000000000000000000000000110000000
0000000111111111111111111111111111111111100000000000000000000000000000000110000000
0000000111111111111111111111111111111111100000000000000000000000000000000110000000
0000000111111111111111111111111111111111100000000000000000000000000000000110000000
0000000111111111111111111111111111111111100000000000000000000000000000000110000000
0000000111111111111111111111111111111111100000000000000000000000000000000110000000
0000000111111111111111111111111111111111100000000000000000000000000000000110000000
0000000111111111111111111111111111111111100000000000000000000000000000000110000000
0000000111111111111111111111111111111111100000000000000000000000000000000110000000
0000000111111111111111111111111111111111100000000000000000000000000000000110000000
0000000111111111111111111111111111111111100000000000000000000000000000000110000000
0000000111111111111111111111111111111111100000000000000000000000000000000110000000
0000000111111111111111111111111111111111100000000000000000000000000000000110000000
0000000111111111111111111111111111111111100000000000000000000000000000000110000000
0000000111111111111111111111111111111111100000000000000000000000000000000110000000
0000000111111111111111111111111111111111100000000000000000000000000000000110000000
0000000111111111111111111111111111111111100000000000000000000000000000000110000000
0000000111111111111111111111111111111111100000000000000000000000000000000110000000
0000000111111111111111111111111111111111100000000000000000000000000000000110000000
0000000111111111111111111111111111111111100000000000000000000000000000000110000000
0000000111111111111111111111111111111111100000000000000000000000000000000110000000
0000000111111111111111111111111111111111100000000000000000000000000000000110000000
0000000111111111111111111111111111111111100000000000000000000000000000000110000000
0000000111111111111111111111111111111111100000000000000000000000000000000110000000
0000000111111111111111111111111111111111100000000000000000000000000000000110000000
0000000111111111111111111111111111111111100000000000000000000000000000000110000000
0000000111111111111111111111111111111111100000000000000000000000000000000110000000
0000000111111111111111111111111111111111100000000000000000000000000000000110000000
0000000111111111111111111111111111111111100000000000000000000000000000000110000000
0000000111111111111111111111111111111111100000000000000000000000000000000110000000
0000000111111111111111111111111111111111100000000000000000000000000000000110000000
0000000111111111111111111111111111111111100000000000000000000000000000000110000000
0000000111111111111111111111111111111111100000000000000000000000000000000110000000
0000000111111111111111111111111111111111100000000000000000000000000000000110000000
0000000111111111111111111111111111111111100000000000000000000000000000000110000000
0000000111111111111111111111111111111111100000000000000000000000000000000110000000
0000000111111111111111111111111111111111100000000000000000000000000000000110000000
0000000111111111111111111111111111111111100000000000000000000000000000000110000000
0000000111111111111111111111111111111111100000000000000000000000000000000110000000
0000000111111111111111111111111111111111100000000000000000000000000000000110000000
0000000111111111111111111111111111111111100000000000000000000000000000000110000000
0000000111111111111111111111111111111111100000000000000000000000000000000110000000
0000000111111111111111111111111111111111100000000000000000000000000000000110000000
0000000111111111111111111111111111111111100000000000000000000000000000000110000000
0000000111111111111111111111111111111111100000000000000000000000000000000110000000
0000000111111111111111111111111111111111100000000000000000000000000000000110000000
0000000111111111111111111111111111111111100000000000000000000000000000000110000000
0000000111111111111111111111111111111111100000000000000000000000000000000110000000
0000000111111111111111111111111111111111100000000000000000000000000000000110000000
0000000111111111111111111111111111111111100000000000000000000000000000000110000000
0000000111111111111111111111111111111111100000000000000000000000000000000110000000
0000000111111111111111111111111111111111100000000000000000000000000000000110000000
0000000111111111111111111111111111111111111111111111111111111111111111111110000000
0000000111111111111111111111111111111111111111111111111111111111111111111110000000
0000000000000000000000000000000000000000000000000000000000000000000000000000000000
0000000000000000000000000000000000000000000000000000000000000000000000000000000000
0000000000000000000000000000000000000000000000000000000000000000000000000000000000
0000000000000000000000000000000000000000000000000000000000000000000000000000000000
0000000000000000000000000000000000000000000000000000000000000000000000000000000000
0000000000000000000000000000000000000000000000000000000000000000000000000000000000
0000000000000000000000000000000000000000000000000000000000000000000000000000000000

0000000000000000000000000000000000000000000000000000000000000000000000000000000000
0000000000000000000000000000000000000000000000000000000000000000000000000000000000
0000000000000000000000000000000000000000000000000000000000000000000000000000000000
0000000000000000000000000000000000000000000000000000000000000000000000000000000000
0000000000000000000000000000000000000000000000000000000000000000000000000000000000
0000000000000000000000000000000000000000000000000000000000000000000000000000000000
0000000000000000000000000000000000000000000000000000000000000000000000000000000000
0000000000000000000000000000000000000000000000000000000000000000000000000000000000
0000000111111111111111111111111111111111111111111111111111111111111111111110000000
0000000111111111111111111111111111111111111111111111111111111111111111111110000000
0000000111111111111111111111111111111111111111111111111111111111111111111110000000
0000000111111111111111111111111111111111111111111111111111111111111111111110000000
0000000111111111111111111111111111111111111111111111111111111111111111111110000000
0000000111111111111111111111111111111111111111111111111111111111111111111110000000
0000000111111111111111111111111111111111111111111111111111111111111111111110000000
0000000111111111111111111111111111111111111111111111111111111111111111111110000000
0000000111111111111111111111111111111111111111111111111111111111111111111110000000
0000000111111111111111111111111111111111111111111111111111111111111111111110000000
0000000111111111111111111111111111111111111111111111111111111111111111111110000000
0000000111111111111111111111111111111111111111111111111111111111111111111110000000
0000000111111111111111111111111111111111111111111111111111111111111111111110000000
0000000111111111111111111111111111111111111111111111111111111111111111111110000000
0000000111111111111111111111111111111111111111111111111111111111111111111110000000
0000000111111111111111111111111111111111111111111111111111111111111111111110000000
0000000111111111111111111111111111111111111111111111111111111111111111111110000000
0000000111111111111111111111111111111111111111111111111111111111111111111110000000
0000000111111111111111111111111111111111111111111111111111111111111111111110000000
0000000111111111111111111111111111111111111111111111111111111111111111111110000000
0000000111111111111111111111111111111111111111111111111111111111111111111110000000
0000000111111111111111111111111111111111111111111111111111111111111111111110000000
0000000111111111111111111111111111111111111111111111111111111111111111111110000000
0000000111111111111111111111111111111111111111111111111111111111111111111110000000
0000000111111111111111111111111111111111111111111111111111111111111111111110000000
0000000111111111111111111111111111111111111111111111111111111111111111111110000000
0000000111111111111111111111111111111111111111111111111111111111111111111110000000
0000000111111111111111111111111111111111111111111111111111111111111111111110000000
0000000111111111111111111111111111111111111111111111111111111111111111111110000000
0000000111111111111111111111111111111111111111111111111111111111111111111110000000
0000000111111111111111111111111111111111111111111111111111111111111111111110000000
0000000111111111111111111111111111111111111111111111111111111111111111111110000000
0000000111111111111111111111111111111111111111111111111111111111111111111110000000
0000000110000000000000000000000000000000000000000000000000000000000000000110000000
0000000110000000000000000000000000000000000000000000000000000000000000000110000000
0000000110000000000000000000000000000000000000000000000000000000000000000110000000
0000000110000000000000000000000000000000000000000000000000000000000000000110000000
0000000110000000000000000000000000000000000000000000000000000000000000000110000000
0000000110000000000000000000000000000000000000000000000000000000000000000110000000
0000000110000000000000000000000000000000000000000000000000000000000000000110000000
0000000110000000000000000000000000000000000000000000000000000000000000000110000000
0000000110000000000000000000000000000000000000000000000000000000000000000110000000
0000000110000000000000000000000000000000000000000000000000000000000000000110000000
0000000110000000000000000000000000000000000000000000000000000000000000000110000000
0000000110000000000000000000000000000000000000000000000000000000000000000110000000
0000000110000000000000000000000000000000000000000000000000000000000000000110000000
0000000110000000000000000000000000000000000000000000000000000000000000000110000000
0000000110000000000000000000000000000000000000000000000000000000000000000110000000
0000000110000000000000000000000000000000000000000000000000000000000000000110000000
0000000110000000000000000000000000000000000000000000000000000000000000000110000000
0000000110000000000000000000000000000000000000000000000000000000000000000110000000
0000000110000000000000000000000000000000000000000000000000000000000000000110000000
0000000110000000000000000000000000000000000000000000000000000000000000000110000000
0000000110000000000000000000000000000000000000000000000000000000000000000110000000
0000000110000000000000000000000000000000000000000000000000000000000000000110000000
0000000110000000000000000000000000000000000000000000000000000000000000000110000000
0000000110000000000000000000000000000000000000000000000000000000000000000110000000
0000000110000000000000000000000000000000000000000000000000000000000000000110000000
0000000110000000000000000000000000000000000000000000000000000000000000000110000000
0000000110000000000000000000000000000000000000000000000000000000000000000110000000
0000000110000000000000000000000000000000000000000000000000000000000000000110000000
0000000110000000000000000000000000000000000000000000000000000000000000000110000000
0000000110000000000000000000000000000000000000000000000000000000000000000110000000
0000000110000000000000000000000000000000000000000000000000000000000000000110000000
0000000110000000000000000000000000000000000000000000000000000000000000000110000000
0000000111111111111111111111111111111111111111111111111111111111111111111110000000
0000000111111111111111111111111111111111111111111111111111111111111111111110000000
0000000000000000000000000000000000000000000000000000000000000000000000000000000000
0000000000000000000000000000000000000000000000000000000000000000000000000000000000
0000000000000000000000000000000000000000000000000000000000000000000000000000000000
0000000000000000000000000000000000000000000000000000000000000000000000000000000000
0000000000000000000000000000000000000000000000000000000000000000000000000000000000
0000000000000000000000000000000000000000000000000000000000000000000000000000000000
0000000000000000000000000000000000000000000000000000000000000000000000000000000000

0000000000000000000000000000000000000000000000000000000000000000000000000000000000
0000000000000000000000000000000000000000000000000000000000000000000000000000000000
0000000000000000000000000000000000000000000000000000000000000000000000000000000000
0000000000000000000000000000000000000000000000000000000000000000000000000000000000
0000000000000000000000000000000000000000000000000000000000000000000000000000000000
0000000000000000000000000000000000000000000000000000000000000000000000000000000000
0000000000000000000000000000000000000000000000000000000000000000000000000000000000
0000001001100110010000100001100010000100000000011011001101000000001000100000000000
0000100111111111111111111111111111111111111111111111111111111111111111111110000000
0000000111111111111111111111111111111111100000000000000001000001000000000110000000
0000000111111111111111111111111111111111100000000000000000011100101001000110000000
0000000111111111111111111111111111111111100010000000000000000000000001000110000000
0000100111111111111111111111111111111111100000000000000000101000110000000110000000
0000000111111111111111111111111111111111100000000000000001000000010000000110000000
0000100111111111111111111111111111111111110010000010000000010001000001000110000000
0000000111111111111111111111111111111111100000000000000001000001010011000110000000
0000000111111111111111111111111111111111100010000000000000011000000110100110000000
0000000111111111111111111111111111111111110000000010000001000010100000100110000000
0000000111111111111111111111111111111111101000000000000000100100000100000110000000
0000000111111111111111111111111111111111101000000000000000000000000000011110011000
0000000111111111111111111111111111111111100000010000000000000001000000000111000000
0000100111111111111111111111111111111111100000000010000000000000000010000110000000
0000000111111111111111111111111111111111111000000000000000000000010000000110000000
0000000111111111111111111111111111111111100000000001101000000000000010010110000000
0000000111111111111111111111111111111111101000000010001000000000000010001110000000
0000000111111111111111111111111111111111100100000000000000000000001000000110000000
0000000111111111111111111111111111111111111010101110011001010010100010000110000000
0000000111111111111111111111111111111111100001100000011110101100000001100110000000
0000000111111111111111111111111111111111100010000010000000001000000000000110000000
0000000111111111111111111111111111111111100000000011000000100000000000000110000000
0000000111111111111111111111111111111111101000000000000110000000000000000110000000
0000101111111111111111111111111111111111100000001000111000000010000000000110000000
0000001111111111111111111111111111111111100000000001000000000000010000000110000000
0000000111111111111111111111111111111111100000000001000000000000000010000110000000
0000000111111111111111111111111111111111100000000000000000000000000100000110000000
0000000111111111111111111111111111111111100000000000000000000000000000000110000000
0000000111111111111111111111111111111111100000000000000000000000000000101110000000
0000000111111111111111111111111111111111100000000000000010000000000000000110000000
0000001111111111111111111111111111111111101001010110011011100100000011010110000000
0000000111111111111111111111111111111111100101110101111101111001010000110110000000
0000000111111111111111111111111111111111100000000010100001000000000000000110000000
0000000111111111111111111111111111111111100000000000000000000000000000000110000000
0000000111111111111111111111111111111111100000000000000000000000000000000110000000
0000000111111111111111111111111111111111100000000000000000000000000000000110000000
0000000111111111111111111111111111111111100000000000000000000000000001000110000000
0000000111111111111111111111111111111111100000000000000000000000100000000110000000
0000000111111111111111111111111111111111100000000010000000000000000000000110000000
0000000111111111111111111111111111111111100000000100000001000000000000000110000000
0000000111111111111111111111111111111111100000000000000000000000000000000110000000
0000000111111111111111111111111111111111100000000000000000000000000000000110000000
0000000111111111111111111111111111111111100000100000000000000000000000000110000000
0000000111111111111111111111111111111111100000000000000000000000000000000110000000
0000000111111111111111111111111111111111100000000000000000000000000000000110000000
0000000111111111111111111111111111111111101000000000000000000000000000000110000000
0000000111111111111111111111111111111111100100000000000000000000000000000110000000
0000000111111111111111111111111111111111100000000000000000000000000000000110000000
0000000111111111111111111111111111111111100000000000000000000000000000000110000000
0000000111111111111111111111111111111111100000000000000000000000000000000110000000
0000000111111111111111111111111111111111110000000000000000000000000000000110000000
0000000111111111111111111111111111111111100000010000000000000000000000000110000000
0000000111111111111111111111111111111111100000000000000000000000000000000110000000
0000000111111111111111111111111111111111100000000000000000000000000000000110000000
0000000111111111111111111111111111111111100000001100000000000000000000000110000000
0000000111111111111111111111111111111111100000000000000000000000000000000110000000
0000000111111111111111111111111111111111100000000000000000000000000000100110000000
0000000111111111111111111111111111111111100010000000000000000000000000000110000000
0000000111111111111111111111111111111111100110000000000000000000000000000110000000
0000000111111111111111111111111111111111100000000000000001000000000000001110000000
0000010111111111111111111111111111111111100000000000000000000000000000000110000000
0000000111111111111111111111111111111111100000000000100000000000000000001110000000
0000000111111111111111111111111111111111100000000000000000000000000000000110000000
0000000111111111111111111111111111111111100000001000000000000000000000000110000000
0000000111111111111111111111111111111111100000000000000000000000000000010110000000
0000000111111111111111111111111111111111111111111111111111111111111111111110000000
0000000111111111111111111111111111111111111111111111111111111111111111111110000000
0000000000000000000000000000000000000000000000000000000000000000000000000000000000
0000000000000000000000000000000000000000000000000000000000000000000000000000000000
0000000000000000000000000000000000000000000000000000000000000000000000000000000000
0000000000000000000000000000000000000000000000000000000000000000000000000000000000
0000000000000000000000000000000000000000000000000000000000000000000000000000000000
0000000000000000000000000000000000000000000000000000000000000000000000000000000000
0000000000000000000000000000000000000000000000000000000000000000000000000000000000

