== Attributes ==
title=2x1 Basic Problem 18
type= 2x1
result=2
window_size=(82, 82)

== Input ==
0000000000000000000000000000000000000000000000000000000000000000000000000000000000
0000000000000000000000000000000000000000000000000000000000000000000000000000000000
0000000000000000000000000000000000000000000000000000000000000000000000000000000000
0000000000000000000000000000000000000000000000000000000000000000000000000000000000
0000000000000000000000000000000000000000000000000000000000000000000000000000000000
0000000000000000000000000000000000000000000000000000000000000000000000000000000000
0000000000000000000000000000000000000000000000000000000000000000000000000000000000
0000000000000000000000000000000000000000000000000000000000000000000000000000000000
0000000000000000000000000000000000000000000000000000000000000000000000000000000000
0000000000000000000000000000000000000000000000000000000000000000000000000000000000
0000000000000000000000000000000000000000000000000000000000000000000000000000000000
0000000000000000000000000000000000000000000000000000000000000000000000000000000000
0000000000000000000000000000000000000000000000000000000000000000000000000000000000
0000000000000000000000000000000000000000000000000000000000000000000000000000000000
0000000000000000000000000000000000000000000000000000000000000000000000000000000000
0000000000000000000000000000000000000000110000000000000000000000000000000000000000
0000000000000000000000000000000000000000111000000000000000000000000000000000000000
0000000000000000000000000000000000000000111100000000000000000000000000000000000000
0000000000000000000000000000000000000000110111000000000000000000000000000000000000
0000000000000000000000000000000000000000110011100000000000000000000000000000000000
0000000000000000000000000000000000000000110000110000000000000000000000000000000000
0000000000000000000000000000000000000000110000011100000000000000000000000000000000
0000000000000000000000000000000000000000110000001110000000000000000000000000000000
0000000000000000000000000000000000000000110000000011000000000000000000000000000000
0000000000000000000000000000000000000000110000000001110000000000000000000000000000
0000000000000000000000000000000000000000110000000000111000000000000000000000000000
0000000000000000000000000000000000000000110000000000001100000000000000000000000000
0000000000000000000000000000000000000000110000000000000111000000000000000000000000
0000111111111111111111111111111111111111110000000000000011100000000000000000000000
0000110000000000000000000000000000000000000000000000000000110000000000000000000000
0000100000000000000000000000000000000000000000000000000000011100000000000000000000
0000100000000000000000000000000000000000000000000000000000001110000000000000000000
0000100000000000000000000000000000000000000000000000000000000011000000000000000000
0000100000000000000000000000000000000000000000000000000000000001110000000000000000
0000100000000000000000000000000000000000000000000000000000000000111000000000000000
0000100000000000000000000000000000000000000000000000000000000000001100000000000000
0000100000000000000000000000000000000000000000000000000000000000000111000000000000
0000100000000000000000000000000000000000000000000000000000000000000011100000000000
0000100000000000000000000000000000000000000000000000000000000000000000110000000000
0000100000000000000000000000000000000000000000000000000000000000000000011100000000
0000100000000000000000000000000000000000000000000000000000000000000000000110000000
0000100000000000000000000000000000000000000000000000000000000000000000000111000000
0000100000000000000000000000000000000000000000000000000000000000000000001110000000
0000100000000000000000000000000000000000000000000000000000000000000000011000000000
0000100000000000000000000000000000000000000000000000000000000000000001110000000000
0000100000000000000000000000000000000000000000000000000000000000000011100000000000
0000100000000000000000000000000000000000000000000000000000000000000110000000000000
0000100000000000000000000000000000000000000000000000000000000000011100000000000000
0000100000000000000000000000000000000000000000000000000000000000111000000000000000
0000100000000000000000000000000000000000000000000000000000000001100000000000000000
0000100000000000000000000000000000000000000000000000000000000111000000000000000000
0000100000000000000000000000000000000000000000000000000000001110000000000000000000
0000100000000000000000000000000000000000000000000000000000011000000000000000000000
0000111111111111111111111111111111111111100000000000000001110000000000000000000000
0000111111111111111111111111111111111111110000000000000011100000000000000000000000
0000000000000000000000000000000000000000110000000000000110000000000000000000000000
0000000000000000000000000000000000000000110000000000011100000000000000000000000000
0000000000000000000000000000000000000000110000000000111000000000000000000000000000
0000000000000000000000000000000000000000110000000001100000000000000000000000000000
0000000000000000000000000000000000000000110000000111000000000000000000000000000000
0000000000000000000000000000000000000000110000001100000000000000000000000000000000
0000000000000000000000000000000000000000110000111000000000000000000000000000000000
0000000000000000000000000000000000000000110001110000000000000000000000000000000000
0000000000000000000000000000000000000000110011000000000000000000000000000000000000
0000000000000000000000000000000000000000110110000000000000000000000000000000000000
0000000000000000000000000000000000000000111100000000000000000000000000000000000000
0000000000000000000000000000000000000000110000000000000000000000000000000000000000
0000000000000000000000000000000000000000100000000000000000000000000000000000000000
0000000000000000000000000000000000000000000000000000000000000000000000000000000000
0000000000000000000000000000000000000000000000000000000000000000000000000000000000
0000000000000000000000000000000000000000000000000000000000000000000000000000000000
0000000000000000000000000000000000000000000000000000000000000000000000000000000000
0000000000000000000000000000000000000000000000000000000000000000000000000000000000
0000000000000000000000000000000000000000000000000000000000000000000000000000000000
0000000000000000000000000000000000000000000000000000000000000000000000000000000000
0000000000000000000000000000000000000000000000000000000000000000000000000000000000
0000000000000000000000000000000000000000000000000000000000000000000000000000000000
0000000000000000000000000000000000000000000000000000000000000000000000000000000000
0000000000000000000000000000000000000000000000000000000000000000000000000000000000
0000000000000000000000000000000000000000000000000000000000000000000000000000000000
0000000000000000000000000000000000000000000000000000000000000000000000000000000000
0000000000000000000000000000000000000000000000000000000000000000000000000000000000

0000000000000000000000000000000000000000000000000000000000000000000000000000000000
0000000000000000000000000000000000000000000000000000000000000000000000000000000000
0000000000000000000000000000000000000000000000000000000000000000000000000000000000
0000000000000000000000000000000000000000000000000000000000000000000000000000000000
0000000000000000000000000000000000000000000000000000000000000000000000000000000000
0000000000000000000000000000000000000000000000000000000000000000000000000000000000
0000000000000000000000000000000000000000000000000000000000000000000000000000000000
0000000000000000000000000000000000000000000000000000000000000000000000000000000000
0000000000000000000000000000000000000000000000000000000000000000000000000000000000
0000000000000000000000000000000000000000000000000000000000000000000000000000000000
0000000000000000000000000000000000000000000000000000000000000000000000000000000000
0000000000000000000000000000000000000000000000000000000000000000000000000000000000
0000000000000000000000000000000000000000000000000000000000000000000000000000000000
0000000000000000000000000000000000000000000000000000000000000000000000000000000000
0000000000000000000000000000000000000000000000000000000000000000000000000000000000
0000000000000000000000000000000000000001100000000000000000000000000000000000000000
0000000000000000000000000000000000000011100000000000000000000000000000000000000000
0000000000000000000000000000000000000111100000000000000000000000000000000000000000
0000000000000000000000000000000000011101100000000000000000000000000000000000000000
0000000000000000000000000000000000111001100000000000000000000000000000000000000000
0000000000000000000000000000000001100001100000000000000000000000000000000000000000
0000000000000000000000000000000111000001100000000000000000000000000000000000000000
0000000000000000000000000000001110000001100000000000000000000000000000000000000000
0000000000000000000000000000011000000001100000000000000000000000000000000000000000
0000000000000000000000000001110000000001100000000000000000000000000000000000000000
0000000000000000000000000011100000000001100000000000000000000000000000000000000000
0000000000000000000000000110000000000001100000000000000000000000000000000000000000
0000000000000000000000011100000000000001100000000000000000000000000000000000000000
0000000000000000000000111000000000000001111111111111111111111111111111111111100000
0000000000000000000001100000000000000000000000000000000000000000000000000001100000
0000000000000000000111000000000000000000000000000000000000000000000000000000100000
0000000000000000001110000000000000000000000000000000000000000000000000000000100000
0000000000000000011000000000000000000000000000000000000000000000000000000000100000
0000000000000001110000000000000000000000000000000000000000000000000000000000100000
0000000000000011100000000000000000000000000000000000000000000000000000000000100000
0000000000000110000000000000000000000000000000000000000000000000000000000000100000
0000000000011100000000000000000000000000000000000000000000000000000000000000100000
0000000000110000000000000000000000000000000000000000000000000000000000000000100000
0000000011100000000000000000000000000000000000000000000000000000000000000000100000
0000000111000000000000000000000000000000000000000000000000000000000000000000100000
0000001100000000000000000000000000000000000000000000000000000000000000000000100000
0000011100000000000000000000000000000000000000000000000000000000000000000000100000
0000001110000000000000000000000000000000000000000000000000000000000000000000100000
0000000011000000000000000000000000000000000000000000000000000000000000000000100000
0000000001110000000000000000000000000000000000000000000000000000000000000000100000
0000000000111000000000000000000000000000000000000000000000000000000000000000100000
0000000000001100000000000000000000000000000000000000000000000000000000000000100000
0000000000000111000000000000000000000000000000000000000000000000000000000000100000
0000000000000011100000000000000000000000000000000000000000000000000000000000100000
0000000000000000110000000000000000000000000000000000000000000000000000000000100000
0000000000000000011100000000000000000000000000000000000000000000000000000000100000
0000000000000000001110000000000000000000000000000000000000000000000000000000100000
0000000000000000000011000000000000000000000000000000000000000000000000000000100000
0000000000000000000001110000000000000000111111111111111111111111111111111111100000
0000000000000000000000111000000000000001111111111111111111111111111111111111100000
0000000000000000000000001100000000000001100000000000000000000000000000000000000000
0000000000000000000000000111000000000001100000000000000000000000000000000000000000
0000000000000000000000000011100000000001100000000000000000000000000000000000000000
0000000000000000000000000000110000000001100000000000000000000000000000000000000000
0000000000000000000000000000011100000001100000000000000000000000000000000000000000
0000000000000000000000000000001110000001100000000000000000000000000000000000000000
0000000000000000000000000000000011000001100000000000000000000000000000000000000000
0000000000000000000000000000000001110001100000000000000000000000000000000000000000
0000000000000000000000000000000000111001100000000000000000000000000000000000000000
0000000000000000000000000000000000001101100000000000000000000000000000000000000000
0000000000000000000000000000000000000111100000000000000000000000000000000000000000
0000000000000000000000000000000000000001100000000000000000000000000000000000000000
0000000000000000000000000000000000000000100000000000000000000000000000000000000000
0000000000000000000000000000000000000000000000000000000000000000000000000000000000
0000000000000000000000000000000000000000000000000000000000000000000000000000000000
0000000000000000000000000000000000000000000000000000000000000000000000000000000000
0000000000000000000000000000000000000000000000000000000000000000000000000000000000
0000000000000000000000000000000000000000000000000000000000000000000000000000000000
0000000000000000000000000000000000000000000000000000000000000000000000000000000000
0000000000000000000000000000000000000000000000000000000000000000000000000000000000
0000000000000000000000000000000000000000000000000000000000000000000000000000000000
0000000000000000000000000000000000000000000000000000000000000000000000000000000000
0000000000000000000000000000000000000000000000000000000000000000000000000000000000
0000000000000000000000000000000000000000000000000000000000000000000000000000000000
0000000000000000000000000000000000000000000000000000000000000000000000000000000000
0000000000000000000000000000000000000000000000000000000000000000000000000000000000
0000000000000000000000000000000000000000000000000000000000000000000000000000000000

0000000000000000000000000000000000000000000000000000000000000000000000000000000000
0000000000000000000000000000000000000000000000000000000000000000000000000000000000
0000000000000000000000000000000000000000000000000000000000000000000000000000000000
0000000000000000000000000000000000000000000000000000000000000000000000000000000000
0000000000000000000000000000000000000000000000000000000000000000000000000000000000
0000000000000000000000000000000000000000000000000000000000000000000000000000000000
0000000000000000000000000000000000000000000000000000000000000000000000000000000000
0000000000000000000000000000000000000000000000000000000000000000000000000000000000
0000000000000000000000000000000000000000000000000000000000000000000000000000000000
0000000000000000000000000000000000000000000000000000000000000000000000000000000000
0000000000000000000000000000000000000000000000000000000000000000000000000000000000
0000000000000000000000000000000000000000000000000000000000000000000000000000000000
0000000000000000000000000000000000000000000000000000000000000000000000000000000000
0000000000000000000000000000000000000000000000000000000000000000000000000000000000
0000000000000000000000000000000000000000000000000000000000000000000000000000000000
0000000000000000000000000000000000000000011000000000000000000000000000000000000000
0000000000000000000000000000000000000000011100000000000000000000000000000000000000
0000000000000000000000000000000000000000011111000000000000000000000000000000000000
0000000000000000000000000000000000000000011011100000000000000000000000000000000000
0000000000000000000000000000000000000000011000110000000000000000000000000000000000
0000000000000000000000000000000000000000011000011100000000000000000000000000000000
0000000000000000000000000000000000000000011000001110000000000000000000000000000000
0000000000000000000000000000000000000000011000000011000000000000000000000000000000
0000000000000000000000000000000000000000011000000001110000000000000000000000000000
0000000000000000000000000000000000000000011000000000111000000000000000000000000000
0000000000000000000000000000000000000000011000000000001100000000000000000000000000
0000000000000000000000000000000000000000011000000000000111000000000000000000000000
0000000000000000000000000000000000000000011000000000000011100000000000000000000000
0000011111111111111111111111111111111111111000000000000000110000000000000000000000
0000011000000000000000000000000000000000000000000000000000011100000000000000000000
0000011000000000000000000000000000000000000000000000000000001110000000000000000000
0000011000000000000000000000000000000000000000000000000000000011000000000000000000
0000011000000000000000000000000000000000000000000000000000000001110000000000000000
0000011000000000000000000000000000000000000000000000000000000000111000000000000000
0000011000000000000000000000000000000000000000000000000000000000001100000000000000
0000011000000000000000000000000000000000000000000000000000000000000111000000000000
0000011000000000000000000000000000000000000000000000000000000000000011100000000000
0000011000000000000000000000000000000000000000000000000000000000000000110000000000
0000011000000000000000000000000000000000000000000000000000000000000000011100000000
0000011000000000000000000000000000000000000000000000000000000000000000001110000000
0000011111111111111111111111111111111111111111111111111111111111111111111111100000
0000000000000000000000000000000000000000000000000000000000000000000000000000000000
0000000000000000000000000000000000000000000000000000000000000000000000000000000000
0000000000000000000000000000000000000000000000000000000000000000000000000000000000
0000000000000000000000000000000000000000000000000000000000000000000000000000000000
0000000000000000000000000000000000000000000000000000000000000000000000000000000000
0000000000000000000000000000000000000000000000000000000000000000000000000000000000
0000000000000000000000000000000000000000000000000000000000000000000000000000000000
0000000000000000000000000000000000000000000000000000000000000000000000000000000000
0000000000000000000000000000000000000000000000000000000000000000000000000000000000
0000000000000000000000000000000000000000000000000000000000000000000000000000000000
0000000000000000000000000000000000000000000000000000000000000000000000000000000000
0000000000000000000000000000000000000000000000000000000000000000000000000000000000
0000000000000000000000000000000000000000000000000000000000000000000000000000000000
0000000000000000000000000000000000000000000000000000000000000000000000000000000000
0000000000000000000000000000000000000000000000000000000000000000000000000000000000
0000000000000000000000000000000000000000000000000000000000000000000000000000000000
0000000000000000000000000000000000000000000000000000000000000000000000000000000000
0000000000000000000000000000000000000000000000000000000000000000000000000000000000
0000000000000000000000000000000000000000000000000000000000000000000000000000000000
0000000000000000000000000000000000000000000000000000000000000000000000000000000000
0000000000000000000000000000000000000000000000000000000000000000000000000000000000
0000000000000000000000000000000000000000000000000000000000000000000000000000000000
0000000000000000000000000000000000000000000000000000000000000000000000000000000000
0000000000000000000000000000000000000000000000000000000000000000000000000000000000
0000000000000000000000000000000000000000000000000000000000000000000000000000000000
0000000000000000000000000000000000000000000000000000000000000000000000000000000000
0000000000000000000000000000000000000000000000000000000000000000000000000000000000
0000000000000000000000000000000000000000000000000000000000000000000000000000000000
0000000000000000000000000000000000000000000000000000000000000000000000000000000000
0000000000000000000000000000000000000000000000000000000000000000000000000000000000
0000000000000000000000000000000000000000000000000000000000000000000000000000000000
0000000000000000000000000000000000000000000000000000000000000000000000000000000000
0000000000000000000000000000000000000000000000000000000000000000000000000000000000
0000000000000000000000000000000000000000000000000000000000000000000000000000000000
0000000000000000000000000000000000000000000000000000000000000000000000000000000000
0000000000000000000000000000000000000000000000000000000000000000000000000000000000
0000000000000000000000000000000000000000000000000000000000000000000000000000000000
0000000000000000000000000000000000000000000000000000000000000000000000000000000000
0000000000000000000000000000000000000000000000000000000000000000000000000000000000
0000000000000000000000000000000000000000000000000000000000000000000000000000000000
0000000000000000000000000000000000000000000000000000000000000000000000000000000000

== Output ==
0000000000000000000000000000000000000000000000000000000000000000000000000000000000
0000000000000000000000000000000000000000000000000000000000000000000000000000000000
0000000000000000000000000000000000000000000000000000000000000000000000000000000000
0000000000000000000000000000000000000000000000000000000000000000000000000000000000
0000000000000000000000000000000000000000000000000000000000000000000000000000000000
0000000000000000000000000000000000000000000000000000000000000000000000000000000000
0000000000000000000000000000000000000000000000000000000000000000000000000000000000
0000000000000000000000000000000000000000000000000000000000000000000000000000000000
0000000000000000000000000000000000000000000000000000000000000000000000000000000000
0000000000000000000000000000000000000000000000000000000000000000000000000000000000
0000000000000000000000000000000000000000000000000000000000000000000000000000000000
0000000000000000000000000000000000000000000000000000000000000000000000000000000000
0000000000000000000000000000000000000000000000000000000000000000000000000000000000
0000000000000000000000000000000000000000010000000000000000000000000000000000000000
0000000000000000000000000000000000000000011000000000000000000000000000000000000000
0000000000000000000000000000000000000000011110000000000000000000000000000000000000
0000000000000000000000000000000000000000011111000000000000000000000000000000000000
0000000000000000000000000000000000000000011001100000000000000000000000000000000000
0000000000000000000000000000000000000000011000111000000000000000000000000000000000
0000000000000000000000000000000000000000011000011100000000000000000000000000000000
0000000000000000000000000000000000000000011000000110000000000000000000000000000000
0000000000000000000000000000000000000000011000000011100000000000000000000000000000
0000000000000000000000000000000000000000011000000001110000000000000000000000000000
0000000000000000000000000000000000000000011000000000011000000000000000000000000000
0000000000000000000000000000000000000000011000000000001110000000000000000000000000
0000000000000000000000000000000000000000011000000000000111000000000000000000000000
0000011111111111111111111111111111111111111000000000000001100000000000000000000000
0000011111111111111111111111111111111111111000000000000000111000000000000000000000
0000010000000000000000000000000000000000000000000000000000011100000000000000000000
0000010000000000000000000000000000000000000000000000000000000110000000000000000000
0000010000000000000000000000000000000000000000000000000000000011100000000000000000
0000010000000000000000000000000000000000000000000000000000000001110000000000000000
0000010000000000000000000000000000000000000000000000000000000000011000000000000000
0000010000000000000000000000000000000000000000000000000000000000001110000000000000
0000010000000000000000000000000000000000000000000000000000000000000111000000000000
0000010000000000000000000000000000000000000000000000000000000000000001100000000000
0000010000000000000000000000000000000000000000000000000000000000000000111000000000
0000010000000000000000000000000000000000000000000000000000000000000000001100000000
0000011111111111111111111111111111111111111111111111111111111111111111111111000000
0000011111111111111111111111111111111111111111111111111111111111111111111111000000
0000000000000000000000000000000000000000000000000000000000000000000000000000000000
0000000000000000000000000000000000000000000000000000000000000000000000000000000000
0000000000000000000000000000000000000000000000000000000000000000000000000000000000
0000000000000000000000000000000000000000000000000000000000000000000000000000000000
0000000000000000000000000000000000000000000000000000000000000000000000000000000000
0000000000000000000000000000000000000000000000000000000000000000000000000000000000
0000000000000000000000000000000000000000000000000000000000000000000000000000000000
0000000000000000000000000000000000000000000000000000000000000000000000000000000000
0000000000000000000000000000000000000000000000000000000000000000000000000000000000
0000000000000000000000000000000000000000000000000000000000000000000000000000000000
0000000000000000000000000000000000000000000000000000000000000000000000000000000000
0000000000000000000000000000000000000000000000000000000000000000000000000000000000
0000000000000000000000000000000000000000000000000000000000000000000000000000000000
0000000000000000000000000000000000000000000000000000000000000000000000000000000000
0000000000000000000000000000000000000000000000000000000000000000000000000000000000
0000000000000000000000000000000000000000000000000000000000000000000000000000000000
0000000000000000000000000000000000000000000000000000000000000000000000000000000000
0000000000000000000000000000000000000000000000000000000000000000000000000000000000
0000000000000000000000000000000000000000000000000000000000000000000000000000000000
0000000000000000000000000000000000000000000000000000000000000000000000000000000000
0000000000000000000000000000000000000000000000000000000000000000000000000000000000
0000000000000000000000000000000000000000000000000000000000000000000000000000000000
0000000000000000000000000000000000000000000000000000000000000000000000000000000000
0000000000000000000000000000000000000000000000000000000000000000000000000000000000
0000000000000000000000000000000000000000000000000000000000000000000000000000000000
0000000000000000000000000000000000000000000000000000000000000000000000000000000000
0000000000000000000000000000000000000000000000000000000000000000000000000000000000
0000000000000000000000000000000000000000000000000000000000000000000000000000000000
0000000000000000000000000000000000000000000000000000000000000000000000000000000000
0000000000000000000000000000000000000000000000000000000000000000000000000000000000
0000000000000000000000000000000000000000000000000000000000000000000000000000000000
0000000000000000000000000000000000000000000000000000000000000000000000000000000000
0000000000000000000000000000000000000000000000000000000000000000000000000000000000
0000000000000000000000000000000000000000000000000000000000000000000000000000000000
0000000000000000000000000000000000000000000000000000000000000000000000000000000000
0000000000000000000000000000000000000000000000000000000000000000000000000000000000
0000000000000000000000000000000000000000000000000000000000000000000000000000000000
0000000000000000000000000000000000000000000000000000000000000000000000000000000000
0000000000000000000000000000000000000000000000000000000000000000000000000000000000
0000000000000000000000000000000000000000000000000000000000000000000000000000000000
0000000000000000000000000000000000000000000000000000000000000000000000000000000000
0000000000000000000000000000000000000000000000000000000000000000000000000000000000

0000000000000000000000000000000000000000000000000000000000000000000000000000000000
0000000000000000000000000000000000000000000000000000000000000000000000000000000000
0000000000000000000000000000000000000000000000000000000000000000000000000000000000
0000000000000000000000000000000000000000000000000000000000000000000000000000000000
0000000000000000000000000000000000000000000000000000000000000000000000000000000000
0000000000000000000000000000000000000000000000000000000000000000000000000000000000
0000000000000000000000000000000000000000000000000000000000000000000000000000000000
0000000000000000000000000000000000000000000000000000000000000000000000000000000000
0000000000000000000000000000000000000000000000000000000000000000000000000000000000
0000000000000000000000000000000000000000000000000000000000000000000000000000000000
0000000000000000000000000000000000000000000000000000000000000000000000000000000000
0000000000000000000000000000000000000000000000000000000000000000000000000000000000
0000000000000000000000000000000000000000000000000000000000000000000000000000000000
0000000000000000000000000000000000000000100000000000000000000000000000000000000000
0000000000000000000000000000000000000001100000000000000000000000000000000000000000
0000000000000000000000000000000000000111100000000000000000000000000000000000000000
0000000000000000000000000000000000001111100000000000000000000000000000000000000000
0000000000000000000000000000000000111001100000000000000000000000000000000000000000
0000000000000000000000000000000001110001100000000000000000000000000000000000000000
0000000000000000000000000000000011000001100000000000000000000000000000000000000000
0000000000000000000000000000001110000001100000000000000000000000000000000000000000
0000000000000000000000000000011100000001100000000000000000000000000000000000000000
0000000000000000000000000000110000000001100000000000000000000000000000000000000000
0000000000000000000000000011100000000001100000000000000000000000000000000000000000
0000000000000000000000000111000000000001100000000000000000000000000000000000000000
0000000000000000000000001100000000000001100000000000000000000000000000000000000000
0000000000000000000000111000000000000001111111111111111111111111111111111111100000
0000000000000000000001110000000000000001111111111111111111111111111111111111100000
0000000000000000000011000000000000000000000000000000000000000000000000000001100000
0000000000000000001110000000000000000000000000000000000000000000000000000001100000
0000000000000000011100000000000000000000000000000000000000000000000000000001100000
0000000000000000110000000000000000000000000000000000000000000000000000000001100000
0000000000000011100000000000000000000000000000000000000000000000000000000001100000
0000000000000111000000000000000000000000000000000000000000000000000000000001100000
0000000000001100000000000000000000000000000000000000000000000000000000000001100000
0000000000111000000000000000000000000000000000000000000000000000000000000001100000
0000000001110000000000000000000000000000000000000000000000000000000000000001100000
0000000011000000000000000000000000000000000000000000000000000000000000000001100000
0000001111111111111111111111111111111111111111111111111111111111111111111111100000
0000011111111111111111111111111111111111111111111111111111111111111111111111100000
0000000000000000000000000000000000000000000000000000000000000000000000000000000000
0000000000000000000000000000000000000000000000000000000000000000000000000000000000
0000000000000000000000000000000000000000000000000000000000000000000000000000000000
0000000000000000000000000000000000000000000000000000000000000000000000000000000000
0000000000000000000000000000000000000000000000000000000000000000000000000000000000
0000000000000000000000000000000000000000000000000000000000000000000000000000000000
0000000000000000000000000000000000000000000000000000000000000000000000000000000000
0000000000000000000000000000000000000000000000000000000000000000000000000000000000
0000000000000000000000000000000000000000000000000000000000000000000000000000000000
0000000000000000000000000000000000000000000000000000000000000000000000000000000000
0000000000000000000000000000000000000000000000000000000000000000000000000000000000
0000000000000000000000000000000000000000000000000000000000000000000000000000000000
0000000000000000000000000000000000000000000000000000000000000000000000000000000000
0000000000000000000000000000000000000000000000000000000000000000000000000000000000
0000000000000000000000000000000000000000000000000000000000000000000000000000000000
0000000000000000000000000000000000000000000000000000000000000000000000000000000000
0000000000000000000000000000000000000000000000000000000000000000000000000000000000
0000000000000000000000000000000000000000000000000000000000000000000000000000000000
0000000000000000000000000000000000000000000000000000000000000000000000000000000000
0000000000000000000000000000000000000000000000000000000000000000000000000000000000
0000000000000000000000000000000000000000000000000000000000000000000000000000000000
0000000000000000000000000000000000000000000000000000000000000000000000000000000000
0000000000000000000000000000000000000000000000000000000000000000000000000000000000
0000000000000000000000000000000000000000000000000000000000000000000000000000000000
0000000000000000000000000000000000000000000000000000000000000000000000000000000000
0000000000000000000000000000000000000000000000000000000000000000000000000000000000
0000000000000000000000000000000000000000000000000000000000000000000000000000000000
0000000000000000000000000000000000000000000000000000000000000000000000000000000000
0000000000000000000000000000000000000000000000000000000000000000000000000000000000
0000000000000000000000000000000000000000000000000000000000000000000000000000000000
0000000000000000000000000000000000000000000000000000000000000000000000000000000000
0000000000000000000000000000000000000000000000000000000000000000000000000000000000
0000000000000000000000000000000000000000000000000000000000000000000000000000000000
0000000000000000000000000000000000000000000000000000000000000000000000000000000000
0000000000000000000000000000000000000000000000000000000000000000000000000000000000
0000000000000000000000000000000000000000000000000000000000000000000000000000000000
0000000000000000000000000000000000000000000000000000000000000000000000000000000000
0000000000000000000000000000000000000000000000000000000000000000000000000000000000
0000000000000000000000000000000000000000000000000000000000000000000000000000000000
0000000000000000000000000000000000000000000000000000000000000000000000000000000000
0000000000000000000000000000000000000000000000000000000000000000000000000000000000
0000000000000000000000000000000000000000000000000000000000000000000000000000000000

0000000000000000000000000000000000000000000000000000000000000000000000000000000000
0000000000000000000000000000000000000000000000000000000000000000000000000000000000
0000000000000000000000000000000000000000000000000000000000000000000000000000000000
0000000000000000000000000000000000000000000000000000000000000000000000000000000000
0000000000000000000000000000000000000000000000000000000000000000000000000000000000
0000000000000000000000000000000000000000000000000000000000000000000000000000000000
0000000000000000000000000000000000000000000000000000000000000000000000000000000000
0000000000000000000000000000000000000000000000000000000000000000000000000000000000
0000000000000000000000000000000000000000000000000000000000000000000000000000000000
0000000000000000000000000000000000000000000000000000000000000000000000000000000000
0000000000000000000000000000000000000000000000000000000000000000000000000000000000
0000000000000000000000000000000000000000000000000000000000000000000000000000000000
0000000000000000000000000000000000000000000000000000000000000000000000000000000000
0000000000000000000000000000000000000000000000000000000000000000000000000000000000
0000000000000000000000000000000000000000000000000000000000000000000000000000000000
0000000000000000000000000000000000000000000000000000000000000000000000000000000000
0000000000000000000000000000000000000000000000000000000000000000000000000000000000
0000000000000000000000000000000000000000000000000000000000000000000000000000000000
0000000000000000000000000000000000000000000000000000000000000000000000000000000000
0000000000000000000000000000000000000000000000000000000000000000000000000000000000
0000000000000000000000000000000000000000000000000000000000000000000000000000000000
0000000000000000000000000000000000000000000000000000000000000000000000000000000000
0000000000000000000000000000000000000000000000000000000000000000000000000000000000
0000000000000000000000000000000000000000000000000000000000000000000000000000000000
0000000000000000000000000000000000000000000000000000000000000000000000000000000000
0000000000000000000000000000000000000000000000000000000000000000000000000000000000
0000000000000000000000000000000000000000000000000000000000000000000000000000000000
0000000000000000000000000000000000000000000000000000000000000000000000000000000000
0000000000000000000000000000000000000000000000000000000000000000000000000000000000
0000000000000000000000000000000000000000000000000000000000000000000000000000000000
0000000000000000000000000000000000000000000000000000000000000000000000000000000000
0000000000000000000000000000000000000000000000000000000000000000000000000000000000
0000000000000000000000000000000000000000000000000000000000000000000000000000000000
0000000000000000000000000000000000000000000000000000000000000000000000000000000000
0000000000000000000000000000000000000000000000000000000000000000000000000000000000
0000000000000000000000000000000000000000000000000000000000000000000000000000000000
0000000000000000000000000000000000000000000000000000000000000000000000000000000000
0000000000000000000000000000000000000000000000000000000000000000000000000000000000
0000000000000000000000000000000000000000000000000000000000000000000000000000000000
0000000000000000000000000000000000000000000000000000000000000000000000000000000000
0000000000000000000000000000000000000000000000000000000000000000000000000000000000
0000000000000000000000000000000000000000000000000000000000000000000000000000000000
0000000000000000000000000000000000000000000000000000000000000000000000000000000000
0000000000000000000000000000000000000000000000000000000000000000000000000000000000
0000000000000000000000000000000000000000000000000000000000000000000000000000000000
0000000000000000000000000000000000000000000000000000000000000000000000000000000000
0000000000000000000000000000000000000000000000000000000000000000000000000000000000
0000000000000000000000000000000000000000000000000000000000000000000000000000000000
0000000000000000000000000000000000000000000000000000000000000000000000000000000000
0000011111111111111111111111111111111111111111111111111111111111111111111111100000
0000011000000000000000000000000000000000000000000000000000000000000000001111000000
0000011000000000000000000000000000000000000000000000000000000000000000001100000000
0000011000000000000000000000000000000000000000000000000000000000000000111000000000
0000011000000000000000000000000000000000000000000000000000000000000001110000000000
0000011000000000000000000000000000000000000000000000000000000000000011000000000000
0000011000000000000000000000000000000000000000000000000000000000001110000000000000
0000011000000000000000000000000000000000000000000000000000000000011000000000000000
0000011000000000000000000000000000000000000000000000000000000001110000000000000000
0000011000000000000000000000000000000000000000000000000000000011100000000000000000
0000011000000000000000000000000000000000000000000000000000000110000000000000000000
0000011000000000000000000000000000000000000000000000000000011100000000000000000000
0000011111111111111111111111111111111111111000000000000000111000000000000000000000
0000001111111111111111111111111111111111111000000000000001100000000000000000000000
0000000000000000000000000000000000000000011000000000000111000000000000000000000000
0000000000000000000000000000000000000000011000000000001110000000000000000000000000
0000000000000000000000000000000000000000011000000000011000000000000000000000000000
0000000000000000000000000000000000000000011000000001110000000000000000000000000000
0000000000000000000000000000000000000000011000000011100000000000000000000000000000
0000000000000000000000000000000000000000011000000110000000000000000000000000000000
0000000000000000000000000000000000000000011000011100000000000000000000000000000000
0000000000000000000000000000000000000000011000111000000000000000000000000000000000
0000000000000000000000000000000000000000011001100000000000000000000000000000000000
0000000000000000000000000000000000000000011111000000000000000000000000000000000000
0000000000000000000000000000000000000000011110000000000000000000000000000000000000
0000000000000000000000000000000000000000011000000000000000000000000000000000000000
0000000000000000000000000000000000000000010000000000000000000000000000000000000000
0000000000000000000000000000000000000000000000000000000000000000000000000000000000
0000000000000000000000000000000000000000000000000000000000000000000000000000000000
0000000000000000000000000000000000000000000000000000000000000000000000000000000000
0000000000000000000000000000000000000000000000000000000000000000000000000000000000
0000000000000000000000000000000000000000000000000000000000000000000000000000000000
0000000000000000000000000000000000000000000000000000000000000000000000000000000000

0000000000000000000000000000000000000000000000000000000000000000000000000000000000
0000000000000000000000000000000000000000000000000000000000000000000000000000000000
0000000000000000000000000000000000000000000000000000000000000000000000000000000000
0000000000000000000000000000000000000000000000000000000000000000000000000000000000
0000000000000000000000000000000000000000000000000000000000000000000000000000000000
0000000000000000000000000000000000000000000000000000000000000000000000000000000000
0000000000000000000000000000000000000000000000000000000000000000000000000000000000
0000000000000000000000000000000000000000000000000000000000000000000000000000000000
0000000000000000000000000000000000000000000000000000000000000000000000000000000000
0000000000000000000000000000000000000000000000000000000000000000000000000000000000
0000000000000000000000000000000000000000000000000000000000000000000000000000000000
0000000000000000000000000000000000000000000000000000000000000000000000000000000000
0000000000000000000000000000000000000000000000000000000000000000000000000000000000
0000000000000000000000000000000000000000000000000000000000000000000000000000000000
0000000000000000000000000000000000000000000000000000000000000000000000000000000000
0000000000000000000000000000000000000000000000000000000000000000000000000000000000
0000000000000000000000000000000000000000000000000000000000000000000000000000000000
0000000000000000000000000000000000000000000000000000000000000000000000000000000000
0000000000000000000000000000000000000000000000000000000000000000000000000000000000
0000000000000000000000000000000000000000000000000000000000000000000000000000000000
0000000000000000000000000000000000000000000000000000000000000000000000000000000000
0000000000000000000000000000000000000000000000000000000000000000000000000000000000
0000000000000000000000000000000000000000000000000000000000000000000000000000000000
0000000000000000000000000000000000000000000000000000000000000000000000000000000000
0000000000000000000000000000000000000000000000000000000000000000000000000000000000
0000000000000000000000000000000000000000000000000000000000000000000000000000000000
0000000000000000000000000000000000000000000000000000000000000000000000000000000000
0000000000000000000000000000000000000000000000000000000000000000000000000000000000
0000000000000000000000000000000000000000000000000000000000000000000000000000000000
0000000000000000000000000000000000000000000000000000000000000000000000000000000000
0000000000000000000000000000000000000000000000000000000000000000000000000000000000
0000000000000000000000000000000000000000000000000000000000000000000000000000000000
0000000000000000000000000000000000000000000000000000000000000000000000000000000000
0000000000000000000000000000000000000000000000000000000000000000000000000000000000
0000000000000000000000000000000000000000000000000000000000000000000000000000000000
0000000000000000000000000000000000000000000000000000000000000000000000000000000000
0000000000000000000000000000000000000000000000000000000000000000000000000000000000
0000000000000000000000000000000000000000000000000000000000000000000000000000000000
0000000000000000000000000000000000000000000000000000000000000000000000000000000000
0000000000000000000000000000000000000000000000000000000000000000000000000000000000
0000000000000000000000000000000000000000000000000000000000000000000000000000000000
0000000000000000000000000000000000000000000000000000000000000000000000000000000000
0000000000000000000000000000000000000000000000000000000000000000000000000000000000
0000000000000000000000000000000000000000000000000000000000000000000000000000000000
0000000000000000000000000000000000000000000000000000000000000000000000000000000000
0000000000000000000000000000000000000000000000000000000000000000000000000000000000
0000000000000000000000000000000000000000000000000000000000000000000000000000000000
0000000000000000000000000000000000000000000000000000000000000000000000000000000000
0000000000000000000000000000000000000000000000000000000000000000000000000000000000
0000011111111111111111111111111111111111111111111111111111111111111111111111100000
0000001111011111111111111111111111111111111111111111111111111111111111111101100000
0000000011000000000000000000000000000000000000000000000000000000000000000001100000
0000000001110000000000000000000000000000000000000000000000000000000000000001100000
0000000000111000000000000000000000000000000000000000000000000000000000000001100000
0000000000001100000000000000000000000000000000000000000000000000000000000001100000
0000000000000111000000000000000000000000000000000000000000000000000000000001100000
0000000000000011100000000000000000000000000000000000000000000000000000000001100000
0000000000000000110000000000000000000000000000000000000000000000000000000001100000
0000000000000000011100000000000000000000000000000000000000000000000000000001100000
0000000000000000000110000000000000000000000000000000000000000000000000000001100000
0000000000000000000011100000000000000000000000000000000000000000000000000001100000
0000000000000000000001110000000000000001111111111111111111111111111111111111100000
0000000000000000000000011000000000000001111111111111111111111111111111111111000000
0000000000000000000000001110000000000001100000000000000000000000000000000000000000
0000000000000000000000000111000000000001100000000000000000000000000000000000000000
0000000000000000000000000001100000000001100000000000000000000000000000000000000000
0000000000000000000000000000111000000001100000000000000000000000000000000000000000
0000000000000000000000000000011100000001100000000000000000000000000000000000000000
0000000000000000000000000000000110000001100000000000000000000000000000000000000000
0000000000000000000000000000000011100001100000000000000000000000000000000000000000
0000000000000000000000000000000001110001100000000000000000000000000000000000000000
0000000000000000000000000000000000011001100000000000000000000000000000000000000000
0000000000000000000000000000000000001111100000000000000000000000000000000000000000
0000000000000000000000000000000000000111100000000000000000000000000000000000000000
0000000000000000000000000000000000000001100000000000000000000000000000000000000000
0000000000000000000000000000000000000000100000000000000000000000000000000000000000
0000000000000000000000000000000000000000000000000000000000000000000000000000000000
0000000000000000000000000000000000000000000000000000000000000000000000000000000000
0000000000000000000000000000000000000000000000000000000000000000000000000000000000
0000000000000000000000000000000000000000000000000000000000000000000000000000000000
0000000000000000000000000000000000000000000000000000000000000000000000000000000000
0000000000000000000000000000000000000000000000000000000000000000000000000000000000

0000000000000000000000000000000000000000000000000000000000000000000000000000000000
0000000000000000000000000000000000000000000000000000000000000000000000000000000000
0000000000000000000000000000000000000000000000000000000000000000000000000000000000
0000000000000000000000000000000000000000000000000000000000000000000000000000000000
0000000000000000000000000000000000000000000000000000000000000000000000000000000000
0000000000000000000000000000000000000000000000000000000000000000000000000000000000
0000000000000000000000000000000000000000000000000000000000000000000000000000000000
0000000000000000000000000000000000000000000000000000000000000000000000000000000000
0000000000000000000000000000000000000000000000000000000000000000000000000000000000
0000000000000000000000000000000000000000000000000000000000000000000000000000000000
0000000000000000000000000000000000000000000000000000000000000000000000000000000000
0000000000000000000000000000000000000000000000000000000000000000000000000000000000
0000000000000000000000000000000000000000000000000000000000000000000000000000000000
0000000000000000000000000000000000000000000000000000000000000000000000000000000000
0000000000000000000000000000000000000000000000000000000000000000000000000000000000
0000000000000000000000000000000000000000011000000000000000000000000000000000000000
0000000000000000000000000000000000000000011110000000000000000000000000000000000000
0000000000000000000000000000000000000000011111000000000000000000000000000000000000
0000000000000000000000000000000000000000011001100000000000000000000000000000000000
0000000000000000000000000000000000000000011000111000000000000000000000000000000000
0000000000000000000000000000000000000000011000011100000000000000000000000000000000
0000000000000000000000000000000000000000011000000110000000000000000000000000000000
0000000000000000000000000000000000000000011000000011100000000000000000000000000000
0000000000000000000000000000000000000000011000000001110000000000000000000000000000
0000000000000000000000000000000000000000011000000000011000000000000000000000000000
0000000000000000000000000000000000000000011000000000001110000000000000000000000000
0000000000000000000000000000000000000000011000000000000111000000000000000000000000
0000000000000000000000000000000000000000011000000000000001100000000000000000000000
0000011111111111111111111111111111111111111000000000000000111000000000000000000000
0000011000000000000000000000000000000000000000000000000000011100000000000000000000
0000011000000000000000000000000000000000000000000000000000000110000000000000000000
0000011000000000000000000000000000000000000000000000000000000011100000000000000000
0000011000000000000000000000000000000000000000000000000000000001110000000000000000
0000011000000000000000000000000000000000000000000000000000000000011000000000000000
0000011000000000000000000000000000000000000000000000000000000000001110000000000000
0000011000000000000000000000000000000000000000000000000000000000000011000000000000
0000011000000000000000000000000000000000000000000000000000000000000001110000000000
0000011000000000000000000000000000000000000000000000000000000000000000111000000000
0000011000000000000000000000000000000000000000000000000000000000000000001100000000
0000011000000000000000000000000000000000000000000000000000000000000000000111000000
0000011000000000000000000000000000000000000000000000000000000000000000000011100000
0000011000000000000000000000000000000000000000000000000000000000000000000011100000
0000011000000000000000000000000000000000000000000000000000000000000000000111000000
0000011000000000000000000000000000000000000000000000000000000000000000001100000000
0000011000000000000000000000000000000000000000000000000000000000000000111000000000
0000011000000000000000000000000000000000000000000000000000000000000001110000000000
0000011000000000000000000000000000000000000000000000000000000000000011000000000000
0000011000000000000000000000000000000000000000000000000000000000001110000000000000
0000011000000000000000000000000000000000000000000000000000000000011100000000000000
0000011000000000000000000000000000000000000000000000000000000000110000000000000000
0000011000000000000000000000000000000000000000000000000000000011100000000000000000
0000011000000000000000000000000000000000000000000000000000000111000000000000000000
0000011000000000000000000000000000000000000000000000000000001100000000000000000000
0000011111111111111111111111111111111111111000000000000000111000000000000000000000
0000000000000000000000000000000000000000011000000000000001100000000000000000000000
0000000000000000000000000000000000000000011000000000000111000000000000000000000000
0000000000000000000000000000000000000000011000000000001110000000000000000000000000
0000000000000000000000000000000000000000011000000000011000000000000000000000000000
0000000000000000000000000000000000000000011000000001110000000000000000000000000000
0000000000000000000000000000000000000000011000000011100000000000000000000000000000
0000000000000000000000000000000000000000011000000110000000000000000000000000000000
0000000000000000000000000000000000000000011000011100000000000000000000000000000000
0000000000000000000000000000000000000000011000111000000000000000000000000000000000
0000000000000000000000000000000000000000011001100000000000000000000000000000000000
0000000000000000000000000000000000000000011111000000000000000000000000000000000000
0000000000000000000000000000000000000000011110000000000000000000000000000000000000
0000000000000000000000000000000000000000011000000000000000000000000000000000000000
0000000000000000000000000000000000000000000000000000000000000000000000000000000000
0000000000000000000000000000000000000000000000000000000000000000000000000000000000
0000000000000000000000000000000000000000000000000000000000000000000000000000000000
0000000000000000000000000000000000000000000000000000000000000000000000000000000000
0000000000000000000000000000000000000000000000000000000000000000000000000000000000
0000000000000000000000000000000000000000000000000000000000000000000000000000000000
0000000000000000000000000000000000000000000000000000000000000000000000000000000000
0000000000000000000000000000000000000000000000000000000000000000000000000000000000
0000000000000000000000000000000000000000000000000000000000000000000000000000000000
0000000000000000000000000000000000000000000000000000000000000000000000000000000000
0000000000000000000000000000000000000000000000000000000000000000000000000000000000
0000000000000000000000000000000000000000000000000000000000000000000000000000000000
0000000000000000000000000000000000000000000000000000000000000000000000000000000000
0000000000000000000000000000000000000000000000000000000000000000000000000000000000
0000000000000000000000000000000000000000000000000000000000000000000000000000000000

0000000000000000000000000000000000000000000000000000000000000000000000000000000000
0000000000000000000000000000000000000000000000000000000000000000000000000000000000
0000000000000000000000000000000000000000000000000000000000000000000000000000000000
0000000000000000000000000000000000000000000000000000000000000000000000000000000000
0000000000000000000000000000000000000000000000000000000000000000000000000000000000
0000000000000000000000000000000000000000000000000000000000000000000000000000000000
0000000000000000000000000000000000000000000000000000000000000000000000000000000000
0000000000000000000000000000000000000000000000000000000000000000000000000000000000
0000000000000000000000000000000000000000000000000000000000000000000000000000000000
0000000000000000000000000000000000000000000000000000000000000000000000000000000000
0000000000000000000000000000000000000000000000000000000000000000000000000000000000
0000000000000000000000000000000000000000000000000000000000000000000000000000000000
0000000000000000000000000000000000000000000000000000000000000000000000000000000000
0000000000000000000000000000000000000000000000000000000000000000000000000000000000
0000000000000000000000000000000000000000000000000000000000000000000000000000000000
0000000000000000000000000000000000000001100000000000000000000000000000000000000000
0000000000000000000000000000000000000011100000000000000000000000000000000000000000
0000000000000000000000000000000000001111100000000000000000000000000000000000000000
0000000000000000000000000000000000011101100000000000000000000000000000000000000000
0000000000000000000000000000000000110001100000000000000000000000000000000000000000
0000000000000000000000000000000011100001100000000000000000000000000000000000000000
0000000000000000000000000000000111000001100000000000000000000000000000000000000000
0000000000000000000000000000001100000001100000000000000000000000000000000000000000
0000000000000000000000000000111000000001100000000000000000000000000000000000000000
0000000000000000000000000001110000000001100000000000000000000000000000000000000000
0000000000000000000000000011000000000001100000000000000000000000000000000000000000
0000000000000000000000001110000000000001100000000000000000000000000000000000000000
0000000000000000000000011100000000000001100000000000000000000000000000000000000000
0000000000000000000000110000000000000001111111111111111111111111111111111111100000
0000000000000000000011100000000000000000000000000000000000000000000000000001100000
0000000000000000000110000000000000000000000000000000000000000000000000000000100000
0000000000000000011100000000000000000000000000000000000000000000000000000000100000
0000000000000000111000000000000000000000000000000000000000000000000000000000100000
0000000000000001100000000000000000000000000000000000000000000000000000000000100000
0000000000000111000000000000000000000000000000000000000000000000000000000000100000
0000000000001110000000000000000000000000000000000000000000000000000000000000100000
0000000000011000000000000000000000000000000000000000000000000000000000000000100000
0000000001110000000000000000000000000000000000000000000000000000000000000000100000
0000000011100000000000000000000000000000000000000000000000000000000000000000100000
0000000110000000000000000000000000000000000000000000000000000000000000000000100000
0000011100000000000000000000000000000000000000000000000000000000000000000000100000
0000011100000000000000000000000000000000000000000000000000000000000000000000100000
0000000110000000000000000000000000000000000000000000000000000000000000000000100000
0000000011100000000000000000000000000000000000000000000000000000000000000000100000
0000000001110000000000000000000000000000000000000000000000000000000000000000100000
0000000000011000000000000000000000000000000000000000000000000000000000000000100000
0000000000001110000000000000000000000000000000000000000000000000000000000000100000
0000000000000111000000000000000000000000000000000000000000000000000000000000100000
0000000000000001100000000000000000000000000000000000000000000000000000000000100000
0000000000000000111000000000000000000000000000000000000000000000000000000000100000
0000000000000000011100000000000000000000000000000000000000000000000000000000100000
0000000000000000000110000000000000000000000000000000000000000000000000000000100000
0000000000000000000011100000000000000000000000000000000000000000000000000001100000
0000000000000000000001110000000000000001111111111111111111111111111111111111100000
0000000000000000000000011000000000000001100000000000000000000000000000000000000000
0000000000000000000000001110000000000001100000000000000000000000000000000000000000
0000000000000000000000000111000000000001100000000000000000000000000000000000000000
0000000000000000000000000001100000000001100000000000000000000000000000000000000000
0000000000000000000000000000111000000001100000000000000000000000000000000000000000
0000000000000000000000000000001100000001100000000000000000000000000000000000000000
0000000000000000000000000000000111000001100000000000000000000000000000000000000000
0000000000000000000000000000000011100001100000000000000000000000000000000000000000
0000000000000000000000000000000000110001100000000000000000000000000000000000000000
0000000000000000000000000000000000011101100000000000000000000000000000000000000000
0000000000000000000000000000000000001111100000000000000000000000000000000000000000
0000000000000000000000000000000000000011100000000000000000000000000000000000000000
0000000000000000000000000000000000000001100000000000000000000000000000000000000000
0000000000000000000000000000000000000000100000000000000000000000000000000000000000
0000000000000000000000000000000000000000000000000000000000000000000000000000000000
0000000000000000000000000000000000000000000000000000000000000000000000000000000000
0000000000000000000000000000000000000000000000000000000000000000000000000000000000
0000000000000000000000000000000000000000000000000000000000000000000000000000000000
0000000000000000000000000000000000000000000000000000000000000000000000000000000000
0000000000000000000000000000000000000000000000000000000000000000000000000000000000
0000000000000000000000000000000000000000000000000000000000000000000000000000000000
0000000000000000000000000000000000000000000000000000000000000000000000000000000000
0000000000000000000000000000000000000000000000000000000000000000000000000000000000
0000000000000000000000000000000000000000000000000000000000000000000000000000000000
0000000000000000000000000000000000000000000000000000000000000000000000000000000000
0000000000000000000000000000000000000000000000000000000000000000000000000000000000
0000000000000000000000000000000000000000000000000000000000000000000000000000000000
0000000000000000000000000000000000000000000000000000000000000000000000000000000000

