== Attributes ==
title=2x1 Challenge Problem 05
type= 2x1
result=4
window_size=(82, 82)

== Input ==
0000000000000000000000000000000000000000000000000000000000000000000000000000000000
0000000000000000000000000000000000000000000000000000000000000000000000000000000000
0000000000000000000000000000000000000000000000000000000000000000000000000000000000
0000000000000000000000000000000000000000000000000000000000000000000000000000000000
0000000000000000000000000000000000000000000000000000000000000000000000000000000000
0000000000000000000000000000000000000000000000000000000000000000000000000000000000
0000000000000000000000000000000000000000000000000000000000000000000000000000000000
0000000000000000000000000000000000000000110000000000000000000000000000000000000000
0000000000000000000000000000000000000001111000000000000000000000000000000000000000
0000000000000000000000000000000000000111001100000000000000000000000000000000000000
0000000000000000000000000000000000001110000110000000000000000000000000000000000000
0000000000000000000000000000000000011000000011100000000000000000000000000000000000
0000000000000000000000000000000001110000000000110000000000000000000000000000000000
0000000000000000000000000000000011100000000000011000000000000000000000000000000000
0000000000000000000000000000000011000000000000001100000000000000000000000000000000
0000000000000000000000000000000011000000000000001000000000000000000000000000000000
0000000000000000000000000000000011000000000000011000000000000000000000000000000000
0000000000000000000000000000000001000000000000011000000000000000000000000000000000
0000000000011111111000000000000001100000000000010000000000000000010000000000000000
0000000000111111111100000000000001100000000000010000000000000001111100000000000000
0000000001100000000110000000000000100000000000110000000000000111101111000000000000
0000000001100000000110000000000000110000000000110000000000011110000011110000000000
0000000011000000000011000000000000110000000000100000000000110000000000111000000000
0000000011000000000011000000000000011000000001100000000000100000000000011000000000
0000000110000000000001100000000000011111111111100000000000100000000000001000000000
0000000110000000000001100000000000000000000000000000000001100000000000001100000000
0000001100000000000000110000000000000000000000000000000001100000000000001100000000
0000001100000000000000110000000000000000000000000000000001100000000000001100000000
0000001100000000000000110000000000000000000000000000000001000000000000000100000000
0000000110000000000001100000000000000000000000000000000011000000000000000100000000
0000000110000000000001100000000000000000000000000000000001100000000000001100000000
0000000011000000000011000000000000000000000000000000000000110000000000011000000000
0000000011000000000011000000000000000001111000000000000000110000000000011000000000
0000000001100000000110000000000000001111111110000000000000011000000000110000000000
0000000001100000000110000000000000011100000011100000000000001100000001100000000000
0000000000111111111100000000000000110000000001110000000000000111111111000000000000
0000000000000000000000000000000001100000000000110000000000000000000000000000000000
0000000000000000000000000000000001000000000000011000000000000000000000000000000000
0000000000000000000000000000000011000000000000001000000000000000000000000000000000
0000000000000000000000000000000011000000000000001100000000000000000000000000000000
0000000000000000000000000000000010000000000000001100000000000000000000000000000000
0000000000000000000000000000000010000000000000001100000000000000000000000000000000
0000000000000000000000000000000010000000000000001100000000000000000000000000000000
0000000000000000000000000000000011000000000000001100000000000000000000000000000000
0000001111111111111111110000000011000000000000011000000000000000010000000000000000
0000001100000000000000110000000001100000000000011000000000000000111000000000000000
0000001100000000000000110000000001100000000000110000000000000001111000000000000000
0000001100000000000000110000000000111000000001100000000000000001101100000000000000
0000001100000000000000110000000000011110000111000000000000000001000100000000000000
0000001100000000000000110000000000000111111110000000000000000011000110000000000000
0000001100000000000000110000000000000000000000000000000000000010000010000000000000
0000001100000000000000110000000000000000000000000000000000000110000011000000000000
0000001100000000000000110000000000000000000000000000000000000100000001000000000000
0000001100000000000000110000000000000000000000000000000000001100000001100000000000
0000001100000000000000110000000000000000000000000000000000001000000000100000000000
0000001100000000000000110000000000000000000000000000000000011000000000110000000000
0000001100000000000000110000000000000000000000000000000000010000000000010000000000
0000001100000000000000110000000000000000000000000000000000110000000000011000000000
0000001100000000000000110000000000001111111110000000000001100000000000001000000000
0000001100000000000000110000000000011000000011000000000001100000000000001100000000
0000001111111111111111110000000000110000000001100000000001111111111111111100000000
0000001111111111111111100000000001100000000000110000000001111111111111111100000000
0000000000000000000000000000000011000000000000011000000000000000000000000000000000
0000000000000000000000000000000010000000000000001100000000000000000000000000000000
0000000000000000000000000000000010000000000000001100000000000000000000000000000000
0000000000000000000000000000000010000000000000001100000000000000000000000000000000
0000000000000000000000000000000010000000000000001100000000000000000000000000000000
0000000000000000000000000000000010000000000000001100000000000000000000000000000000
0000000000000000000000000000000010000000000000001100000000000000000000000000000000
0000000000000000000000000000000010000000000000001100000000000000000000000000000000
0000000000000000000000000000000011000000000000011100000000000000000000000000000000
0000000000000000000000000000000001100000000000111000000000000000000000000000000000
0000000000000000000000000000000000110000000001110000000000000000000000000000000000
0000000000000000000000000000000000011000000011100000000000000000000000000000000000
0000000000000000000000000000000000001111111111000000000000000000000000000000000000
0000000000000000000000000000000000000111111100000000000000000000000000000000000000
0000000000000000000000000000000000000000000000000000000000000000000000000000000000
0000000000000000000000000000000000000000000000000000000000000000000000000000000000
0000000000000000000000000000000000000000000000000000000000000000000000000000000000
0000000000000000000000000000000000000000000000000000000000000000000000000000000000
0000000000000000000000000000000000000000000000000000000000000000000000000000000000
0000000000000000000000000000000000000000000000000000000000000000000000000000000000

0000000000000000000000000000000000000000000000000000000000000000000000000000000000
0000000000000000000000000000000000000000000000000000000000000000000000000000000000
0000000000000000000000000000000000000000000000000000000000000000000000000000000000
0000000000000000000000000000000000000000000000000000000000000000000000000000000000
0000000000000000000000000000000000000000000000000000000000000000000000000000000000
0000000000000000000000000000000000000000000000000000000000000000000000000000000000
0000000000000000000000000000000000000000000000000000000000000000000000000000000000
0000000000000000000000000000000000000111111110000000000000000000000000000000000000
0000000000000000000000000000000000001111111111000000000000000000000000000000000000
0000000000000000000000000000000000011000000001100000000000000000000000000000000000
0000000000000000000000000000000000110000000000110000000000000000000000000000000000
0000000000000000000000000000000001100000000000011000000000000000000000000000000000
0000000000000000000000000000000011000000000000001100000000000000000000000000000000
0000000000000000000000000000000010000000000000001100000000000000000000000000000000
0000000000000000000000000000000010000000000000001100000000000000000000000000000000
0000000000000000000000000000000010000000000000001100000000000000000000000000000000
0000000000000000000000000000000010000000000000001100000000000000000000000000000000
0000000000000000000000000000000010000000000000001100000000000000000000000000000000
0000000000000000000000000000000010000000000000001100000000000000000000000000000000
0000000000000000000000000000000011000000000000001100000000000000000000000000000000
0000000000000000000000000000000011100000000000011000000000000000000000000000000000
0000000000000001100000000000000001110000000000110000000001111111111111111110000000
0000000000000001100000000000000000111000000001100000000001100000000000000110000000
0000000000000011110000000000000000011100000011000000000001100000000000000010000000
0000000000000011110000000000000000001111111110000000000001100000000000000010000000
0000000000000110011000000000000000000000000000000000000001100000000000000010000000
0000000000000110011000000000000000000000000000000000000001100000000000000010000000
0000000000001100001100000000000000000000000000000000000001100000000000000010000000
0000000000001100001100000000000000000000000000000000000001100000000000000010000000
0000000000011000000110000000000000000000000000000000000001100000000000000010000000
0000000000011000000110000000000000000000000000000000000001100000000000000010000000
0000000000110000000011000000000000000000000000000000000001100000000000000010000000
0000000000110000000011000000000000000001111000000000000001100000000000000010000000
0000000001100000000001100000000000001111111110000000000001100000000000000010000000
0000000001100000000001100000000000011100000011100000000001100000000000000010000000
0000000011000000000000110000000000110000000001110000000001100000000000000010000000
0000000011000000000000010000000001100000000000110000000001100000000000000010000000
0000000111010000000010111000000001000000000000011000000001111111111111111110000000
0000000111111111111111111000000011000000000000001000000000111111111111111110000000
0000000000000000000000000000000011000000000000001100000000000000000000000000000000
0000000000000000000000000000000010000000000000001100000000000000000000000000000000
0000000000000000000000000000000010000000000000001100000000000000000000000000000000
0000000000000000000000000000000010000000000000001100000000000000000000000000000000
0000000000000000000000000000000011000000000000001000000000000000000000000000000000
0000000000000000000000000000000011000000000000011000000000000000000000000000000000
0000000000000000000000000000000001100000000000011000000000000000000000000000000000
0000000000000001100000000000000001100000000000110000000000000011111111100000000000
0000000000000111111000000000000000111000000001100000000000000111111111110000000000
0000000000011110011110000000000000011110000111000000000000001100000000110000000000
0000000001111000000011100000000000000111111110000000000000001100000000011000000000
0000000011100000000001110000000000000000000000000000000000011000000000011000000000
0000000011000000000000110000000000000000000000000000000000011000000000001100000000
0000000011000000000000110000000000000000000000000000000000110000000000001100000000
0000000010000000000000010000000000000000000000000000000000110000000000000110000000
0000000010000000000000010000000000000000000000000000000001100000000000000110000000
0000000110000000000000011000000000000000000000000000000001100000000000000110000000
0000000110000000000000011000000000000000000000000000000000110000000000000110000000
0000000110000000000000011000000000000000000000000000000000110000000000001100000000
0000000011000000000000110000000000000001110000000000000000011000000000001100000000
0000000011000000000000110000000000000011111100000000000000011000000000011000000000
0000000001100000000001100000000000000110001110000000000000001100000000011000000000
0000000000110000000011000000000000011100000011000000000000001100000000110000000000
0000000000011000000110000000000000111000000001100000000000000110000000110000000000
0000000000011111111110000000000001100000000000111000000000000111111111100000000000
0000000000000000000000000000000011000000000000011100000000000000000000000000000000
0000000000000000000000000000000011000000000000001100000000000000000000000000000000
0000000000000000000000000000000011000000000000001000000000000000000000000000000000
0000000000000000000000000000000001000000000000011000000000000000000000000000000000
0000000000000000000000000000000001100000000000011000000000000000000000000000000000
0000000000000000000000000000000001100000000000010000000000000000000000000000000000
0000000000000000000000000000000001100000000000110000000000000000000000000000000000
0000000000000000000000000000000000100000000000110000000000000000000000000000000000
0000000000000000000000000000000000110000000000100000000000000000000000000000000000
0000000000000000000000000000000000110000000001100000000000000000000000000000000000
0000000000000000000000000000000000011111111111100000000000000000000000000000000000
0000000000000000000000000000000000011111111111000000000000000000000000000000000000
0000000000000000000000000000000000000000000000000000000000000000000000000000000000
0000000000000000000000000000000000000000000000000000000000000000000000000000000000
0000000000000000000000000000000000000000000000000000000000000000000000000000000000
0000000000000000000000000000000000000000000000000000000000000000000000000000000000
0000000000000000000000000000000000000000000000000000000000000000000000000000000000
0000000000000000000000000000000000000000000000000000000000000000000000000000000000

0000000000000000000000000000000000000000000000000000000000000000000000000000000000
0000000000000000000000000000000000000000000000000000000000000000000000000000000000
0000000000000000000000000000000000000000000000000000000000000000000000000000000000
0000000000000000000000000000000000000000000000000000000000000000000000000000000000
0000000000000000000000000000000000000000000000000000000000000000000000000000000000
0000000000000000000000000000000000000000000000000000000000000000000000000000000000
0000000000000000000000000000000000000000000000000000000000000000000000000000000000
0000000000000000000000000000000000000000011000000000000000000000000000000000000000
0000000000000000000000000000000000000011111110000000000000000000000000000000000000
0000000000000000000000000000000000001111000111100000000000000000000000000000000000
0000000000000000000000000000000000011100000001111000000000000000000000000000000000
0000000000000000000000000000000000110000000000011000000000000000000000000000000000
0000000000000000000000000000000000100000000000001000000000000000000000000000000000
0000000000000000000000000000000000100000000000001100000000000000000000000000000000
0000000000000000000000000000000001100000000000001100000000000000000000000000000000
0000000000000000000000000000000001100000000000001100000000000000000000000000000000
0000000000000000000000000000000001100000000000000100000000000000000000000000000000
0000000000000000000000000000000001000000000000000100000000000000000000000000000000
0000000111111111111111110000000001000000000000000110000000000000001000000000000000
0000000111111111111111111000000001100000000000001100000000000000011100000000000000
0000000100000000000000011000000000110000000000011000000000000001110110000000000000
0000000100000000000000011000000000011000000000110000000000000011100011100000000000
0000000100000000000000011000000000011000000000110000000000000110000001110000000000
0000000100000000000000011000000000001110000001100000000000011100000000011000000000
0000000100000000000000011000000000000111111111000000000000111000000000001110000000
0000000100000000000000011000000000000000000000000000000001100000000000000110000000
0000000100000000000000011000000000000000000000000000000000100000000000000110000000
0000000100000000000000011000000000000000000000000000000000110000000000000110000000
0000000100000000000000011000000000000000000000000000000000110000000000000100000000
0000000100000000000000011000000000000000000000000000000000110000000000001100000000
0000000100000000000000011000000000000000000000000000000000010000000000001100000000
0000000100000000000000011000000000000000000000000000000000011000000000001000000000
0000000100000000000000011000000000000000111000000000000000011000000000011000000000
0000000100000000000000011000000000000111111111000000000000001000000000011000000000
0000000100000000000000011000000000001110000011100000000000001100000000011000000000
0000000111111111111111111000000000011000000000110000000000001111111111110000000000
0000000000000000000000000000000000110000000000011000000000000000000000000000000000
0000000000000000000000000000000001100000000000001100000000000000000000000000000000
0000000000000000000000000000000001100000000000001100000000000000000000000000000000
0000000000000000000000000000000001000000000000000100000000000000000000000000000000
0000000000000000000000000000000001000000000000000110000000000000000000000000000000
0000000000000000000000000000000001000000000000000110000000000000000000000000000000
0000000000000000000000000000000001000000000000000110000000000000000000000000000000
0000000000000000000000000000000001000000000000000100000000000000000000000000000000
0000000000011111111110000000000001100000000000001100000000000011111111100000000000
0000000000110000000011000000000000100000000000001100000000000110000000110000000000
0000000000100000000011000000000000110000000000011000000000001100000000011000000000
0000000001100000000001100000000000011000000000110000000000011000000000001100000000
0000000001000000000001100000000000001111000011100000000000110000000000000110000000
0000000011000000000000110000000000000011111110000000000001100000000000000010000000
0000000010000000000000110000000000000000000000000000000001100000000000000010000000
0000000110000000000000011000000000000000000000000000000001100000000000000010000000
0000000110000000000000011000000000000000000000000000000001100000000000000010000000
0000000110000000000000011000000000000000000000000000000001100000000000000010000000
0000000010000000000000110000000000000000000000000000000001100000000000000010000000
0000000011000000000000110000000000000000000000000000000001100000000000000010000000
0000000001000000000001100000000000000000000000000000000001110000000000000110000000
0000000001100000000001100000000000000000000000000000000000111000000000001100000000
0000000000100000000011000000000000000000110000000000000000011100000000011000000000
0000000000110000000011000000000000000000111000000000000000001110000000110000000000
0000000000011111111110000000000000000001111000000000000000000111111111100000000000
0000000000011111111100000000000000000001001100000000000000000001111111000000000000
0000000000000000000000000000000000000011001100000000000000000000000000000000000000
0000000000000000000000000000000000000010000110000000000000000000000000000000000000
0000000000000000000000000000000000000110000110000000000000000000000000000000000000
0000000000000000000000000000000000000100000011000000000000000000000000000000000000
0000000000000000000000000000000000001100000011000000000000000000000000000000000000
0000000000000000000000000000000000001000000001100000000000000000000000000000000000
0000000000000000000000000000000000011000000001100000000000000000000000000000000000
0000000000000000000000000000000000010000000000110000000000000000000000000000000000
0000000000000000000000000000000000110000000000110000000000000000000000000000000000
0000000000000000000000000000000000100000000000011000000000000000000000000000000000
0000000000000000000000000000000001100000000000011000000000000000000000000000000000
0000000000000000000000000000000001000000000000001000000000000000000000000000000000
0000000000000000000000000000000011111111111111111100000000000000000000000000000000
0000000000000000000000000000000001111111111111111000000000000000000000000000000000
0000000000000000000000000000000000000000000000000000000000000000000000000000000000
0000000000000000000000000000000000000000000000000000000000000000000000000000000000
0000000000000000000000000000000000000000000000000000000000000000000000000000000000
0000000000000000000000000000000000000000000000000000000000000000000000000000000000
0000000000000000000000000000000000000000000000000000000000000000000000000000000000
0000000000000000000000000000000000000000000000000000000000000000000000000000000000

== Output ==
0000000000000000000000000000000000000000000000000000000000000000000000000000000000
0000000000000000000000000000000000000000000000000000000000000000000000000000000000
0000000000000000000000000000000000000000000000000000000000000000000000000000000000
0000000000000000000000000000000000000000000000000000000000000000000000000000000000
0000000000000000000000000000000000000000000000000000000000000000000000000000000000
0000000000000000000000000000000000000000000000000000000000000000000000000000000000
0000000000000000000000000000000000000000000000000000000000000000000000000000000000
0000000000000000000000000000000000000000111000000000000000000000000000000000000000
0000000000000000000000000000000000000011111110000000000000000000000000000000000000
0000000000000000000000000000000000001110000111100000000000000000000000000000000000
0000000000000000000000000000000000111000000001110000000000000000000000000000000000
0000000000000000000000000000000000110000000000011000000000000000000000000000000000
0000000000000000000000000000000001100000000000011000000000000000000000000000000000
0000000000000000000000000000000001100000000000001000000000000000000000000000000000
0000000000000000000000000000000001100000000000001000000000000000000000000000000000
0000000000000000000000000000000001000000000000001100000000000000000000000000000000
0000000000000000000000000000000001000000000000001100000000000000000000000000000000
0000000000000000000000000000000011000000000000000100000000000000000000000000000000
0000000111111111111111110000000011000000000000001100000000000000011000000000000000
0000000111111111111111111000000001100000000000001100000000000000111100000000000000
0000000100000000000000011000000000110000000000011000000000000001100110000000000000
0000000100000000000000011000000000011000000000110000000000000111000011100000000000
0000000100000000000000011000000000011000000001100000000000001110000000110000000000
0000000100000000000000011000000000001111111111000000000000011000000000011000000000
0000000100000000000000011000000000000111111111000000000000110000000000001110000000
0000000100000000000000011000000000000000000000000000000001100000000000000110000000
0000000100000000000000011000000000000000000000000000000001100000000000000110000000
0000000100000000000000011000000000000000000000000000000000100000000000000110000000
0000000100000000000000011000000000000000000000000000000000110000000000000100000000
0000000100000000000000011000000000000000000000000000000000110000000000001100000000
0000000100000000000000011000000000000000000000000000000000010000000000001100000000
0000000100000000000000011000000000000000000000000000000000011000000000001000000000
0000000100000000000000011000000000000001111100000000000000011000000000011000000000
0000000100000000000000011000000000001111111111000000000000001000000000011000000000
0000000110000000000000011000000000011100000001100000000000001100000000110000000000
0000000111111111111111111000000000110000000000110000000000001111111111110000000000
0000000000000000000000000000000000100000000000011000000000000000000000000000000000
0000000000000000000000000000000001100000000000001100000000000000000000000000000000
0000000000000000000000000000000001000000000000001100000000000000000000000000000000
0000000000000000000000000000000011000000000000001100000000000000000000000000000000
0000000000000000000000000000000011000000000000000100000000000000000000000000000000
0000000000000000000000000000000011000000000000000100000000000000000000000000000000
0000000000000000000000000000000011000000000000000100000000000000000000000000000000
0000000000011111111100000000000001000000000000001100000000000011111111000000000000
0000000000111111111110000000000001100000000000001100000000000111111111100000000000
0000000000110000000010000000000001100000000000011000000000001100000000110000000000
0000000001100000000011000000000000110000000000110000000000011000000000011000000000
0000000001100000000001000000000000011000000001110000000000110000000000001100000000
0000000011000000000001100000000000001111001111000000000001100000000000000110000000
0000000011000000000000100000000000000011111110000000000001100000000000000010000000
0000000110000000000000110000000000000000000000000000000001100000000000000010000000
0000000110000000000000010000000000000000000000000000000001100000000000000010000000
0000000100000000000000011000000000000000000000000000000001100000000000000010000000
0000000110000000000000110000000000000000000000000000000001100000000000000010000000
0000000010000000000000110000000000000000000000000000000001100000000000000010000000
0000000011000000000001100000000000000000000000000000000001100000000000000110000000
0000000001000000000001100000000000000000000000000000000001110000000000000110000000
0000000001100000000011000000000000000000100000000000000000111000000000001100000000
0000000000100000000011000000000000000000110000000000000000011100000000011000000000
0000000000110000000110000000000000000001111000000000000000001110000000110000000000
0000000000011111111110000000000000000001011000000000000000000111111111100000000000
0000000000000000000000000000000000000011001100000000000000000000000000000000000000
0000000000000000000000000000000000000011001100000000000000000000000000000000000000
0000000000000000000000000000000000000110000110000000000000000000000000000000000000
0000000000000000000000000000000000000100000110000000000000000000000000000000000000
0000000000000000000000000000000000001100000011000000000000000000000000000000000000
0000000000000000000000000000000000001100000011000000000000000000000000000000000000
0000000000000000000000000000000000011000000001100000000000000000000000000000000000
0000000000000000000000000000000000010000000001100000000000000000000000000000000000
0000000000000000000000000000000000110000000000110000000000000000000000000000000000
0000000000000000000000000000000000100000000000110000000000000000000000000000000000
0000000000000000000000000000000001100000000000011000000000000000000000000000000000
0000000000000000000000000000000001000000000000011000000000000000000000000000000000
0000000000000000000000000000000011000000000000011100000000000000000000000000000000
0000000000000000000000000000000011111111111111111100000000000000000000000000000000
0000000000000000000000000000000000000000000000000000000000000000000000000000000000
0000000000000000000000000000000000000000000000000000000000000000000000000000000000
0000000000000000000000000000000000000000000000000000000000000000000000000000000000
0000000000000000000000000000000000000000000000000000000000000000000000000000000000
0000000000000000000000000000000000000000000000000000000000000000000000000000000000
0000000000000000000000000000000000000000000000000000000000000000000000000000000000
0000000000000000000000000000000000000000000000000000000000000000000000000000000000

0000000000000000000000000000000000000000000000000000000000000000000000000000000000
0000000000000000000000000000000000000000000000000000000000000000000000000000000000
0000000000000000000000000000000000000000000000000000000000000000000000000000000000
0000000000000000000000000000000000000000000000000000000000000000000000000000000000
0000000000000000000000000000000000000000000000000000000000000000000000000000000000
0000000000000000000000000000000000000000000000000000000000000000000000000000000000
0000000000000000000000000000000000000000000000000000000000000000000000000000000000
0000000000000000000000000000000000000001110000000000000000000000000000000000000000
0000000000000000000000000000000000000111111100000000000000000000000000000000000000
0000000000000000000000000000000000011100001111000000000000000000000000000000000000
0000000000000000000000000000000001110000000011110000000000000000000000000000000000
0000000000000000000000000000000001100000000000110000000000000000000000000000000000
0000000000000000000000000000000001000000000000010000000000000000000000000000000000
0000000000000000000000000000000011000000000000010000000000000000000000000000000000
0000000000000000000000000000000011000000000000011000000000000000000000000000000000
0000000000000000000000000000000011000000000000011000000000000000000000000000000000
0000000000000000000000000000000010000000000000011000000000000000000000000000000000
0000000000000000000000000000000010000000000000001000000000000000000000000000000000
0000000000000001000000000000000110000000000000011000000001111111111111111110000000
0000000000000011110000000000000011000000000000011000000001111111111111111110000000
0000000000001110111000000000000001100000000000110000000001100000000000000010000000
0000000000011100001100000000000000110000000001100000000001100000000000000010000000
0000000000110000000111000000000000111000000011000000000001100000000000000010000000
0000000011100000000011100000000000011111111111000000000001100000000000000010000000
0000000111000000000000110000000000001111111110000000000001100000000000000010000000
0000000110000000000000011000000000000000000000000000000001100000000000000010000000
0000000110000000000000010000000000000000000000000000000001100000000000000010000000
0000000110000000000000110000000000000000000000000000000001100000000000000010000000
0000000010000000000000110000000000000000000000000000000001100000000000000010000000
0000000011000000000000100000000000000000000000000000000001100000000000000010000000
0000000011000000000001100000000000000000000000000000000001100000000000000010000000
0000000001000000000001100000000000000000000000000000000001100000000000000010000000
0000000001100000000001100000000000000011111000000000000001100000000000000010000000
0000000001100000000001000000000000001111111110000000000001100000000000000010000000
0000000001110000000011000000000000111000000011100000000001100000000000000110000000
0000000000111111111111000000000001110000000001100000000001111111111111111110000000
0000000000000000000000000000000001100000000000110000000000000000000000000000000000
0000000000000000000000000000000011000000000000011000000000000000000000000000000000
0000000000000000000000000000000010000000000000011000000000000000000000000000000000
0000000000000000000000000000000010000000000000001000000000000000000000000000000000
0000000000000000000000000000000110000000000000001000000000000000000000000000000000
0000000000000000000000000000000110000000000000001000000000000000000000000000000000
0000000000000000000000000000000110000000000000001000000000000000000000000000000000
0000000000001111111000000000000010000000000000011000000000000011111111100000000000
0000000000011111111110000000000011000000000000011000000000000111111111100000000000
0000000000110000000111000000000001000000000000110000000000000100000000110000000000
0000000001100000000011100000000001100000000000110000000000001100000000010000000000
0000000011000000000001110000000000111000000011100000000000001000000000011000000000
0000000110000000000000111000000000011111011111000000000000011000000000001000000000
0000000100000000000000011000000000000111111100000000000000010000000000001100000000
0000000100000000000000011000000000000000000000000000000000110000000000000100000000
0000000100000000000000011000000000000000000000000000000000100000000000000110000000
0000000100000000000000011000000000000000000000000000000001100000000000000110000000
0000000100000000000000011000000000000000000000000000000000100000000000000110000000
0000000100000000000000011000000000000000000000000000000000110000000000001100000000
0000000100000000000000011000000000000000000000000000000000010000000000001100000000
0000000110000000000000110000000000000000000000000000000000011000000000011000000000
0000000011000000000001100000000000000000110000000000000000001000000000011000000000
0000000001100000000011000000000000000000110000000000000000001100000000110000000000
0000000000110000000110000000000000000001111000000000000000000100000000110000000000
0000000000011111111100000000000000000001111000000000000000000111111111100000000000
0000000000000000000000000000000000000011001100000000000000000000000000000000000000
0000000000000000000000000000000000000011001100000000000000000000000000000000000000
0000000000000000000000000000000000000110000110000000000000000000000000000000000000
0000000000000000000000000000000000000110000110000000000000000000000000000000000000
0000000000000000000000000000000000001100000011000000000000000000000000000000000000
0000000000000000000000000000000000001100000011000000000000000000000000000000000000
0000000000000000000000000000000000011000000001100000000000000000000000000000000000
0000000000000000000000000000000000011000000001100000000000000000000000000000000000
0000000000000000000000000000000000110000000000110000000000000000000000000000000000
0000000000000000000000000000000000110000000000110000000000000000000000000000000000
0000000000000000000000000000000001100000000000011000000000000000000000000000000000
0000000000000000000000000000000001100000000000011000000000000000000000000000000000
0000000000000000000000000000000011000000000000011100000000000000000000000000000000
0000000000000000000000000000000011111111111111111100000000000000000000000000000000
0000000000000000000000000000000000000000000000000000000000000000000000000000000000
0000000000000000000000000000000000000000000000000000000000000000000000000000000000
0000000000000000000000000000000000000000000000000000000000000000000000000000000000
0000000000000000000000000000000000000000000000000000000000000000000000000000000000
0000000000000000000000000000000000000000000000000000000000000000000000000000000000
0000000000000000000000000000000000000000000000000000000000000000000000000000000000
0000000000000000000000000000000000000000000000000000000000000000000000000000000000

0000000000000000000000000000000000000000000000000000000000000000000000000000000000
0000000000000000000000000000000000000000000000000000000000000000000000000000000000
0000000000000000000000000000000000000000000000000000000000000000000000000000000000
0000000000000000000000000000000000000000000000000000000000000000000000000000000000
0000000000000000000000000000000000000000000000000000000000000000000000000000000000
0000000000000000000000000000000000000000000000000000000000000000000000000000000000
0000000000000000000000000000000000000000000000000000000000000000000000000000000000
0000000000000000000000000000000000000000110000000000000000000000000000000000000000
0000000000000000000000000000000000000000110000000000000000000000000000000000000000
0000000000000000000000000000000000000001111000000000000000000000000000000000000000
0000000000000000000000000000000000000001001000000000000000000000000000000000000000
0000000000000000000000000000000000000011001100000000000000000000000000000000000000
0000000000000000000000000000000000000011000100000000000000000000000000000000000000
0000000000000000000000000000000000000110000110000000000000000000000000000000000000
0000000000000000000000000000000000000110000010000000000000000000000000000000000000
0000000000000000000000000000000000001100000011000000000000000000000000000000000000
0000000000000000000000000000000000001100000001000000000000000000000000000000000000
0000000000000000000000000000000000011000000001100000000000000000000000000000000000
0000000000000000000000000000000000011000000000100000000000000000000000000000000000
0000000000000000000000000000000000110000000000110000000000000000000000000000000000
0000000000000000000000000000000000110000000000010000000000000000000000000000000000
0000000000011111111110000000000001100000000000011000000000000011111111100000000000
0000000000110000000110000000000001000000000000001000000000000110000000110000000000
0000000000110000000011000000000011111111111111111100000000001100000000011000000000
0000000001100000000001000000000011111111111111111100000000011000000000001100000000
0000000001100000000001100000000000000000000000000000000000110000000000000110000000
0000000011000000000000100000000000000000000000000000000001100000000000000010000000
0000000011000000000000110000000000000000000000000000000001100000000000000010000000
0000000110000000000000010000000000000000000000000000000001100000000000000010000000
0000000110000000000000011000000000000000000000000000000001100000000000000010000000
0000000110000000000000011000000000000000000000000000000001100000000000000010000000
0000000010000000000000110000000000000000000000000000000001100000000000000010000000
0000000011000000000000100000000000000001111100000000000001100000000000000010000000
0000000001000000000001100000000000000111111111000000000001100000000000000110000000
0000000001100000000001000000000000011100000001100000000000110000000000001100000000
0000000000100000000011000000000000111000000000110000000000011000000000011000000000
0000000000110000000010000000000000110000000000011000000000001100000000110000000000
0000000000011111111110000000000001100000000000001100000000000111111111100000000000
0000000000011111111100000000000001000000000000001100000000000011111111000000000000
0000000000000000000000000000000001000000000000000100000000000000000000000000000000
0000000000000000000000000000000011000000000000000100000000000000000000000000000000
0000000000000000000000000000000011000000000000000100000000000000000000000000000000
0000000000000000000000000000000011000000000000000100000000000000000000000000000000
0000000000000000000000000000000001000000000000001100000000000000000000000000000000
0000000000000000000000000000000001100000000000001100000000000000000000000000000000
0000000000000000000000000000000000100000000000011000000000000000000000000000000000
0000000111111111111111111000000000110000000000111000000000000000011000000000000000
0000000110000000000000011000000000011100000001110000000000000000111110000000000000
0000000100000000000000011000000000001111101111100000000000000011100111000000000000
0000000100000000000000011000000000000011111110000000000000000111000001100000000000
0000000100000000000000011000000000000000000000000000000000001100000000111000000000
0000000100000000000000011000000000000000000000000000000000111000000000011100000000
0000000100000000000000011000000000000000000000000000000001110000000000000110000000
0000000100000000000000011000000000000000000000000000000001100000000000000110000000
0000000100000000000000011000000000000000000000000000000000100000000000000110000000
0000000100000000000000011000000000000000000000000000000000110000000000000110000000
0000000100000000000000011000000000000000000000000000000000110000000000000100000000
0000000100000000000000011000000000000000110000000000000000110000000000001100000000
0000000100000000000000011000000000000011111100000000000000010000000000001100000000
0000000100000000000000011000000000001111000111000000000000011000000000001000000000
0000000100000000000000011000000000011100000001110000000000011000000000011000000000
0000000100000000000000011000000000110000000000011000000000001000000000011000000000
0000000111111111111111111000000000100000000000011000000000001111111111110000000000
0000000111111111111111111000000001100000000000001000000000001111111111110000000000
0000000000000000000000000000000001100000000000001100000000000000000000000000000000
0000000000000000000000000000000001100000000000001100000000000000000000000000000000
0000000000000000000000000000000001000000000000001100000000000000000000000000000000
0000000000000000000000000000000001000000000000000100000000000000000000000000000000
0000000000000000000000000000000011000000000000000100000000000000000000000000000000
0000000000000000000000000000000001100000000000001100000000000000000000000000000000
0000000000000000000000000000000000110000000000011000000000000000000000000000000000
0000000000000000000000000000000000110000000000110000000000000000000000000000000000
0000000000000000000000000000000000011000000000110000000000000000000000000000000000
0000000000000000000000000000000000001100000001100000000000000000000000000000000000
0000000000000000000000000000000000000111111111000000000000000000000000000000000000
0000000000000000000000000000000000000000000000000000000000000000000000000000000000
0000000000000000000000000000000000000000000000000000000000000000000000000000000000
0000000000000000000000000000000000000000000000000000000000000000000000000000000000
0000000000000000000000000000000000000000000000000000000000000000000000000000000000
0000000000000000000000000000000000000000000000000000000000000000000000000000000000
0000000000000000000000000000000000000000000000000000000000000000000000000000000000
0000000000000000000000000000000000000000000000000000000000000000000000000000000000

0000000000000000000000000000000000000000000000000000000000000000000000000000000000
0000000000000000000000000000000000000000000000000000000000000000000000000000000000
0000000000000000000000000000000000000000000000000000000000000000000000000000000000
0000000000000000000000000000000000000000000000000000000000000000000000000000000000
0000000000000000000000000000000000000000000000000000000000000000000000000000000000
0000000000000000000000000000000000000000000000000000000000000000000000000000000000
0000000000000000000000000000000000000000000000000000000000000000000000000000000000
0000000000000000000000000000000000000000110000000000000000000000000000000000000000
0000000000000000000000000000000000000000110000000000000000000000000000000000000000
0000000000000000000000000000000000000001111000000000000000000000000000000000000000
0000000000000000000000000000000000000001001000000000000000000000000000000000000000
0000000000000000000000000000000000000011001100000000000000000000000000000000000000
0000000000000000000000000000000000000010001100000000000000000000000000000000000000
0000000000000000000000000000000000000110000110000000000000000000000000000000000000
0000000000000000000000000000000000000100000110000000000000000000000000000000000000
0000000000000000000000000000000000001100000011000000000000000000000000000000000000
0000000000000000000000000000000000001000000011000000000000000000000000000000000000
0000000000000000000000000000000000011000000001100000000000000000000000000000000000
0000000000001111111100000000000000010000000001100000000000001111111110000000000000
0000000000011111111110000000000000110000000000110000000000011111111111000000000000
0000000000110000000011000000000000100000000000110000000000110000000011000000000000
0000000001100000000001100000000001100000000000011000000000110000000001100000000000
0000000011000000000000110000000001000000000000001000000001100000000001100000000000
0000000110000000000000011000000011111111111111111100000001100000000000110000000000
0000000100000000000000011000000011111111111111111100000011000000000000110000000000
0000000100000000000000011000000000000000000000000000000011000000000000011000000000
0000000100000000000000011000000000000000000000000000000110000000000000011000000000
0000000100000000000000011000000000000000000000000000000110000000000000011000000000
0000000100000000000000011000000000000000000000000000000011000000000000011000000000
0000000100000000000000011000000000000000000000000000000011000000000000110000000000
0000000110000000000000011000000000000000000000000000000001100000000000110000000000
0000000110000000000000110000000000000000000000000000000001100000000001100000000000
0000000011000000000001100000000000000011111110000000000000110000000001100000000000
0000000001100000000011000000000000001111111111100000000000110000000011000000000000
0000000000111000000110000000000000011100000001110000000000011000000011000000000000
0000000000011111111100000000000000110000000000111000000000011111111110000000000000
0000000000000000000000000000000000110000000000011000000000000000000000000000000000
0000000000000000000000000000000001100000000000001100000000000000000000000000000000
0000000000000000000000000000000001000000000000001100000000000000000000000000000000
0000000000000000000000000000000001000000000000000100000000000000000000000000000000
0000000000000000000000000000000011000000000000000100000000000000000000000000000000
0000000000000000000000000000000011000000000000000100000000000000000000000000000000
0000000000000000000000000000000001000000000000000100000000000000000000000000000000
0000000000000001000000000000000001000000000000001100000011111111111111110000000000
0000000000000011110000000000000001100000000000001100000111111111111111111000000000
0000000000000110111000000000000000110000000000011000000110000000000000011000000000
0000000000011100001100000000000000110000000000011000000110000000000000011000000000
0000000000111000000111000000000000011100000001110000000110000000000000011000000000
0000000001100000000011100000000000001111101111100000000110000000000000011000000000
0000000111000000000000110000000000000011111110000000000110000000000000011000000000
0000000110000000000000011000000000000000000000000000000110000000000000011000000000
0000000110000000000000011000000000000000000000000000000110000000000000011000000000
0000000110000000000000010000000000000000000000000000000110000000000000011000000000
0000000010000000000000110000000000000000000000000000000110000000000000011000000000
0000000011000000000000110000000000000000000000000000000110000000000000011000000000
0000000011000000000000100000000000000000000000000000000110000000000000011000000000
0000000011000000000001100000000000000000000000000000000110000000000000011000000000
0000000001000000000001100000000000000000110000000000000110000000000000011000000000
0000000001100000000001000000000000000011111100000000000110000000000000011000000000
0000000001100000000011000000000000001111001111000000000110000000000000011000000000
0000000000111111111111000000000000111100000011110000000111111111111111111000000000
0000000000000000000000000000000001110000000000110000000000000000000000000000000000
0000000000000000000000000000000001100000000000011000000000000000000000000000000000
0000000000000000000000000000000001100000000000011000000000000000000000000000000000
0000000000000000000000000000000001000000000000011000000000000000000000000000000000
0000000000000000000000000000000001000000000000001000000000000000000000000000000000
0000000000000000000000000000000011000000000000001100000000000000000000000000000000
0000000000000000000000000000000011000000000000001100000000000000000000000000000000
0000000000000000000000000000000011000000000000001100000000000000000000000000000000
0000000000000000000000000000000011000000000000011000000000000000000000000000000000
0000000000000000000000000000000001100000000000011000000000000000000000000000000000
0000000000000000000000000000000000110000000000110000000000000000000000000000000000
0000000000000000000000000000000000011000000001100000000000000000000000000000000000
0000000000000000000000000000000000001100000011000000000000000000000000000000000000
0000000000000000000000000000000000001111111111000000000000000000000000000000000000
0000000000000000000000000000000000000000000000000000000000000000000000000000000000
0000000000000000000000000000000000000000000000000000000000000000000000000000000000
0000000000000000000000000000000000000000000000000000000000000000000000000000000000
0000000000000000000000000000000000000000000000000000000000000000000000000000000000
0000000000000000000000000000000000000000000000000000000000000000000000000000000000
0000000000000000000000000000000000000000000000000000000000000000000000000000000000
0000000000000000000000000000000000000000000000000000000000000000000000000000000000

0000000000000000000000000000000000000000000000000000000000000000000000000000000000
0000000000000000000000000000000000000000000000000000000000000000000000000000000000
0000000000000000000000000000000000000000000000000000000000000000000000000000000000
0000000000000000000000000000000000000000000000000000000000000000000000000000000000
0000000000000000000000000000000000000000000000000000000000000000000000000000000000
0000000000000000000000000000000000000000000000000000000000000000000000000000000000
0000000000000000000000000000000000000000000000000000000000000000000000000000000000
0000000000000000000000000000000000000000111000000000000000000000000000000000000000
0000000000000000000000000000000000000011111110000000000000000000000000000000000000
0000000000000000000000000000000000001111000111100000000000000000000000000000000000
0000000000000000000000000000000000111100000001111000000000000000000000000000000000
0000000000000000000000000000000000110000000000011000000000000000000000000000000000
0000000000000000000000000000000000100000000000001000000000000000000000000000000000
0000000000000000000000000000000000100000000000001100000000000000000000000000000000
0000000000000000000000000000000001100000000000001100000000000000000000000000000000
0000000000000000000000000000000001100000000000001100000000000000000000000000000000
0000000000000000000000000000000001100000000000000100000000000000000000000000000000
0000000000000000000000000000000001000000000000000100000000000000000000000000000000
0000000000011111111100000000000001100000000000000100000000000000011000000000000000
0000000000111111111110000000000001100000000000001100000000000000111100000000000000
0000000000110000000011000000000000110000000000011000000000000001100111000000000000
0000000001100000000011000000000000011000000000110000000000000011000011100000000000
0000000001100000000001100000000000001100000001100000000000001110000000110000000000
0000000011000000000001100000000000001111111111100000000000011100000000011100000000
0000000011000000000000110000000000000111111111000000000000110000000000001110000000
0000000110000000000000110000000000000000000000000000000001100000000000000110000000
0000000110000000000000011000000000000000000000000000000000100000000000000110000000
0000000110000000000000011000000000000000000000000000000000110000000000000110000000
0000000110000000000000110000000000000000000000000000000000110000000000000100000000
0000000011000000000000110000000000000000000000000000000000110000000000001100000000
0000000011000000000001100000000000000000000000000000000000010000000000001100000000
0000000001100000000001100000000000000000000000000000000000011000000000001000000000
0000000001100000000011000000000000000111111110000000000000011000000000011000000000
0000000000110000000011000000000000001101111011000000000000001000000000011000000000
0000000000110000000110000000000000011000000001100000000000001100000000110000000000
0000000000011111111110000000000000110000000000110000000000001111111111110000000000
0000000000000000000000000000000001100000000000011000000000000000000000000000000000
0000000000000000000000000000000011000000000000001100000000000000000000000000000000
0000000000000000000000000000000011000000000000001100000000000000000000000000000000
0000000000000000000000000000000011000000000000001100000000000000000000000000000000
0000000000000000000000000000000011000000000000001100000000000000000000000000000000
0000000000000000000000000000000011000000000000001100000000000000000000000000000000
0000000000000000000000000000000011000000000000001100000000000000000000000000000000
0000000000000000000000000000000011000000000000001100000000000000000000000000000000
0000000000000000000000000000000011000000000000001100000000000000000000000000000000
0000000000000000000000000000000001100000000000011000000000000000000000000000000000
0000000111111111111111111000000000110000000000110000000000000001111111000000000000
0000000110000000000000011000000000011000000001100000000000000111110111100000000000
0000000100000000000000011000000000001100000011000000000000001100000000111000000000
0000000100000000000000011000000000000111111110000000000000011000000000011000000000
0000000100000000000000011000000000000000000000000000000000110000000000001100000000
0000000100000000000000011000000000000000000000000000000000110000000000000110000000
0000000100000000000000011000000000000000000000000000000000100000000000000110000000
0000000100000000000000011000000000000000000000000000000001100000000000000010000000
0000000100000000000000011000000000000000000000000000000001100000000000000010000000
0000000100000000000000011000000000000000000000000000000001100000000000000010000000
0000000100000000000000011000000000000000000000000000000001100000000000000010000000
0000000100000000000000011000000000000000110000000000000000100000000000000110000000
0000000100000000000000011000000000000000110000000000000000110000000000000110000000
0000000100000000000000011000000000000001111000000000000000110000000000001100000000
0000000100000000000000011000000000000001111000000000000000011000000000011000000000
0000000100000000000000011000000000000011001100000000000000001110000000110000000000
0000000111111111111111111000000000000011001100000000000000000111111111100000000000
0000000111111111111111111000000000000110000110000000000000000000111110000000000000
0000000000000000000000000000000000000110000110000000000000000000000000000000000000
0000000000000000000000000000000000001100000011000000000000000000000000000000000000
0000000000000000000000000000000000001100000011000000000000000000000000000000000000
0000000000000000000000000000000000011000000001100000000000000000000000000000000000
0000000000000000000000000000000000011000000001100000000000000000000000000000000000
0000000000000000000000000000000000110000000000110000000000000000000000000000000000
0000000000000000000000000000000000110000000000110000000000000000000000000000000000
0000000000000000000000000000000001100000000000011000000000000000000000000000000000
0000000000000000000000000000000001100000000000011000000000000000000000000000000000
0000000000000000000000000000000011100000000000011100000000000000000000000000000000
0000000000000000000000000000000011111111111111111100000000000000000000000000000000
0000000000000000000000000000000000000000000000000000000000000000000000000000000000
0000000000000000000000000000000000000000000000000000000000000000000000000000000000
0000000000000000000000000000000000000000000000000000000000000000000000000000000000
0000000000000000000000000000000000000000000000000000000000000000000000000000000000
0000000000000000000000000000000000000000000000000000000000000000000000000000000000
0000000000000000000000000000000000000000000000000000000000000000000000000000000000
0000000000000000000000000000000000000000000000000000000000000000000000000000000000

0000000000000000000000000000000000000000000000000000000000000000000000000000000000
0000000000000000000000000000000000000000000000000000000000000000000000000000000000
0000000000000000000000000000000000000000000000000000000000000000000000000000000000
0000000000000000000000000000000000000000000000000000000000000000000000000000000000
0000000000000000000000000000000000000000000000000000000000000000000000000000000000
0000000000000000000000000000000000000000000000000000000000000000000000000000000000
0000000000000000000000000000000000000000000000000000000000000000000000000000000000
0000000000000000000000000000000000000000111000000000000000000000000000000000000000
0000000000000000000000000000000000000011111110000000000000000000000000000000000000
0000000000000000000000000000000000001111000011100000000000000000000000000000000000
0000000000000000000000000000000000111100000000111000000000000000000000000000000000
0000000000000000000000000000000000110000000000011000000000000000000000000000000000
0000000000000000000000000000000000100000000000001000000000000000000000000000000000
0000000000000000000000000000000000100000000000001100000000000000000000000000000000
0000000000000000000000000000000001100000000000001100000000000000000000000000000000
0000000000000000000000000000000001100000000000001100000000000000000000000000000000
0000000000000000000000000000000001100000000000000100000000000000000000000000000000
0000000000000000000000000000000001000000000000000110000000000000000000000000000000
0000000000001111111100000000000001100000000000000110000000000000111110000000000000
0000000000011111111110000000000001100000000000001100000000000011111111100000000000
0000000000110000000011000000000000110000000000011000000000001110000000110000000000
0000000001100000000001100000000000011000000000110000000000011100000000011000000000
0000000011000000000000110000000000001100000000110000000000011000000000001100000000
0000000110000000000000011000000000001111111111100000000000110000000000000110000000
0000000100000000000000011000000000000111111111000000000000100000000000000110000000
0000000100000000000000011000000000000000000000000000000001100000000000000010000000
0000000100000000000000011000000000000000000000000000000001100000000000000010000000
0000000100000000000000011000000000000000000000000000000001100000000000000010000000
0000000100000000000000011000000000000000000000000000000001100000000000000010000000
0000000100000000000000011000000000000000000000000000000000100000000000000110000000
0000000110000000000000011000000000000000000000000000000000110000000000000110000000
0000000111000000000000110000000000000000000000000000000000110000000000001100000000
0000000011100000000001100000000000000000011000000000000000011000000000011100000000
0000000001110000000011000000000000000001111100000000000000001100000000111000000000
0000000000111000000110000000000000000011100110000000000000000111100111110000000000
0000000000011111111100000000000000000110000011100000000000000001111111000000000000
0000000000000000000000000000000000011100000001110000000000000000000000000000000000
0000000000000000000000000000000000111000000000011000000000000000000000000000000000
0000000000000000000000000000000001100000000000001100000000000000000000000000000000
0000000000000000000000000000000001000000000000000110000000000000000000000000000000
0000000000000000000000000000000001100000000000000100000000000000000000000000000000
0000000000000000000000000000000001100000000000001100000000000000000000000000000000
0000000000000000000000000000000000100000000000001100000000000000000000000000000000
0000000000011111111100000000000000110000000000001000000000111111111111111110000000
0000000000011111111110000000000000110000000000011000000001111111111111111110000000
0000000000110000000011000000000000010000000000011000000001100000000000000010000000
0000000000100000000011000000000000010000000000010000000001100000000000000010000000
0000000001100000000001100000000000011000000000110000000001100000000000000010000000
0000000001000000000001100000000000011100000000110000000001100000000000000010000000
0000000011000000000000110000000000001111111111100000000001100000000000000010000000
0000000010000000000000110000000000000000000000000000000001100000000000000010000000
0000000110000000000000011000000000000000000000000000000001100000000000000010000000
0000000110000000000000011000000000000000000000000000000001100000000000000010000000
0000000110000000000000010000000000000000000000000000000001100000000000000010000000
0000000011000000000000110000000000000000000000000000000001100000000000000010000000
0000000011000000000000100000000000000000000000000000000001100000000000000010000000
0000000001100000000001100000000000000000000000000000000001100000000000000010000000
0000000001100000000001000000000000000000110000000000000001100000000000000010000000
0000000000110000000011000000000000000000110000000000000001100000000000000010000000
0000000000110000000010000000000000000001111000000000000001100000000000000010000000
0000000000011111111110000000000000000001111000000000000001111111111111111110000000
0000000000000000000000000000000000000011001100000000000000000000000000000000000000
0000000000000000000000000000000000000011001100000000000000000000000000000000000000
0000000000000000000000000000000000000110000110000000000000000000000000000000000000
0000000000000000000000000000000000000110000110000000000000000000000000000000000000
0000000000000000000000000000000000001100000011000000000000000000000000000000000000
0000000000000000000000000000000000001100000011000000000000000000000000000000000000
0000000000000000000000000000000000011000000001100000000000000000000000000000000000
0000000000000000000000000000000000011000000001100000000000000000000000000000000000
0000000000000000000000000000000000110000000000110000000000000000000000000000000000
0000000000000000000000000000000000110000000000110000000000000000000000000000000000
0000000000000000000000000000000001100000000000011000000000000000000000000000000000
0000000000000000000000000000000001100000000000001000000000000000000000000000000000
0000000000000000000000000000000011100000000000001100000000000000000000000000000000
0000000000000000000000000000000011111111111111111100000000000000000000000000000000
0000000000000000000000000000000000000000000000000000000000000000000000000000000000
0000000000000000000000000000000000000000000000000000000000000000000000000000000000
0000000000000000000000000000000000000000000000000000000000000000000000000000000000
0000000000000000000000000000000000000000000000000000000000000000000000000000000000
0000000000000000000000000000000000000000000000000000000000000000000000000000000000
0000000000000000000000000000000000000000000000000000000000000000000000000000000000
0000000000000000000000000000000000000000000000000000000000000000000000000000000000

