== Attributes ==
title=2x1 Basic Problem 11
type= 2x1
result=4
window_size=(82, 82)

== Input ==
0000000000000000000000000000000000000000000000000000000000000000000000000000000000
0000000000000000000000000000000000000000000000000000000000000000000000000000000000
0000000000000000000000000000000000000000000000000000000000000000000000000000000000
0000000000000000000000000000000000000000000000000000000000000000000000000000000000
0000000000000000000000000000000000000000000000000000000000000000000000000000000000
0000000000000000000000000000000000000000000000000000000000000000000000000000000000
0000000000000000000000000000000000000000000000000000000000000000000000000000000000
0000000000000000000000000000000000000000000000000000000000000000000000000000000000
0000000111111111111111111111111111111111111111111111111111111111111111111100000000
0000000110000000000000000000000000000000000000000000000000000000000000000110000000
0000000110000000000000000000000000000000000000000000000000000000000000000110000000
0000000110000000000000000000000000000000000000000000000000000000000000000110000000
0000000110000000000000000000000000000000000000000000000000000000000000000110000000
0000000110000000000000000000000000000000000000000000000000000000000000000110000000
0000000110000000000000000000000000000000000000000000000000000000000000000110000000
0000000110000000000000000000000000000000000000000000000000000000000000000110000000
0000000110000000000000000000000000000000000000000000000000000000000000000110000000
0000000110000000000000000000000000000000000000000000000000000000000000000110000000
0000000110000000000000000000000000000000000000000000000000000000000000000110000000
0000000110000000000000000000000000000000000000000000000000000000000000000110000000
0000000110000000000000000000000000000000000000000000000000000000000000000110000000
0000000110000000000000000000000000000000000000000000000000000000000000000110000000
0000000110000000000000000000000000000000000000000000000000000000000000000110000000
0000000110000000000000000000000000000000000000000000000000000000000000000110000000
0000000110000000000000000000000000000000000000000000000000000000000000000110000000
0000000110000000000000000000000000000000000000000000000000000000000000000110000000
0000000110000000000000000000000000000000000000000000000000000000000000000110000000
0000000110000000000000000000000000000000000000000000000000000000000000000110000000
0000000110000000000000000000000000000000000000000000000000000000000000000110000000
0000000110000000000000000000000000000000000000000000000000000000000000000110000000
0000000110000000000000000000000000000000000000000000000000000000000000000110000000
0000000110000000000000000000000000000000000000000000000000000000000000000110000000
0000000110000000000000000000000000000000000000000000000000000000000000000110000000
0000000110000000000000000000000000000000000000000000000000000000000000000110000000
0000000110000000000000000000000000000000000000000000000000000000000000000110000000
0000000110000000000000000000000000000000000000000000000000000000000000000110000000
0000000110000000000000000000000000000000000000000000000000000000000000000110000000
0000000110000000000000000000000000000000000000000000000000000000000000000110000000
0000000110000000000000000000000000000000000000000000000000000000000000000110000000
0000000110000000000000000000000000000000000000000000000000000000000000000110000000
0000000110000000000000000000000000000000000000000000000000000000000000000110000000
0000000110000000000000000000000000000000000000000000000000000000000000000110000000
0000000110000000000000000000000000000000000000000000000000000000000000000110000000
0000000110000000000000000000000000000000000000000000000000000000000000000110000000
0000000110000000000000000000000000000000000000000000000000000000000000000110000000
0000000110000000000000000000000000000000000000000000000000000000000000000110000000
0000000110000000000000000000000000000000000000000000000000000000000000000110000000
0000000110000000000000000000000000000000000000000000000000000000000000000110000000
0000000110000000000000000000000000000000000000000000000000000000000000000110000000
0000000110000000000000000000000000000000000000000000000000000000000000000110000000
0000000110000000000000000000000000000000000000000000000000000000000000000110000000
0000000110000000000000000000000000000000000000000000000000000000000000000110000000
0000000110000000000000000000000000000000000000000000000000000000000000000110000000
0000000110000000000000000000000000000000000000000000000000000000000000000110000000
0000000110000000000000000000000000000000000000000000000000000000000000000110000000
0000000110000000000000000000000000000000000000000000000000000000000000000110000000
0000000110000000000000000000000000000000000000000000000000000000000000000110000000
0000000110000000000000000000000000000000000000000000000000000000000000000110000000
0000000110000000000000000000000000000000000000000000000000000000000000000110000000
0000000110000000000000000000000000000000000000000000000000000000000000000110000000
0000000110000000000000000000000000000000000000000000000000000000000000000110000000
0000000110000000000000000000000000000000000000000000000000000000000000000110000000
0000000110000000000000000000000000000000000000000000000000000000000000000110000000
0000000110000000000000000000000000000000000000000000000000000000000000000110000000
0000000110000000000000000000000000000000000000000000000000000000000000000110000000
0000000110000000000000000000000000000000000000000000000000000000000000000110000000
0000000110000000000000000000000000000000000000000000000000000000000000000110000000
0000000110000000000000000000000000000000000000000000000000000000000000000110000000
0000000110000000000000000000000000000000000000000000000000000000000000000110000000
0000000110000000000000000000000000000000000000000000000000000000000000000110000000
0000000110000000000000000000000000000000000000000000000000000000000000000110000000
0000000110000000000000000000000000000000000000000000000000000000000000000110000000
0000000110000000000000000000000000000000000000000000000000000000000000000100000000
0000000111111111111111111111111111111111111111111111111111111111111111111110000000
0000000111111111111111111111111111111111111111111111111111111111111111111100000000
0000000000000000000000000000000000000000000000000000000000000000000000000000000000
0000000000000000000000000000000000000000000000000000000000000000000000000000000000
0000000000000000000000000000000000000000000000000000000000000000000000000000000000
0000000000000000000000000000000000000000000000000000000000000000000000000000000000
0000000000000000000000000000000000000000000000000000000000000000000000000000000000
0000000000000000000000000000000000000000000000000000000000000000000000000000000000
0000000000000000000000000000000000000000000000000000000000000000000000000000000000

0000000000000000000000000000000000000000000000000000000000000000000000000000000000
0000000000000000000000000000000000000000000000000000000000000000000000000000000000
0000000000000000000000000000000000000000000000000000000000000000000000000000000000
0000000000000000000000000000000000000000000000000000000000000000000000000000000000
0000000000000000000000000000000000000000000000000000000000000000000000000000000000
0000000000000000000000000000000000000000000000000000000000000000000000000000000000
0000000000000000000000000000000000000000000000000000000000000000000000000000000000
0000000000000000000000000000000000000000000000000000000000000000000000000000000000
0000000111111111111111111111111111111111111111111111111111111111111111111110000000
0000000111111111111111111111111111111111100000000000000000000000000000000110000000
0000000111111111111111111111111111111111100000000000000000000000000000000110000000
0000000111111111111111111111111111111111100000000000000000000000000000000110000000
0000000111111111111111111111111111111111100000000000000000000000000000000110000000
0000000111111111111111111111111111111111100000000000000000000000000000000110000000
0000000111111111111111111111111111111111100000000000000000000000000000000110000000
0000000111111111111111111111111111111111100000000000000000000000000000000110000000
0000000111111111111111111111111111111111100000000000000000000000000000000110000000
0000000111111111111111111111111111111111100000000000000000000000000000000110000000
0000000111111111111111111111111111111111100000000000000000000000000000000110000000
0000000111111111111111111111111111111111100000000000000000000000000000000110000000
0000000111111111111111111111111111111111100000000000000000000000000000000110000000
0000000111111111111111111111111111111111100000000000000000000000000000000110000000
0000000111111111111111111111111111111111100000000000000000000000000000000110000000
0000000111111111111111111111111111111111100000000000000000000000000000000110000000
0000000111111111111111111111111111111111100000000000000000000000000000000110000000
0000000111111111111111111111111111111111100000000000000000000000000000000110000000
0000000111111111111111111111111111111111100000000000000000000000000000000110000000
0000000111111111111111111111111111111111100000000000000000000000000000000110000000
0000000111111111111111111111111111111111100000000000000000000000000000000110000000
0000000111111111111111111111111111111111100000000000000000000000000000000110000000
0000000111111111111111111111111111111111100000000000000000000000000000000110000000
0000000111111111111111111111111111111111100000000000000000000000000000000110000000
0000000111111111111111111111111111111111100000000000000000000000000000000110000000
0000000111111111111111111111111111111111100000000000000000000000000000000110000000
0000000111111111111111111111111111111111100000000000000000000000000000000110000000
0000000111111111111111111111111111111111100000000000000000000000000000000110000000
0000000111111111111111111111111111111111100000000000000000000000000000000110000000
0000000111111111111111111111111111111111100000000000000000000000000000000110000000
0000000111111111111111111111111111111111100000000000000000000000000000000110000000
0000000111111111111111111111111111111111100000000000000000000000000000000110000000
0000000111111111111111111111111111111111100000000000000000000000000000000110000000
0000000111111111111111111111111111111111100000000000000000000000000000000110000000
0000000111111111111111111111111111111111100000000000000000000000000000000110000000
0000000111111111111111111111111111111111100000000000000000000000000000000110000000
0000000111111111111111111111111111111111100000000000000000000000000000000110000000
0000000111111111111111111111111111111111100000000000000000000000000000000110000000
0000000111111111111111111111111111111111100000000000000000000000000000000110000000
0000000111111111111111111111111111111111100000000000000000000000000000000110000000
0000000111111111111111111111111111111111100000000000000000000000000000000110000000
0000000111111111111111111111111111111111100000000000000000000000000000000110000000
0000000111111111111111111111111111111111100000000000000000000000000000000110000000
0000000111111111111111111111111111111111100000000000000000000000000000000110000000
0000000111111111111111111111111111111111100000000000000000000000000000000110000000
0000000111111111111111111111111111111111100000000000000000000000000000000110000000
0000000111111111111111111111111111111111100000000000000000000000000000000110000000
0000000111111111111111111111111111111111100000000000000000000000000000000110000000
0000000111111111111111111111111111111111100000000000000000000000000000000110000000
0000000111111111111111111111111111111111100000000000000000000000000000000110000000
0000000111111111111111111111111111111111100000000000000000000000000000000110000000
0000000111111111111111111111111111111111100000000000000000000000000000000110000000
0000000111111111111111111111111111111111100000000000000000000000000000000110000000
0000000111111111111111111111111111111111100000000000000000000000000000000110000000
0000000111111111111111111111111111111111100000000000000000000000000000000110000000
0000000111111111111111111111111111111111100000000000000000000000000000000110000000
0000000111111111111111111111111111111111100000000000000000000000000000000110000000
0000000111111111111111111111111111111111100000000000000000000000000000000110000000
0000000111111111111111111111111111111111100000000000000000000000000000000110000000
0000000111111111111111111111111111111111100000000000000000000000000000000110000000
0000000111111111111111111111111111111111100000000000000000000000000000000110000000
0000000111111111111111111111111111111111100000000000000000000000000000000110000000
0000000111111111111111111111111111111111100000000000000000000000000000000110000000
0000000111111111111111111111111111111111100000000000000000000000000000000110000000
0000000111111111111111111111111111111111100000000000000000000000000000000110000000
0000000111111111111111111111111111111111111111111111111111111111111111111110000000
0000000111111111111111111111111111111111111111111111111111111111111111111110000000
0000000000000000000000000000000000000000000000000000000000000000000000000000000000
0000000000000000000000000000000000000000000000000000000000000000000000000000000000
0000000000000000000000000000000000000000000000000000000000000000000000000000000000
0000000000000000000000000000000000000000000000000000000000000000000000000000000000
0000000000000000000000000000000000000000000000000000000000000000000000000000000000
0000000000000000000000000000000000000000000000000000000000000000000000000000000000
0000000000000000000000000000000000000000000000000000000000000000000000000000000000

0000000000000000000000000000000000000000000000000000000000000000000000000000000000
0000000000000000000000000000000000000000000000000000000000000000000000000000000000
0000000000000000000000000000000000000000000000000000000000000000000000000000000000
0000000000000000000000000000000000000000000000000000000000000000000000000000000000
0000000000000000000000000000000000000000000000000000000000000000000000000000000000
0000000000000000000000000000000000000000000000000000000000000000000000000000000000
0000000000000000000000000000000000000000000000000000000000000000000000000000000000
0000000000000000000000000000000000000000000000000000000000000000000000000000000000
0000000111111111111111111111111111111111111111111111111111111111111111111110000000
0000000111111111111111111111111111111111111111111111111111111111111111111110000000
0000000111111111111111111111111111111111111111111111111111111111111111111110000000
0000000111111111111111111111111111111111111111111111111111111111111111111110000000
0000000111111111111111111111111111111111111111111111111111111111111111111110000000
0000000111111111111111111111111111111111111111111111111111111111111111111110000000
0000000111111111111111111111111111111111111111111111111111111111111111111110000000
0000000111111111111111111111111111111111111111111111111111111111111111111110000000
0000000111111111111111111111111111111111111111111111111111111111111111111110000000
0000000111111111111111111111111111111111111111111111111111111111111111111110000000
0000000111111111111111111111111111111111111111111111111111111111111111111110000000
0000000111111111111111111111111111111111111111111111111111111111111111111110000000
0000000111111111111111111111111111111111111111111111111111111111111111111110000000
0000000111111111111111111111111111111111111111111111111111111111111111111110000000
0000000111111111111111111111111111111111111111111111111111111111111111111110000000
0000000111111111111111111111111111111111111111111111111111111111111111111110000000
0000000111111111111111111111111111111111111111111111111111111111111111111110000000
0000000111111111111111111111111111111111111111111111111111111111111111111110000000
0000000111111111111111111111111111111111111111111111111111111111111111111110000000
0000000111111111111111111111111111111111111111111111111111111111111111111110000000
0000000111111111111111111111111111111111111111111111111111111111111111111110000000
0000000111111111111111111111111111111111111111111111111111111111111111111110000000
0000000111111111111111111111111111111111111111111111111111111111111111111110000000
0000000111111111111111111111111111111111111111111111111111111111111111111110000000
0000000111111111111111111111111111111111111111111111111111111111111111111110000000
0000000111111111111111111111111111111111111111111111111111111111111111111110000000
0000000111111111111111111111111111111111111111111111111111111111111111111110000000
0000000111111111111111111111111111111111111111111111111111111111111111111110000000
0000000111111111111111111111111111111111111111111111111111111111111111111110000000
0000000111111111111111111111111111111111111111111111111111111111111111111110000000
0000000111111111111111111111111111111111111111111111111111111111111111111110000000
0000000111111111111111111111111111111111111111111111111111111111111111111110000000
0000000111111111111111111111111111111111111111111111111111111111111111111110000000
0000000110000000000000000000000000000000000000000000000000000000000000000110000000
0000000110000000000000000000000000000000000000000000000000000000000000000110000000
0000000110000000000000000000000000000000000000000000000000000000000000000110000000
0000000110000000000000000000000000000000000000000000000000000000000000000110000000
0000000110000000000000000000000000000000000000000000000000000000000000000110000000
0000000110000000000000000000000000000000000000000000000000000000000000000110000000
0000000110000000000000000000000000000000000000000000000000000000000000000110000000
0000000110000000000000000000000000000000000000000000000000000000000000000110000000
0000000110000000000000000000000000000000000000000000000000000000000000000110000000
0000000110000000000000000000000000000000000000000000000000000000000000000110000000
0000000110000000000000000000000000000000000000000000000000000000000000000110000000
0000000110000000000000000000000000000000000000000000000000000000000000000110000000
0000000110000000000000000000000000000000000000000000000000000000000000000110000000
0000000110000000000000000000000000000000000000000000000000000000000000000110000000
0000000110000000000000000000000000000000000000000000000000000000000000000110000000
0000000110000000000000000000000000000000000000000000000000000000000000000110000000
0000000110000000000000000000000000000000000000000000000000000000000000000110000000
0000000110000000000000000000000000000000000000000000000000000000000000000110000000
0000000110000000000000000000000000000000000000000000000000000000000000000110000000
0000000110000000000000000000000000000000000000000000000000000000000000000110000000
0000000110000000000000000000000000000000000000000000000000000000000000000110000000
0000000110000000000000000000000000000000000000000000000000000000000000000110000000
0000000110000000000000000000000000000000000000000000000000000000000000000110000000
0000000110000000000000000000000000000000000000000000000000000000000000000110000000
0000000110000000000000000000000000000000000000000000000000000000000000000110000000
0000000110000000000000000000000000000000000000000000000000000000000000000110000000
0000000110000000000000000000000000000000000000000000000000000000000000000110000000
0000000110000000000000000000000000000000000000000000000000000000000000000110000000
0000000110000000000000000000000000000000000000000000000000000000000000000110000000
0000000110000000000000000000000000000000000000000000000000000000000000000110000000
0000000110000000000000000000000000000000000000000000000000000000000000000110000000
0000000110000000000000000000000000000000000000000000000000000000000000000110000000
0000000111111111111111111111111111111111111111111111111111111111111111111110000000
0000000111111111111111111111111111111111111111111111111111111111111111111110000000
0000000000000000000000000000000000000000000000000000000000000000000000000000000000
0000000000000000000000000000000000000000000000000000000000000000000000000000000000
0000000000000000000000000000000000000000000000000000000000000000000000000000000000
0000000000000000000000000000000000000000000000000000000000000000000000000000000000
0000000000000000000000000000000000000000000000000000000000000000000000000000000000
0000000000000000000000000000000000000000000000000000000000000000000000000000000000
0000000000000000000000000000000000000000000000000000000000000000000000000000000000

== Output ==
0000000000000000000000000000000000000000000000000000000000000000000000000000000000
0000000000000000000000000000000000000000000000000000000000000000000000000000000000
0000000000000000000000000000000000000000000000000000000000000000000000000000000000
0000000000000000000000000000000000000000000000000000000000000000000000000000000000
0000000000000000000000000000000000000000000000000000000000000000000000000000000000
0000000000000000000000000000000000000000000000000000000000000000000000000000000000
0000000000000000000000000000000000000000000000000000000000000000000000000000000000
0000000111111111111111111111111111111111111111111111111111111111111111111100000000
0000000111111111111111111111111111111111111111111111111111111111111111111110000000
0000000111111111111111111111111111111111000000000000000000000000000000000110000000
0000000111111111111111111111111111111111000000000000000000000000000000000110000000
0000000111111111111111111111111111111111000000000000000000000000000000000110000000
0000000111111111111111111111111111111111000000000000000000000000000000000110000000
0000000111111111111111111111111111111111000000000000000000000000000000000110000000
0000000111111111111111111111111111111111000000000000000000000000000000000110000000
0000000111111111111111111111111111111111000000000000000000000000000000000110000000
0000000111111111111111111111111111111111000000000000000000000000000000000110000000
0000000111111111111111111111111111111111000000000000000000000000000000000110000000
0000000111111111111111111111111111111111000000000000000000000000000000000110000000
0000000111111111111111111111111111111111000000000000000000000000000000000110000000
0000000111111111111111111111111111111111000000000000000000000000000000000110000000
0000000111111111111111111111111111111111000000000000000000000000000000000110000000
0000000111111111111111111111111111111111000000000000000000000000000000000110000000
0000000111111111111111111111111111111111000000000000000000000000000000000110000000
0000000111111111111111111111111111111111000000000000000000000000000000000110000000
0000000111111111111111111111111111111111000000000000000000000000000000000110000000
0000000111111111111111111111111111111111000000000000000000000000000000000110000000
0000000111111111111111111111111111111111000000000000000000000000000000000110000000
0000000111111111111111111111111111111111000000000000000000000000000000000110000000
0000000111111111111111111111111111111111000000000000000000000000000000000110000000
0000000111111111111111111111111111111111000000000000000000000000000000000110000000
0000000111111111111111111111111111111111000000000000000000000000000000000110000000
0000000111111111111111111111111111111111000000000000000000000000000000000110000000
0000000111111111111111111111111111111111000000000000000000000000000000000110000000
0000000111111111111111111111111111111111000000000000000000000000000000000110000000
0000000111111111111111111111111111111111000000000000000000000000000000000110000000
0000000111111111111111111111111111111111000000000000000000000000000000000110000000
0000000111111111111111111111111111111111000000000000000000000000000000000110000000
0000000111111111111111111111111111111111000000000000000000000000000000000110000000
0000000111111111111111111111111111111111000000000000000000000000000000000110000000
0000000111111111111111111111111111111111000000000000000000000000000000000110000000
0000000111111111111111111111111111111111000000000000000000000000000000000110000000
0000000111111111111111111111111111111111000000000000000000000000000000000110000000
0000000111111111111111111111111111111111000000000000000000000000000000000110000000
0000000111111111111111111111111111111111000000000000000000000000000000000110000000
0000000111111111111111111111111111111111000000000000000000000000000000000110000000
0000000111111111111111111111111111111111000000000000000000000000000000000110000000
0000000111111111111111111111111111111111000000000000000000000000000000000110000000
0000000111111111111111111111111111111111000000000000000000000000000000000110000000
0000000111111111111111111111111111111111000000000000000000000000000000000110000000
0000000111111111111111111111111111111111000000000000000000000000000000000110000000
0000000111111111111111111111111111111111000000000000000000000000000000000110000000
0000000111111111111111111111111111111111000000000000000000000000000000000110000000
0000000111111111111111111111111111111111000000000000000000000000000000000110000000
0000000111111111111111111111111111111111000000000000000000000000000000000110000000
0000000111111111111111111111111111111111000000000000000000000000000000000110000000
0000000111111111111111111111111111111111000000000000000000000000000000000110000000
0000000111111111111111111111111111111111000000000000000000000000000000000110000000
0000000111111111111111111111111111111111000000000000000000000000000000000110000000
0000000111111111111111111111111111111111000000000000000000000000000000000110000000
0000000111111111111111111111111111111111000000000000000000000000000000000110000000
0000000111111111111111111111111111111111000000000000000000000000000000000110000000
0000000111111111111111111111111111111111000000000000000000000000000000000110000000
0000000111111111111111111111111111111111000000000000000000000000000000000110000000
0000000111111111111111111111111111111111000000000000000000000000000000000110000000
0000000111111111111111111111111111111111000000000000000000000000000000000110000000
0000000111111111111111111111111111111111000000000000000000000000000000000110000000
0000000111111111111111111111111111111111000000000000000000000000000000000110000000
0000000111111111111111111111111111111111000000000000000000000000000000000110000000
0000000111111111111111111111111111111111000000000000000000000000000000000110000000
0000000111111111111111111111111111111111000000000000000000000000000000000110000000
0000000111111111111111111111111111111111000000000000000000000000000000000110000000
0000000111111111111111111111111111111111000000000000000000000000000000000110000000
0000000111111111111111111111111111111111111111111111111111111111111111111110000000
0000000111111111111111111111111111111111111111111111111111111111111111111100000000
0000000000000000000000000000000000000000000000000000000000000000000000000000000000
0000000000000000000000000000000000000000000000000000000000000000000000000000000000
0000000000000000000000000000000000000000000000000000000000000000000000000000000000
0000000000000000000000000000000000000000000000000000000000000000000000000000000000
0000000000000000000000000000000000000000000000000000000000000000000000000000000000
0000000000000000000000000000000000000000000000000000000000000000000000000000000000
0000000000000000000000000000000000000000000000000000000000000000000000000000000000

0000000000000000000000000000000000000000000000000000000000000000000000000000000000
0000000000000000000000000000000000000000000000000000000000000000000000000000000000
0000000000000000000000000000000000000000000000000000000000000000000000000000000000
0000000000000000000000000000000000000000000000000000000000000000000000000000000000
0000000000000000000000000000000000000000000000000000000000000000000000000000000000
0000000000000000000000000000000000000000000000000000000000000000000000000000000000
0000000000000000000000000000000000000000000000000000000000000000000000000000000000
0000000011111111111111111111111111111111111111111111111111111111111111111110000000
0000000011111111111111111111111111111111111111111111111111111111111111111110000000
0000000010000000000000000000000000000000111111111111111111111111111111111110000000
0000000010000000000000000000000000000000111111111111111111111111111111111110000000
0000000010000000000000000000000000000000111111111111111111111111111111111110000000
0000000010000000000000000000000000000000111111111111111111111111111111111110000000
0000000010000000000000000000000000000000111111111111111111111111111111111110000000
0000000010000000000000000000000000000000111111111111111111111111111111111110000000
0000000010000000000000000000000000000000111111111111111111111111111111111110000000
0000000010000000000000000000000000000000111111111111111111111111111111111110000000
0000000010000000000000000000000000000000111111111111111111111111111111111110000000
0000000010000000000000000000000000000000111111111111111111111111111111111110000000
0000000010000000000000000000000000000000111111111111111111111111111111111110000000
0000000010000000000000000000000000000000111111111111111111111111111111111110000000
0000000010000000000000000000000000000000111111111111111111111111111111111110000000
0000000010000000000000000000000000000000111111111111111111111111111111111110000000
0000000010000000000000000000000000000000111111111111111111111111111111111110000000
0000000010000000000000000000000000000000111111111111111111111111111111111110000000
0000000010000000000000000000000000000000111111111111111111111111111111111110000000
0000000010000000000000000000000000000000111111111111111111111111111111111110000000
0000000010000000000000000000000000000000111111111111111111111111111111111110000000
0000000010000000000000000000000000000000111111111111111111111111111111111110000000
0000000010000000000000000000000000000000111111111111111111111111111111111110000000
0000000010000000000000000000000000000000111111111111111111111111111111111110000000
0000000010000000000000000000000000000000111111111111111111111111111111111110000000
0000000010000000000000000000000000000000111111111111111111111111111111111110000000
0000000010000000000000000000000000000000111111111111111111111111111111111110000000
0000000010000000000000000000000000000000111111111111111111111111111111111110000000
0000000010000000000000000000000000000000111111111111111111111111111111111110000000
0000000010000000000000000000000000000000111111111111111111111111111111111110000000
0000000010000000000000000000000000000000111111111111111111111111111111111110000000
0000000010000000000000000000000000000000111111111111111111111111111111111110000000
0000000010000000000000000000000000000000111111111111111111111111111111111110000000
0000000010000000000000000000000000000000111111111111111111111111111111111110000000
0000000011111111111111111111111111111111111111111111111111111111111111111110000000
0000000011111111111111111111111111111111111111111111111111111111111111111110000000
0000000011111111111111111111111111111111111111111111111111111111111111111110000000
0000000011111111111111111111111111111111111111111111111111111111111111111110000000
0000000011111111111111111111111111111111111111111111111111111111111111111110000000
0000000011111111111111111111111111111111111111111111111111111111111111111110000000
0000000011111111111111111111111111111111111111111111111111111111111111111110000000
0000000011111111111111111111111111111111111111111111111111111111111111111110000000
0000000011111111111111111111111111111111111111111111111111111111111111111110000000
0000000011111111111111111111111111111111111111111111111111111111111111111110000000
0000000011111111111111111111111111111111111111111111111111111111111111111110000000
0000000011111111111111111111111111111111111111111111111111111111111111111110000000
0000000011111111111111111111111111111111111111111111111111111111111111111110000000
0000000011111111111111111111111111111111111111111111111111111111111111111110000000
0000000011111111111111111111111111111111111111111111111111111111111111111110000000
0000000011111111111111111111111111111111111111111111111111111111111111111110000000
0000000011111111111111111111111111111111111111111111111111111111111111111110000000
0000000011111111111111111111111111111111111111111111111111111111111111111110000000
0000000011111111111111111111111111111111111111111111111111111111111111111110000000
0000000011111111111111111111111111111111111111111111111111111111111111111110000000
0000000011111111111111111111111111111111111111111111111111111111111111111110000000
0000000011111111111111111111111111111111111111111111111111111111111111111110000000
0000000011111111111111111111111111111111111111111111111111111111111111111110000000
0000000011111111111111111111111111111111111111111111111111111111111111111110000000
0000000011111111111111111111111111111111111111111111111111111111111111111110000000
0000000011111111111111111111111111111111111111111111111111111111111111111110000000
0000000011111111111111111111111111111111111111111111111111111111111111111110000000
0000000011111111111111111111111111111111111111111111111111111111111111111110000000
0000000011111111111111111111111111111111111111111111111111111111111111111110000000
0000000011111111111111111111111111111111111111111111111111111111111111111110000000
0000000011111111111111111111111111111111111111111111111111111111111111111110000000
0000000011111111111111111111111111111111111111111111111111111111111111111110000000
0000000011111111111111111111111111111111111111111111111111111111111111111110000000
0000000011111111111111111111111111111111111111111111111111111111111111111110000000
0000000000000000000000000000000000000000000000000000000000000000000000000000000000
0000000000000000000000000000000000000000000000000000000000000000000000000000000000
0000000000000000000000000000000000000000000000000000000000000000000000000000000000
0000000000000000000000000000000000000000000000000000000000000000000000000000000000
0000000000000000000000000000000000000000000000000000000000000000000000000000000000
0000000000000000000000000000000000000000000000000000000000000000000000000000000000
0000000000000000000000000000000000000000000000000000000000000000000000000000000000

0000000000000000000000000000000000000000000000000000000000000000000000000000000000
0000000000000000000000000000000000000000000000000000000000000000000000000000000000
0000000000000000000000000000000000000000000000000000000000000000000000000000000000
0000000000000000000000000000000000000000000000000000000000000000000000000000000000
0000000000000000000000000000000000000000000000000000000000000000000000000000000000
0000000000000000000000000000000000000000000000000000000000000000000000000000000000
0000000000000000000000000000000000000000000000000000000000000000000000000000000000
0000000111111111111111111111111111111111111111111111111111111111111111111100000000
0000000111111111111111111111111111111111111111111111111111111111111111111110000000
0000000110000000000000000000000000000000000000000000000000000000000000000110000000
0000000110000000000000000000000000000000000000000000000000000000000000000110000000
0000000110000000000000000000000000000000000000000000000000000000000000000110000000
0000000110000000000000000000000000000000000000000000000000000000000000000110000000
0000000110000000000000000000000000000000000000000000000000000000000000000110000000
0000000110000000000000000000000000000000000000000000000000000000000000000110000000
0000000110000000000000000000000000000000000000000000000000000000000000000110000000
0000000110000000000000000000000000000000000000000000000000000000000000000110000000
0000000110000000000000000000000000000000000000000000000000000000000000000110000000
0000000110000000000000000000000000000000000000000000000000000000000000000110000000
0000000110000000000000000000000000000000000000000000000000000000000000000110000000
0000000110000000000000000000000000000000000000000000000000000000000000000110000000
0000000110000000000000000000000000000000000000000000000000000000000000000110000000
0000000110000000000000000000000000000000000000000000000000000000000000000110000000
0000000110000000000000000000000000000000000000000000000000000000000000000110000000
0000000110000000000000000000000000000000000000000000000000000000000000000110000000
0000000110000000000000000000000000000000000000000000000000000000000000000110000000
0000000110000000000000000000000000000000000000000000000000000000000000000110000000
0000000110000000000000000000000000000000000000000000000000000000000000000110000000
0000000110000000000000000000000000000000000000000000000000000000000000000110000000
0000000110000000000000000000000000000000000000000000000000000000000000000110000000
0000000110000000000000000000000000000000000000000000000000000000000000000110000000
0000000110000000000000000000000000000000000000000000000000000000000000000110000000
0000000110000000000000000000000000000000000000000000000000000000000000000110000000
0000000110000000000000000000000000000000000000000000000000000000000000000110000000
0000000110000000000000000000000000000000000000000000000000000000000000000110000000
0000000110000000000000000000000000000000000000000000000000000000000000000110000000
0000000110000000000000000000000000000000000000000000000000000000000000000110000000
0000000110000000000000000000000000000000000000000000000000000000000000000110000000
0000000110000000000000000000000000000000000000000000000000000000000000000110000000
0000000110000000000000000000000000000000000000000000000000000000000000000110000000
0000000110000000000000000000000000000000000000000000000000000000000000000110000000
0000000110000000000000000000000000000000000000000000000000000000000000000110000000
0000000110000000000000000000000000000000000000000000000000000000000000000110000000
0000000110000000000000000000000000000000000000000000000000000000000000000110000000
0000000110000000000000000000000000000000000000000000000000000000000000000110000000
0000000110000000000000000000000000000000000000000000000000000000000000000110000000
0000000110000000000000000000000000000000000000000000000000000000000000000110000000
0000000110000000000000000000000000000000000000000000000000000000000000000110000000
0000000110000000000000000000000000000000000000000000000000000000000000000110000000
0000000110000000000000000000000000000000000000000000000000000000000000000110000000
0000000110000000000000000000000000000000000000000000000000000000000000000110000000
0000000110000000000000000000000000000000000000000000000000000000000000000110000000
0000000110000000000000000000000000000000000000000000000000000000000000000110000000
0000000110000000000000000000000000000000000000000000000000000000000000000110000000
0000000110000000000000000000000000000000000000000000000000000000000000000110000000
0000000110000000000000000000000000000000000000000000000000000000000000000110000000
0000000110000000000000000000000000000000000000000000000000000000000000000110000000
0000000110000000000000000000000000000000000000000000000000000000000000000110000000
0000000110000000000000000000000000000000000000000000000000000000000000000110000000
0000000110000000000000000000000000000000000000000000000000000000000000000110000000
0000000110000000000000000000000000000000000000000000000000000000000000000110000000
0000000110000000000000000000000000000000000000000000000000000000000000000110000000
0000000110000000000000000000000000000000000000000000000000000000000000000110000000
0000000110000000000000000000000000000000000000000000000000000000000000000110000000
0000000110000000000000000000000000000000000000000000000000000000000000000110000000
0000000110000000000000000000000000000000000000000000000000000000000000000110000000
0000000110000000000000000000000000000000000000000000000000000000000000000110000000
0000000110000000000000000000000000000000000000000000000000000000000000000110000000
0000000110000000000000000000000000000000000000000000000000000000000000000110000000
0000000110000000000000000000000000000000000000000000000000000000000000000110000000
0000000110000000000000000000000000000000000000000000000000000000000000000110000000
0000000110000000000000000000000000000000000000000000000000000000000000000110000000
0000000110000000000000000000000000000000000000000000000000000000000000000110000000
0000000111111111111111111111111111111111111111111111111111111111111111111110000000
0000000111111111111111111111111111111111111111111111111111111111111111111100000000
0000000000000000000000000000000000000000000000000000000000000000000000000000000000
0000000000000000000000000000000000000000000000000000000000000000000000000000000000
0000000000000000000000000000000000000000000000000000000000000000000000000000000000
0000000000000000000000000000000000000000000000000000000000000000000000000000000000
0000000000000000000000000000000000000000000000000000000000000000000000000000000000
0000000000000000000000000000000000000000000000000000000000000000000000000000000000
0000000000000000000000000000000000000000000000000000000000000000000000000000000000

0000000000000000000000000000000000000000000000000000000000000000000000000000000000
0000000000000000000000000000000000000000000000000000000000000000000000000000000000
0000000000000000000000000000000000000000000000000000000000000000000000000000000000
0000000000000000000000000000000000000000000000000000000000000000000000000000000000
0000000000000000000000000000000000000000000000000000000000000000000000000000000000
0000000000000000000000000000000000000000000000000000000000000000000000000000000000
0000000000000000000000000000000000000000000000000000000000000000000000000000000000
0000000011111111111111111111111111111111111111111111111111111111111111111110000000
0000000011111111111111111111111111111111111111111111111111111111111111111110000000
0000000011111111111111111111111111111111111111111111111111111111111111111110000000
0000000011111111111111111111111111111111111111111111111111111111111111111110000000
0000000011111111111111111111111111111111111111111111111111111111111111111110000000
0000000011111111111111111111111111111111111111111111111111111111111111111110000000
0000000011111111111111111111111111111111111111111111111111111111111111111110000000
0000000011111111111111111111111111111111111111111111111111111111111111111110000000
0000000011111111111111111111111111111111111111111111111111111111111111111110000000
0000000011111111111111111111111111111111111111111111111111111111111111111110000000
0000000011111111111111111111111111111111111111111111111111111111111111111110000000
0000000011111111111111111111111111111111111111111111111111111111111111111110000000
0000000011111111111111111111111111111111111111111111111111111111111111111110000000
0000000011111111111111111111111111111111111111111111111111111111111111111110000000
0000000011111111111111111111111111111111111111111111111111111111111111111110000000
0000000011111111111111111111111111111111111111111111111111111111111111111110000000
0000000011111111111111111111111111111111111111111111111111111111111111111110000000
0000000011111111111111111111111111111111111111111111111111111111111111111110000000
0000000011111111111111111111111111111111111111111111111111111111111111111110000000
0000000011111111111111111111111111111111111111111111111111111111111111111110000000
0000000011111111111111111111111111111111111111111111111111111111111111111110000000
0000000011111111111111111111111111111111111111111111111111111111111111111110000000
0000000011111111111111111111111111111111111111111111111111111111111111111110000000
0000000011111111111111111111111111111111111111111111111111111111111111111110000000
0000000011111111111111111111111111111111111111111111111111111111111111111110000000
0000000011111111111111111111111111111111111111111111111111111111111111111110000000
0000000011111111111111111111111111111111111111111111111111111111111111111110000000
0000000011111111111111111111111111111111111111111111111111111111111111111110000000
0000000011111111111111111111111111111111111111111111111111111111111111111110000000
0000000011111111111111111111111111111111111111111111111111111111111111111110000000
0000000011111111111111111111111111111111111111111111111111111111111111111110000000
0000000011111111111111111111111111111111111111111111111111111111111111111110000000
0000000011111111111111111111111111111111111111111111111111111111111111111110000000
0000000011111111111111111111111111111111111111111111111111111111111111111110000000
0000000011111111111111111111111111111111110000000000000000000000000000000010000000
0000000011111111111111111111111111111111110000000000000000000000000000000010000000
0000000011111111111111111111111111111111110000000000000000000000000000000010000000
0000000011111111111111111111111111111111110000000000000000000000000000000010000000
0000000011111111111111111111111111111111110000000000000000000000000000000010000000
0000000011111111111111111111111111111111110000000000000000000000000000000010000000
0000000011111111111111111111111111111111110000000000000000000000000000000010000000
0000000011111111111111111111111111111111110000000000000000000000000000000010000000
0000000011111111111111111111111111111111110000000000000000000000000000000010000000
0000000011111111111111111111111111111111110000000000000000000000000000000010000000
0000000011111111111111111111111111111111110000000000000000000000000000000010000000
0000000011111111111111111111111111111111110000000000000000000000000000000010000000
0000000011111111111111111111111111111111110000000000000000000000000000000010000000
0000000011111111111111111111111111111111110000000000000000000000000000000010000000
0000000011111111111111111111111111111111110000000000000000000000000000000010000000
0000000011111111111111111111111111111111110000000000000000000000000000000010000000
0000000011111111111111111111111111111111110000000000000000000000000000000010000000
0000000011111111111111111111111111111111110000000000000000000000000000000010000000
0000000011111111111111111111111111111111110000000000000000000000000000000010000000
0000000011111111111111111111111111111111110000000000000000000000000000000010000000
0000000011111111111111111111111111111111110000000000000000000000000000000010000000
0000000011111111111111111111111111111111110000000000000000000000000000000010000000
0000000011111111111111111111111111111111110000000000000000000000000000000010000000
0000000011111111111111111111111111111111110000000000000000000000000000000010000000
0000000011111111111111111111111111111111110000000000000000000000000000000010000000
0000000011111111111111111111111111111111110000000000000000000000000000000010000000
0000000011111111111111111111111111111111110000000000000000000000000000000010000000
0000000011111111111111111111111111111111110000000000000000000000000000000010000000
0000000011111111111111111111111111111111110000000000000000000000000000000010000000
0000000011111111111111111111111111111111110000000000000000000000000000000010000000
0000000011111111111111111111111111111111110000000000000000000000000000000010000000
0000000011111111111111111111111111111111110000000000000000000000000000000010000000
0000000011111111111111111111111111111111111111111111111111111111111111111110000000
0000000011111111111111111111111111111111111111111111111111111111111111111110000000
0000000000000000000000000000000000000000000000000000000000000000000000000000000000
0000000000000000000000000000000000000000000000000000000000000000000000000000000000
0000000000000000000000000000000000000000000000000000000000000000000000000000000000
0000000000000000000000000000000000000000000000000000000000000000000000000000000000
0000000000000000000000000000000000000000000000000000000000000000000000000000000000
0000000000000000000000000000000000000000000000000000000000000000000000000000000000
0000000000000000000000000000000000000000000000000000000000000000000000000000000000

0000000000000000000000000000000000000000000000000000000000000000000000000000000000
0000000000000000000000000000000000000000000000000000000000000000000000000000000000
0000000000000000000000000000000000000000000000000000000000000000000000000000000000
0000000000000000000000000000000000000000000000000000000000000000000000000000000000
0000000000000000000000000000000000000000000000000000000000000000000000000000000000
0000000000000000000000000000000000000000000000000000000000000000000000000000000000
0000000000000000000000000000000000000000000000000000000000000000000000000000000000
0000000000000000000000000000000000000000000000000000000000000000000000000000000000
0000000011111111111111111111111111111111111111111111111111111111111111111100000000
0000000011111111111111111111111111111111111111111111111111111111111111111100000000
0000000011111111111111111111111111111111111111111111111111111111111111111100000000
0000000011111111111111111111111111111111111111111111111111111111111111111100000000
0000000011111111111111111111111111111111111111111111111111111111111111111100000000
0000000011111111111111111111111111111111111111111111111111111111111111111100000000
0000000011111111111111111111111111111111111111111111111111111111111111111100000000
0000000011111111111111111111111111111111111111111111111111111111111111111100000000
0000000011111111111111111111111111111111111111111111111111111111111111111100000000
0000000011111111111111111111111111111111111111111111111111111111111111111100000000
0000000011111111111111111111111111111111111111111111111111111111111111111100000000
0000000011111111111111111111111111111111111111111111111111111111111111111100000000
0000000011111111111111111111111111111111111111111111111111111111111111111100000000
0000000011111111111111111111111111111111111111111111111111111111111111111100000000
0000000011111111111111111111111111111111111111111111111111111111111111111100000000
0000000011111111111111111111111111111111111111111111111111111111111111111100000000
0000000011111111111111111111111111111111111111111111111111111111111111111100000000
0000000011111111111111111111111111111111111111111111111111111111111111111100000000
0000000011111111111111111111111111111111111111111111111111111111111111111100000000
0000000011111111111111111111111111111111111111111111111111111111111111111100000000
0000000011111111111111111111111111111111111111111111111111111111111111111100000000
0000000011111111111111111111111111111111111111111111111111111111111111111100000000
0000000011111111111111111111111111111111111111111111111111111111111111111100000000
0000000011111111111111111111111111111111111111111111111111111111111111111100000000
0000000011111111111111111111111111111111111111111111111111111111111111111100000000
0000000011111111111111111111111111111111111111111111111111111111111111111100000000
0000000011111111111111111111111111111111111111111111111111111111111111111100000000
0000000011111111111111111111111111111111111111111111111111111111111111111100000000
0000000011111111111111111111111111111111111111111111111111111111111111111100000000
0000000011111111111111111111111111111111111111111111111111111111111111111100000000
0000000011111111111111111111111111111111111111111111111111111111111111111100000000
0000000011111111111111111111111111111111111111111111111111111111111111111100000000
0000000011111111111111111111111111111111111111111111111111111111111111111100000000
0000000011111111111111111111111111111111111111111111111111111111111111111100000000
0000000011111111111111111111111111111111111111111111111111111111111111111100000000
0000000011111111111111111111111111111111111111111111111111111111111111111100000000
0000000011111111111111111111111111111111111111111111111111111111111111111100000000
0000000011111111111111111111111111111111111111111111111111111111111111111100000000
0000000011111111111111111111111111111111111111111111111111111111111111111100000000
0000000011111111111111111111111111111111111111111111111111111111111111111100000000
0000000011111111111111111111111111111111111111111111111111111111111111111100000000
0000000011111111111111111111111111111111111111111111111111111111111111111100000000
0000000011111111111111111111111111111111111111111111111111111111111111111100000000
0000000011111111111111111111111111111111111111111111111111111111111111111100000000
0000000011111111111111111111111111111111111111111111111111111111111111111100000000
0000000011111111111111111111111111111111111111111111111111111111111111111100000000
0000000011111111111111111111111111111111111111111111111111111111111111111100000000
0000000011111111111111111111111111111111111111111111111111111111111111111100000000
0000000011111111111111111111111111111111111111111111111111111111111111111100000000
0000000011111111111111111111111111111111111111111111111111111111111111111100000000
0000000011111111111111111111111111111111111111111111111111111111111111111100000000
0000000011111111111111111111111111111111111111111111111111111111111111111100000000
0000000011111111111111111111111111111111111111111111111111111111111111111100000000
0000000011111111111111111111111111111111111111111111111111111111111111111100000000
0000000011111111111111111111111111111111111111111111111111111111111111111100000000
0000000011111111111111111111111111111111111111111111111111111111111111111100000000
0000000011111111111111111111111111111111111111111111111111111111111111111100000000
0000000011111111111111111111111111111111111111111111111111111111111111111100000000
0000000011111111111111111111111111111111111111111111111111111111111111111100000000
0000000011111111111111111111111111111111111111111111111111111111111111111100000000
0000000011111111111111111111111111111111111111111111111111111111111111111100000000
0000000011111111111111111111111111111111111111111111111111111111111111111100000000
0000000011111111111111111111111111111111111111111111111111111111111111111100000000
0000000011111111111111111111111111111111111111111111111111111111111111111100000000
0000000011111111111111111111111111111111111111111111111111111111111111111100000000
0000000011111111111111111111111111111111111111111111111111111111111111111100000000
0000000000000000000000000000000000000000000000000000000000000000000000000000000000
0000000000000000000000000000000000000000000000000000000000000000000000000000000000
0000000000000000000000000000000000000000000000000000000000000000000000000000000000
0000000000000000000000000000000000000000000000000000000000000000000000000000000000
0000000000000000000000000000000000000000000000000000000000000000000000000000000000
0000000000000000000000000000000000000000000000000000000000000000000000000000000000
0000000000000000000000000000000000000000000000000000000000000000000000000000000000
0000000000000000000000000000000000000000000000000000000000000000000000000000000000

0000000000000000000000000000000000000000000000000000000000000000000000000000000000
0000000000000000000000000000000000000000000000000000000000000000000000000000000000
0000000000000000000000000000000000000000000000000000000000000000000000000000000000
0000000000000000000000000000000000000000000000000000000000000000000000000000000000
0000000000000000000000000000000000000000000000000000000000000000000000000000000000
0000000000000000000000000000000000000000000000000000000000000000000000000000000000
0000000000000000000000000000000000000000000000000000000000000000000000000000000000
0000000011111111111111111111111111111111111111111111111111111111111111111100000000
0000000111111111111111111111111111111111111111111111111111111111111111111110000000
0000000111111111111111111111111111111111100000000000000000000000000000000110000000
0000000111111111111111111111111111111111100000000000000000000000000000000110000000
0000000111111111111111111111111111111111100000000000000000000000000000000110000000
0000000111111111111111111111111111111111100000000000000000000000000000000110000000
0000000111111111111111111111111111111111100000000000000000000000000000000110000000
0000000111111111111111111111111111111111100000000000000000000000000000000110000000
0000000111111111111111111111111111111111100000000000000000000000000000000110000000
0000000111111111111111111111111111111111100000000000000000000000000000000110000000
0000000111111111111111111111111111111111100000000000000000000000000000000110000000
0000000111111111111111111111111111111111100000000000000000000000000000000110000000
0000000111111111111111111111111111111111100000000000000000000000000000000110000000
0000000111111111111111111111111111111111100000000000000000000000000000000110000000
0000000111111111111111111111111111111111100000000000000000000000000000000110000000
0000000111111111111111111111111111111111100000000000000000000000000000000110000000
0000000111111111111111111111111111111111100000000000000000000000000000000110000000
0000000111111111111111111111111111111111100000000000000000000000000000000110000000
0000000111111111111111111111111111111111100000000000000000000000000000000110000000
0000000111111111111111111111111111111111100000000000000000000000000000000110000000
0000000111111111111111111111111111111111100000000000000000000000000000000110000000
0000000111111111111111111111111111111111100000000000000000000000000000000110000000
0000000111111111111111111111111111111111100000000000000000000000000000000110000000
0000000111111111111111111111111111111111100000000000000000000000000000000110000000
0000000111111111111111111111111111111111100000000000000000000000000000000110000000
0000000111111111111111111111111111111111100000000000000000000000000000000110000000
0000000111111111111111111111111111111111100000000000000000000000000000000110000000
0000000111111111111111111111111111111111100000000000000000000000000000000110000000
0000000111111111111111111111111111111111100000000000000000000000000000000110000000
0000000111111111111111111111111111111111100000000000000000000000000000000110000000
0000000111111111111111111111111111111111100000000000000000000000000000000110000000
0000000111111111111111111111111111111111100000000000000000000000000000000110000000
0000000111111111111111111111111111111111100000000000000000000000000000000110000000
0000000111111111111111111111111111111111100000000000000000000000000000000110000000
0000000111111111111111111111111111111111111111111111111111111111111111111110000000
0000000111111111111111111111111111111111111111111111111111111111111111111110000000
0000000111111111111111111111111111111111111111111111111111111111111111111110000000
0000000111111111111111111111111111111111111111111111111111111111111111111110000000
0000000111111111111111111111111111111111111111111111111111111111111111111110000000
0000000111111111111111111111111111111111111111111111111111111111111111111110000000
0000000111111111111111111111111111111111111111111111111111111111111111111110000000
0000000111111111111111111111111111111111111111111111111111111111111111111110000000
0000000111111111111111111111111111111111111111111111111111111111111111111110000000
0000000111111111111111111111111111111111111111111111111111111111111111111110000000
0000000111111111111111111111111111111111111111111111111111111111111111111110000000
0000000111111111111111111111111111111111111111111111111111111111111111111110000000
0000000111111111111111111111111111111111111111111111111111111111111111111110000000
0000000111111111111111111111111111111111111111111111111111111111111111111110000000
0000000111111111111111111111111111111111111111111111111111111111111111111110000000
0000000111111111111111111111111111111111111111111111111111111111111111111110000000
0000000111111111111111111111111111111111111111111111111111111111111111111110000000
0000000111111111111111111111111111111111111111111111111111111111111111111110000000
0000000111111111111111111111111111111111111111111111111111111111111111111110000000
0000000111111111111111111111111111111111111111111111111111111111111111111110000000
0000000111111111111111111111111111111111111111111111111111111111111111111110000000
0000000111111111111111111111111111111111111111111111111111111111111111111110000000
0000000111111111111111111111111111111111111111111111111111111111111111111110000000
0000000111111111111111111111111111111111111111111111111111111111111111111110000000
0000000111111111111111111111111111111111111111111111111111111111111111111110000000
0000000111111111111111111111111111111111111111111111111111111111111111111110000000
0000000111111111111111111111111111111111111111111111111111111111111111111110000000
0000000111111111111111111111111111111111111111111111111111111111111111111110000000
0000000111111111111111111111111111111111111111111111111111111111111111111110000000
0000000111111111111111111111111111111111111111111111111111111111111111111110000000
0000000111111111111111111111111111111111111111111111111111111111111111111110000000
0000000111111111111111111111111111111111111111111111111111111111111111111110000000
0000000111111111111111111111111111111111111111111111111111111111111111111110000000
0000000011111111111111111111111111111111111111111111111111111111111111111110000000
0000000000000000000000000000000000000000000000000000000000000000000000000000000000
0000000000000000000000000000000000000000000000000000000000000000000000000000000000
0000000000000000000000000000000000000000000000000000000000000000000000000000000000
0000000000000000000000000000000000000000000000000000000000000000000000000000000000
0000000000000000000000000000000000000000000000000000000000000000000000000000000000
0000000000000000000000000000000000000000000000000000000000000000000000000000000000
0000000000000000000000000000000000000000000000000000000000000000000000000000000000

