== Attributes ==
title=2x1 Basic Problem 10
type= 2x1
result=4
window_size=(82, 82)

== Input ==
0000000000000000000000000000000000000000000000000000000000000000000000000000000000
0000000000000000000000000000000000000000000000000000000000000000000000000000000000
0000000000000000000000000000000000000000000000000000000000000000000000000000000000
0000000000000000000000000000000000000000000000000000000000000000000000000000000000
0000000000000000000000000000000000000000000000000000000000000000000000000000000000
0000000000000000000000000000000000000000000000000000000000000000000000000000000000
0000000000000000000000000000000000000000000000000000000000000000000000000000000000
0000000000000000000000000000000000000000000000000000000000000000000000000000000000
0000000111111111111111111111111111111111111111111111111111111111111111111110000000
0000000110000000000000000000000000000000000000000000000000000000000000000110000000
0000000110000000000000000000000000000000000000000000000000000000000000000110000000
0000000110000000000000000000000000000000000000000000000000000000000000000110000000
0000000110000000000000000000000000000000000000000000000000000000000000000110000000
0000000110000000000000000000000000000000000000000000000000000000000000000110000000
0000000110000000000000000000000000000000000000000000000000000000000000000110000000
0000000110000000000000000000000000000000000000000000000000000000000000000110000000
0000000110000000000000000000000000000000000000000000000000000000000000000110000000
0000000110000000000000000000000000000000000000000000000000000000000000000110000000
0000000110000000000000000000000000000000000000000000000000000000000000000110000000
0000000110000000000000000000000000000000000000000000000000000000000000000110000000
0000000110000000000000000000000000000000000000000000000000000000000000000110000000
0000000110000000000000000000000000000000000000000000000000000000000000000110000000
0000000110000000000000000000000000000000000000000000000000000000000000000110000000
0000000110000000000000000000000000000000000000000000000000000000000000000110000000
0000000110000000000000000000000000000000000000000000000000000000000000000110000000
0000000110000000000000000000000000000000000000000000000000000000000000000110000000
0000000110000000000000000000000000000000000000000000000000000000000000000110000000
0000000110000000000000000000000000000000000000000000000000000000000000000110000000
0000000110000000000000000000000000000000000000000000000000000000000000000110000000
0000000110000000000000000000000000000000000000000000000000000000000000000110000000
0000000110000000000000000000000000000000000000000000000000000000000000000110000000
0000000110000000000000000000000000000000000000000000000000000000000000000110000000
0000000110000000000000000000000000000000000000000000000000000000000000000110000000
0000000110000000000000000000000000000000000000000000000000000000000000000110000000
0000000110000000000000000000000000000000000000000000000000000000000000000110000000
0000000110000000000000000000000000000000000000000000000000000000000000000110000000
0000000110000000000000000000000000000000000000000000000000000000000000000110000000
0000000110000000000000000000000000000000000000000000000000000000000000000110000000
0000000110000000000000000000000000000000000000000000000000000000000000000110000000
0000000110000000000000000000000000000000000000000000000000000000000000000110000000
0000000110000000000000000000000000000000000000000000000000000000000000000110000000
0000000110000000000000000000000000000000000000000000000000000000000000000110000000
0000000110000000000000000000000000000000000000000000000000000000000000000110000000
0000000110000000000000000000000000000000000000000000000000000000000000000110000000
0000000110000000000000000000000000000000000000000000000000000000000000000110000000
0000000110000000000000000000000000000000000000000000000000000000000000000110000000
0000000110000000000000000000000000000000000000000000000000000000000000000110000000
0000000110000000000000000000000000000000000000000000000000000000000000000110000000
0000000110000000000000000000000000000000000000000000000000000000000000000110000000
0000000110000000000000000000000000000000000000000000000000000000000000000110000000
0000000110000000000000000000000000000000000000000000000000000000000000000110000000
0000000110000000000000000000000000000000000000000000000000000000000000000110000000
0000000110000000000000000000000000000000000000000000000000000000000000000110000000
0000000110000000000000000000000000000000000000000000000000000000000000000110000000
0000000110000000000000000000000000000000000000000000000000000000000000000110000000
0000000110000000000000000000000000000000000000000000000000000000000000000110000000
0000000110000000000000000000000000000000000000000000000000000000000000000110000000
0000000110000000000000000000000000000000000000000000000000000000000000000110000000
0000000110000000000000000000000000000000000000000000000000000000000000000110000000
0000000110000000000000000000000000000000000000000000000000000000000000000110000000
0000000110000000000000000000000000000000000000000000000000000000000000000110000000
0000000110000000000000000000000000000000000000000000000000000000000000000110000000
0000000110000000000000000000000000000000000000000000000000000000000000000110000000
0000000110000000000000000000000000000000000000000000000000000000000000000110000000
0000000110000000000000000000000000000000000000000000000000000000000000000110000000
0000000110000000000000000000000000000000000000000000000000000000000000000110000000
0000000110000000000000000000000000000000000000000000000000000000000000000110000000
0000000110000000000000000000000000000000000000000000000000000000000000000110000000
0000000110000000000000000000000000000000000000000000000000000000000000000110000000
0000000110000000000000000000000000000000000000000000000000000000000000000110000000
0000000110000000000000000000000000000000000000000000000000000000000000000110000000
0000000110000000000000000000000000000000000000000000000000000000000000000110000000
0000000110000000000000000000000000000000000000000000000000000000000000000110000000
0000000111111111111111111111111111111111111111111111111111111111111111111110000000
0000000111111111111111111111111111111111111111111111111111111111111111111100000000
0000000000000000000000000000000000000000000000000000000000000000000000000000000000
0000000000000000000000000000000000000000000000000000000000000000000000000000000000
0000000000000000000000000000000000000000000000000000000000000000000000000000000000
0000000000000000000000000000000000000000000000000000000000000000000000000000000000
0000000000000000000000000000000000000000000000000000000000000000000000000000000000
0000000000000000000000000000000000000000000000000000000000000000000000000000000000
0000000000000000000000000000000000000000000000000000000000000000000000000000000000

0000000000000000000000000000000000000000000000000000000000000000000000000000000000
0000000000000000000000000000000000000000000000000000000000000000000000000000000000
0000000000000000000000000000000000000000000000000000000000000000000000000000000000
0000000000000000000000000000000000000000000000000000000000000000000000000000000000
0000000000000000000000000000000000000000000000000000000000000000000000000000000000
0000000000000000000000000000000000000000000000000000000000000000000000000000000000
0000000000000000000000000000000000000000000000000000000000000000000000000000000000
0000000000000000000000000000000000000000000000000000000000000000000000000000000000
0000000111111111111111111111111111111111111111111111111111111111111111111110000000
0000000111111111111111111111111111111111100000000000000000000000000000000110000000
0000000111111111111111111111111111111111100000000000000000000000000000000110000000
0000000111111111111111111111111111111111100000000000000000000000000000000110000000
0000000111111111111111111111111111111111100000000000000000000000000000000110000000
0000000111111111111111111111111111111111100000000000000000000000000000000110000000
0000000111111111111111111111111111111111100000000000000000000000000000000110000000
0000000111111111111111111111111111111111100000000000000000000000000000000110000000
0000000111111111111111111111111111111111100000000000000000000000000000000110000000
0000000111111111111111111111111111111111100000000000000000000000000000000110000000
0000000111111111111111111111111111111111100000000000000000000000000000000110000000
0000000111111111111111111111111111111111100000000000000000000000000000000110000000
0000000111111111111111111111111111111111100000000000000000000000000000000110000000
0000000111111111111111111111111111111111100000000000000000000000000000000110000000
0000000111111111111111111111111111111111100000000000000000000000000000000110000000
0000000111111111111111111111111111111111100000000000000000000000000000000110000000
0000000111111111111111111111111111111111100000000000000000000000000000000110000000
0000000111111111111111111111111111111111100000000000000000000000000000000110000000
0000000111111111111111111111111111111111100000000000000000000000000000000110000000
0000000111111111111111111111111111111111100000000000000000000000000000000110000000
0000000111111111111111111111111111111111100000000000000000000000000000000110000000
0000000111111111111111111111111111111111100000000000000000000000000000000110000000
0000000111111111111111111111111111111111100000000000000000000000000000000110000000
0000000111111111111111111111111111111111100000000000000000000000000000000110000000
0000000111111111111111111111111111111111100000000000000000000000000000000110000000
0000000111111111111111111111111111111111100000000000000000000000000000000110000000
0000000111111111111111111111111111111111100000000000000000000000000000000110000000
0000000111111111111111111111111111111111100000000000000000000000000000000110000000
0000000111111111111111111111111111111111100000000000000000000000000000000110000000
0000000111111111111111111111111111111111100000000000000000000000000000000110000000
0000000111111111111111111111111111111111100000000000000000000000000000000110000000
0000000111111111111111111111111111111111100000000000000000000000000000000110000000
0000000111111111111111111111111111111111100000000000000000000000000000000110000000
0000000111111111111111111111111111111111100000000000000000000000000000000110000000
0000000111111111111111111111111111111111100000000000000000000000000000000110000000
0000000111111111111111111111111111111111100000000000000000000000000000000110000000
0000000111111111111111111111111111111111100000000000000000000000000000000110000000
0000000111111111111111111111111111111111100000000000000000000000000000000110000000
0000000111111111111111111111111111111111100000000000000000000000000000000110000000
0000000111111111111111111111111111111111100000000000000000000000000000000110000000
0000000111111111111111111111111111111111100000000000000000000000000000000110000000
0000000111111111111111111111111111111111100000000000000000000000000000000110000000
0000000111111111111111111111111111111111100000000000000000000000000000000110000000
0000000111111111111111111111111111111111100000000000000000000000000000000110000000
0000000111111111111111111111111111111111100000000000000000000000000000000110000000
0000000111111111111111111111111111111111100000000000000000000000000000000110000000
0000000111111111111111111111111111111111100000000000000000000000000000000110000000
0000000111111111111111111111111111111111100000000000000000000000000000000110000000
0000000111111111111111111111111111111111100000000000000000000000000000000110000000
0000000111111111111111111111111111111111100000000000000000000000000000000110000000
0000000111111111111111111111111111111111100000000000000000000000000000000110000000
0000000111111111111111111111111111111111100000000000000000000000000000000110000000
0000000111111111111111111111111111111111100000000000000000000000000000000110000000
0000000111111111111111111111111111111111100000000000000000000000000000000110000000
0000000111111111111111111111111111111111100000000000000000000000000000000110000000
0000000111111111111111111111111111111111100000000000000000000000000000000110000000
0000000111111111111111111111111111111111100000000000000000000000000000000110000000
0000000111111111111111111111111111111111100000000000000000000000000000000110000000
0000000111111111111111111111111111111111100000000000000000000000000000000110000000
0000000111111111111111111111111111111111100000000000000000000000000000000110000000
0000000111111111111111111111111111111111100000000000000000000000000000000110000000
0000000111111111111111111111111111111111100000000000000000000000000000000110000000
0000000111111111111111111111111111111111100000000000000000000000000000000110000000
0000000111111111111111111111111111111111100000000000000000000000000000000110000000
0000000111111111111111111111111111111111100000000000000000000000000000000110000000
0000000111111111111111111111111111111111111111111111111111111111111111111110000000
0000000011111111111111111111111111111111111111111111111111111111111111111110000000
0000000000000000000000000000000000000000000000000000000000000000000000000000000000
0000000000000000000000000000000000000000000000000000000000000000000000000000000000
0000000000000000000000000000000000000000000000000000000000000000000000000000000000
0000000000000000000000000000000000000000000000000000000000000000000000000000000000
0000000000000000000000000000000000000000000000000000000000000000000000000000000000
0000000000000000000000000000000000000000000000000000000000000000000000000000000000
0000000000000000000000000000000000000000000000000000000000000000000000000000000000

0000000000000000000000000000000000000000000000000000000000000000000000000000000000
0000000000000000000000000000000000000000000000000000000000000000000000000000000000
0000000000000000000000000000000000000000000000000000000000000000000000000000000000
0000000000000000000000000000000000000000000000000000000000000000000000000000000000
0000000000000000000000000000000000000000000000000000000000000000000000000000000000
0000000000000000000000000000000000000000000000000000000000000000000000000000000000
0000000000000000000000000000000000000000000000000000000000000000000000000000000000
0000000000000000000000000000000000000000000000000000000000000000000000000000000000
0000000000000000000000000000000000000000110000000000000000000000000000000000000000
0000000000000000000000000000000000000000111000000000000000000000000000000000000000
0000000000000000000000000000000000000001111000000000000000000000000000000000000000
0000000000000000000000000000000000000001101100000000000000000000000000000000000000
0000000000000000000000000000000000000011001100000000000000000000000000000000000000
0000000000000000000000000000000000000011000110000000000000000000000000000000000000
0000000000000000000000000000000000000110000110000000000000000000000000000000000000
0000000000000000000000000000000000000110000011000000000000000000000000000000000000
0000000000000000000000000000000000001100000011000000000000000000000000000000000000
0000000000000000000000000000000000001100000001100000000000000000000000000000000000
0000000000000000000000000000000000011000000001100000000000000000000000000000000000
0000000000000000000000000000000000011000000000110000000000000000000000000000000000
0000000000000000000000000000000000110000000000110000000000000000000000000000000000
0000000000000000000000000000000000110000000000011000000000000000000000000000000000
0000000000000000000000000000000001100000000000011000000000000000000000000000000000
0000000000000000000000000000000001100000000000001100000000000000000000000000000000
0000000000000000000000000000000011000000000000001100000000000000000000000000000000
0000000000000000000000000000000011000000000000000110000000000000000000000000000000
0000000000000000000000000000000110000000000000000110000000000000000000000000000000
0000000000000000000000000000000110000000000000000011000000000000000000000000000000
0000000000000000000000000000001100000000000000000011000000000000000000000000000000
0000000000000000000000000000001100000000000000000001100000000000000000000000000000
0000000000000000000000000000011000000000000000000000100000000000000000000000000000
0000000000000000000000000000011000000000000000000000110000000000000000000000000000
0000000000000000000000000000110000000000000000000000010000000000000000000000000000
0000000000000000000000000000110000000000000000000000011000000000000000000000000000
0000000000000000000000000001100000000000000000000000001000000000000000000000000000
0000000000000000000000000001100000000000000000000000001100000000000000000000000000
0000000000000000000000000011000000000000000000000000000100000000000000000000000000
0000000000000000000000000011000000000000000000000000000110000000000000000000000000
0000000000000000000000000110000000000000000000000000000010000000000000000000000000
0000000000000000000000000110000000000000000000000000000011000000000000000000000000
0000000000000000000000001100000000000000000000000000000001000000000000000000000000
0000000000000000000000001100000000000000000000000000000001100000000000000000000000
0000000000000000000000011000000000000000000000000000000000100000000000000000000000
0000000000000000000000011000000000000000000000000000000000110000000000000000000000
0000000000000000000000110000000000000000000000000000000000010000000000000000000000
0000000000000000000000110000000000000000000000000000000000011000000000000000000000
0000000000000000000001100000000000000000000000000000000000001000000000000000000000
0000000000000000000001100000000000000000000000000000000000001100000000000000000000
0000000000000000000011000000000000000000000000000000000000000100000000000000000000
0000000000000000000011000000000000000000000000000000000000000110000000000000000000
0000000000000000000110000000000000000000000000000000000000000010000000000000000000
0000000000000000000110000000000000000000000000000000000000000011000000000000000000
0000000000000000001100000000000000000000000000000000000000000001000000000000000000
0000000000000000001100000000000000000000000000000000000000000001100000000000000000
0000000000000000011000000000000000000000000000000000000000000000100000000000000000
0000000000000000011000000000000000000000000000000000000000000000110000000000000000
0000000000000000110000000000000000000000000000000000000000000000010000000000000000
0000000000000000110000000000000000000000000000000000000000000000011000000000000000
0000000000000001100000000000000000000000000000000000000000000000001000000000000000
0000000000000001000000000000000000000000000000000000000000000000001100000000000000
0000000000000011000000000000000000000000000000000000000000000000000100000000000000
0000000000000010000000000000000000000000000000000000000000000000000110000000000000
0000000000000110000000000000000000000000000000000000000000000000000010000000000000
0000000000000100000000000000000000000000000000000000000000000000000011000000000000
0000000000001100000000000000000000000000000000000000000000000000000001000000000000
0000000000001000000000000000000000000000000000000000000000000000000001100000000000
0000000000011000000000000000000000000000000000000000000000000000000000100000000000
0000000000010000000000000000000000000000000000000000000000000000000000110000000000
0000000000110000000000000000000000000000000000000000000000000000000000010000000000
0000000000100000000000000000000000000000000000000000000000000000000000011000000000
0000000001100000000000000000000000000000000000000000000000000000000000001000000000
0000000001000000000000000000000000000000000000000000000000000000000000001100000000
0000000011000000000000000000000000000000000000000000000000000000000000000100000000
0000000011111111111111111111111111111111111111111111111111111111111111111110000000
0000000011111111111111111111111111111111111111111111111111111111111111111110000000
0000000000000000000000000000000000000000000000000000000000000000000000000000000000
0000000000000000000000000000000000000000000000000000000000000000000000000000000000
0000000000000000000000000000000000000000000000000000000000000000000000000000000000
0000000000000000000000000000000000000000000000000000000000000000000000000000000000
0000000000000000000000000000000000000000000000000000000000000000000000000000000000
0000000000000000000000000000000000000000000000000000000000000000000000000000000000
0000000000000000000000000000000000000000000000000000000000000000000000000000000000

== Output ==
0000000000000000000000000000000000000000000000000000000000000000000000000000000000
0000000000000000000000000000000000000000000000000000000000000000000000000000000000
0000000000000000000000000000000000000000000000000000000000000000000000000000000000
0000000000000000000000000000000000000000000000000000000000000000000000000000000000
0000000000000000000000000000000000000000000000000000000000000000000000000000000000
0000000000000000000000000000000000000000000000000000000000000000000000000000000000
0000000000000000000000000000000000000000000000000000000000000000000000000000000000
0000000000000000000000000000000000000000100000000000000000000000000000000000000000
0000000000000000000000000000000000000000110000000000000000000000000000000000000000
0000000000000000000000000000000000000001111000000000000000000000000000000000000000
0000000000000000000000000000000000000001111000000000000000000000000000000000000000
0000000000000000000000000000000000000011001100000000000000000000000000000000000000
0000000000000000000000000000000000000011001100000000000000000000000000000000000000
0000000000000000000000000000000000000110000110000000000000000000000000000000000000
0000000000000000000000000000000000000110000110000000000000000000000000000000000000
0000000000000000000000000000000000001100000011000000000000000000000000000000000000
0000000000000000000000000000000000001100000011000000000000000000000000000000000000
0000000000000000000000000000000000011000000001100000000000000000000000000000000000
0000000000000000000000000000000000011000000001100000000000000000000000000000000000
0000000000000000000000000000000000110000000000110000000000000000000000000000000000
0000000000000000000000000000000000110000000000110000000000000000000000000000000000
0000000000000000000000000000000001100000000000011000000000000000000000000000000000
0000000000000000000000000000000001100000000000011000000000000000000000000000000000
0000000000000000000000000000000011000000000000001100000000000000000000000000000000
0000000000000000000000000000000011000000000000001100000000000000000000000000000000
0000000000000000000000000000000110000000000000000110000000000000000000000000000000
0000000000000000000000000000000110000000000000000110000000000000000000000000000000
0000000000000000000000000000001100000000000000000011000000000000000000000000000000
0000000000000000000000000000001100000000000000000011000000000000000000000000000000
0000000000000000000000000000011000000000000000000001100000000000000000000000000000
0000000000000000000000000000011000000000000000000001100000000000000000000000000000
0000000000000000000000000000110000000000000000000000110000000000000000000000000000
0000000000000000000000000000110000000000000000000000110000000000000000000000000000
0000000000000000000000000001100000000000000000000000011000000000000000000000000000
0000000000000000000000000001100000000000000000000000011000000000000000000000000000
0000000000000000000000000011000000000000000000000000001100000000000000000000000000
0000000000000000000000000011000000000000000000000000001100000000000000000000000000
0000000000000000000000000110000000000000000000000000000110000000000000000000000000
0000000000000000000000000110000000000000000000000000000110000000000000000000000000
0000000000000000000000001100000000000000000000000000000011000000000000000000000000
0000000000000000000000001100000000000000000000000000000011000000000000000000000000
0000000000000000000000011000000000000000000000000000000001100000000000000000000000
0000000000000000000000011000000000000000000000000000000001100000000000000000000000
0000000000000000000000110000000000000000000000000000000000110000000000000000000000
0000000000000000000000110000000000000000000000000000000000110000000000000000000000
0000000000000000000001100000000000000000000000000000000000011000000000000000000000
0000000000000000000001100000000000000000000000000000000000011000000000000000000000
0000000000000000000011000000000000000000000000000000000000001100000000000000000000
0000000000000000000011000000000000000000000000000000000000001100000000000000000000
0000000000000000000110000000000000000000000000000000000000000110000000000000000000
0000000000000000000110000000000000000000000000000000000000000110000000000000000000
0000000000000000001100000000000000000000000000000000000000000011000000000000000000
0000000000000000001100000000000000000000000000000000000000000011000000000000000000
0000000000000000011000000000000000000000000000000000000000000001100000000000000000
0000000000000000011000000000000000000000000000000000000000000001100000000000000000
0000000000000000110000000000000000000000000000000000000000000000110000000000000000
0000000000000000110000000000000000000000000000000000000000000000110000000000000000
0000000000000001100000000000000000000000000000000000000000000000011000000000000000
0000000000000001100000000000000000000000000000000000000000000000011000000000000000
0000000000000011000000000000000000000000000000000000000000000000001100000000000000
0000000000000011000000000000000000000000000000000000000000000000001100000000000000
0000000000000110000000000000000000000000000000000000000000000000000110000000000000
0000000000000110000000000000000000000000000000000000000000000000000110000000000000
0000000000001100000000000000000000000000000000000000000000000000000011000000000000
0000000000001100000000000000000000000000000000000000000000000000000011000000000000
0000000000011000000000000000000000000000000000000000000000000000000001100000000000
0000000000011000000000000000000000000000000000000000000000000000000001100000000000
0000000000110000000000000000000000000000000000000000000000000000000000110000000000
0000000000110000000000000000000000000000000000000000000000000000000000110000000000
0000000001100000000000000000000000000000000000000000000000000000000000011000000000
0000000001100000000000000000000000000000000000000000000000000000000000011000000000
0000000011000000000000000000000000000000000000000000000000000000000000001100000000
0000000011000000000000000000000000000000000000000000000000000000000000001100000000
0000000111111111111111111111111111111111111111111111111111111111111111111100000000
0000000111111111111111111111111111111111111111111111111111111111111111111100000000
0000000000000000000000000000000000000000000000000000000000000000000000000000000000
0000000000000000000000000000000000000000000000000000000000000000000000000000000000
0000000000000000000000000000000000000000000000000000000000000000000000000000000000
0000000000000000000000000000000000000000000000000000000000000000000000000000000000
0000000000000000000000000000000000000000000000000000000000000000000000000000000000
0000000000000000000000000000000000000000000000000000000000000000000000000000000000
0000000000000000000000000000000000000000000000000000000000000000000000000000000000

0000000000000000000000000000000000000000000000000000000000000000000000000000000000
0000000000000000000000000000000000000000000000000000000000000000000000000000000000
0000000000000000000000000000000000000000000000000000000000000000000000000000000000
0000000000000000000000000000000000000000000000000000000000000000000000000000000000
0000000000000000000000000000000000000000000000000000000000000000000000000000000000
0000000000000000000000000000000000000000000000000000000000000000000000000000000000
0000000000000000000000000000000000000000000000000000000000000000000000000000000000
0000000000000000000000000000000000000000100000000000000000000000000000000000000000
0000000000000000000000000000000000000000110000000000000000000000000000000000000000
0000000000000000000000000000000000000001111000000000000000000000000000000000000000
0000000000000000000000000000000000000001111000000000000000000000000000000000000000
0000000000000000000000000000000000000011111100000000000000000000000000000000000000
0000000000000000000000000000000000000011111100000000000000000000000000000000000000
0000000000000000000000000000000000000111111110000000000000000000000000000000000000
0000000000000000000000000000000000000111111110000000000000000000000000000000000000
0000000000000000000000000000000000001111111111000000000000000000000000000000000000
0000000000000000000000000000000000001111111111000000000000000000000000000000000000
0000000000000000000000000000000000011111111111100000000000000000000000000000000000
0000000000000000000000000000000000011111111111100000000000000000000000000000000000
0000000000000000000000000000000000111111111111110000000000000000000000000000000000
0000000000000000000000000000000000111111111111110000000000000000000000000000000000
0000000000000000000000000000000001111111111111111000000000000000000000000000000000
0000000000000000000000000000000001111111111111111000000000000000000000000000000000
0000000000000000000000000000000011111111111111111100000000000000000000000000000000
0000000000000000000000000000000011111111111111111100000000000000000000000000000000
0000000000000000000000000000000111111111111111111110000000000000000000000000000000
0000000000000000000000000000000111111111111111111110000000000000000000000000000000
0000000000000000000000000000001111111111111111111111000000000000000000000000000000
0000000000000000000000000000001111111111111111111111000000000000000000000000000000
0000000000000000000000000000011111111111111111111111100000000000000000000000000000
0000000000000000000000000000011111111111111111111111100000000000000000000000000000
0000000000000000000000000000111111111111111111111111110000000000000000000000000000
0000000000000000000000000000111111111111111111111111110000000000000000000000000000
0000000000000000000000000001111111111111111111111111111000000000000000000000000000
0000000000000000000000000001111111111111111111111111111000000000000000000000000000
0000000000000000000000000011111111111111111111111111111100000000000000000000000000
0000000000000000000000000011111111111111111111111111111100000000000000000000000000
0000000000000000000000000111111111111111111111111111111110000000000000000000000000
0000000000000000000000000111111111111111111111111111111110000000000000000000000000
0000000000000000000000001111111111111111111111111111111111000000000000000000000000
0000000000000000000000001111111111111111111111111111111111000000000000000000000000
0000000000000000000000011000000000000000000000000000000001100000000000000000000000
0000000000000000000000011000000000000000000000000000000001100000000000000000000000
0000000000000000000000110000000000000000000000000000000000110000000000000000000000
0000000000000000000000110000000000000000000000000000000000110000000000000000000000
0000000000000000000001100000000000000000000000000000000000011000000000000000000000
0000000000000000000001100000000000000000000000000000000000011000000000000000000000
0000000000000000000011000000000000000000000000000000000000001100000000000000000000
0000000000000000000011000000000000000000000000000000000000001100000000000000000000
0000000000000000000110000000000000000000000000000000000000000110000000000000000000
0000000000000000000110000000000000000000000000000000000000000110000000000000000000
0000000000000000001100000000000000000000000000000000000000000011000000000000000000
0000000000000000001100000000000000000000000000000000000000000011000000000000000000
0000000000000000011000000000000000000000000000000000000000000001100000000000000000
0000000000000000011000000000000000000000000000000000000000000001100000000000000000
0000000000000000110000000000000000000000000000000000000000000000110000000000000000
0000000000000000110000000000000000000000000000000000000000000000110000000000000000
0000000000000001100000000000000000000000000000000000000000000000011000000000000000
0000000000000001100000000000000000000000000000000000000000000000011000000000000000
0000000000000011000000000000000000000000000000000000000000000000001100000000000000
0000000000000011000000000000000000000000000000000000000000000000001100000000000000
0000000000000110000000000000000000000000000000000000000000000000000110000000000000
0000000000000110000000000000000000000000000000000000000000000000000110000000000000
0000000000001100000000000000000000000000000000000000000000000000000011000000000000
0000000000001100000000000000000000000000000000000000000000000000000011000000000000
0000000000011000000000000000000000000000000000000000000000000000000001100000000000
0000000000011000000000000000000000000000000000000000000000000000000001100000000000
0000000000110000000000000000000000000000000000000000000000000000000000110000000000
0000000000110000000000000000000000000000000000000000000000000000000000110000000000
0000000001100000000000000000000000000000000000000000000000000000000000011000000000
0000000001100000000000000000000000000000000000000000000000000000000000011000000000
0000000011000000000000000000000000000000000000000000000000000000000000001100000000
0000000011000000000000000000000000000000000000000000000000000000000000001100000000
0000000111111111111111111111111111111111111111111111111111111111111111111110000000
0000000111111111111111111111111111111111111111111111111111111111111111111100000000
0000000000000000000000000000000000000000000000000000000000000000000000000000000000
0000000000000000000000000000000000000000000000000000000000000000000000000000000000
0000000000000000000000000000000000000000000000000000000000000000000000000000000000
0000000000000000000000000000000000000000000000000000000000000000000000000000000000
0000000000000000000000000000000000000000000000000000000000000000000000000000000000
0000000000000000000000000000000000000000000000000000000000000000000000000000000000
0000000000000000000000000000000000000000000000000000000000000000000000000000000000

0000000000000000000000000000000000000000000000000000000000000000000000000000000000
0000000000000000000000000000000000000000000000000000000000000000000000000000000000
0000000000000000000000000000000000000000000000000000000000000000000000000000000000
0000000000000000000000000000000000000000000000000000000000000000000000000000000000
0000000000000000000000000000000000000000000000000000000000000000000000000000000000
0000000000000000000000000000000000000000000000000000000000000000000000000000000000
0000000000000000000000000000000000000000000000000000000000000000000000000000000000
0000000000000000000000000000000000000000010000000000000000000000000000000000000000
0000000000000000000000000000000000000000110000000000000000000000000000000000000000
0000000000000000000000000000000000000001111000000000000000000000000000000000000000
0000000000000000000000000000000000000001111000000000000000000000000000000000000000
0000000000000000000000000000000000000011011100000000000000000000000000000000000000
0000000000000000000000000000000000000011011100000000000000000000000000000000000000
0000000000000000000000000000000000000110011110000000000000000000000000000000000000
0000000000000000000000000000000000000110011110000000000000000000000000000000000000
0000000000000000000000000000000000001100011111000000000000000000000000000000000000
0000000000000000000000000000000000001100011111000000000000000000000000000000000000
0000000000000000000000000000000000011000011111100000000000000000000000000000000000
0000000000000000000000000000000000011000011111100000000000000000000000000000000000
0000000000000000000000000000000000110000011111110000000000000000000000000000000000
0000000000000000000000000000000000110000011111110000000000000000000000000000000000
0000000000000000000000000000000001100000011111111000000000000000000000000000000000
0000000000000000000000000000000001100000011111111000000000000000000000000000000000
0000000000000000000000000000000011000000011111111100000000000000000000000000000000
0000000000000000000000000000000011000000011111111100000000000000000000000000000000
0000000000000000000000000000000110000000011111111110000000000000000000000000000000
0000000000000000000000000000000110000000011111111110000000000000000000000000000000
0000000000000000000000000000001100000000011111111111000000000000000000000000000000
0000000000000000000000000000001100000000011111111111000000000000000000000000000000
0000000000000000000000000000011000000000011111111111100000000000000000000000000000
0000000000000000000000000000011000000000011111111111100000000000000000000000000000
0000000000000000000000000000110000000000011111111111110000000000000000000000000000
0000000000000000000000000000110000000000011111111111110000000000000000000000000000
0000000000000000000000000001100000000000011111111111111000000000000000000000000000
0000000000000000000000000001100000000000011111111111111000000000000000000000000000
0000000000000000000000000011000000000000011111111111111100000000000000000000000000
0000000000000000000000000011000000000000011111111111111100000000000000000000000000
0000000000000000000000000110000000000000011111111111111110000000000000000000000000
0000000000000000000000000110000000000000011111111111111110000000000000000000000000
0000000000000000000000001100000000000000011111111111111111000000000000000000000000
0000000000000000000000001100000000000000011111111111111111000000000000000000000000
0000000000000000000000011000000000000000011111111111111111100000000000000000000000
0000000000000000000000011000000000000000011111111111111111100000000000000000000000
0000000000000000000000110000000000000000011111111111111111110000000000000000000000
0000000000000000000000110000000000000000011111111111111111110000000000000000000000
0000000000000000000001100000000000000000011111111111111111111000000000000000000000
0000000000000000000001100000000000000000011111111111111111111000000000000000000000
0000000000000000000011000000000000000000011111111111111111111100000000000000000000
0000000000000000000011000000000000000000011111111111111111111100000000000000000000
0000000000000000000110000000000000000000011111111111111111111110000000000000000000
0000000000000000000110000000000000000000011111111111111111111110000000000000000000
0000000000000000001100000000000000000000011111111111111111111111000000000000000000
0000000000000000001100000000000000000000011111111111111111111111000000000000000000
0000000000000000011000000000000000000000011111111111111111111111100000000000000000
0000000000000000011000000000000000000000011111111111111111111111100000000000000000
0000000000000000110000000000000000000000011111111111111111111111110000000000000000
0000000000000000110000000000000000000000011111111111111111111111110000000000000000
0000000000000001100000000000000000000000011111111111111111111111111000000000000000
0000000000000001100000000000000000000000011111111111111111111111111000000000000000
0000000000000011000000000000000000000000011111111111111111111111111100000000000000
0000000000000011000000000000000000000000011111111111111111111111111100000000000000
0000000000000110000000000000000000000000011111111111111111111111111110000000000000
0000000000000110000000000000000000000000011111111111111111111111111110000000000000
0000000000001100000000000000000000000000011111111111111111111111111111000000000000
0000000000001100000000000000000000000000011111111111111111111111111111000000000000
0000000000011000000000000000000000000000011111111111111111111111111111100000000000
0000000000011000000000000000000000000000011111111111111111111111111111100000000000
0000000000110000000000000000000000000000011111111111111111111111111111110000000000
0000000000110000000000000000000000000000011111111111111111111111111111110000000000
0000000001100000000000000000000000000000011111111111111111111111111111111000000000
0000000001100000000000000000000000000000011111111111111111111111111111111000000000
0000000011000000000000000000000000000000011111111111111111111111111111111100000000
0000000011000000000000000000000000000000011111111111111111111111111111111100000000
0000000111111111111111111111111111111111111111111111111111111111111111111110000000
0000000011111111111111111111111111111111111111111111111111111111111111111110000000
0000000000000000000000000000000000000000000000000000000000000000000000000000000000
0000000000000000000000000000000000000000000000000000000000000000000000000000000000
0000000000000000000000000000000000000000000000000000000000000000000000000000000000
0000000000000000000000000000000000000000000000000000000000000000000000000000000000
0000000000000000000000000000000000000000000000000000000000000000000000000000000000
0000000000000000000000000000000000000000000000000000000000000000000000000000000000
0000000000000000000000000000000000000000000000000000000000000000000000000000000000

0000000000000000000000000000000000000000000000000000000000000000000000000000000000
0000000000000000000000000000000000000000000000000000000000000000000000000000000000
0000000000000000000000000000000000000000000000000000000000000000000000000000000000
0000000000000000000000000000000000000000000000000000000000000000000000000000000000
0000000000000000000000000000000000000000000000000000000000000000000000000000000000
0000000000000000000000000000000000000000000000000000000000000000000000000000000000
0000000000000000000000000000000000000000000000000000000000000000000000000000000000
0000000000000000000000000000000000000000010000000000000000000000000000000000000000
0000000000000000000000000000000000000000110000000000000000000000000000000000000000
0000000000000000000000000000000000000001111000000000000000000000000000000000000000
0000000000000000000000000000000000000001111000000000000000000000000000000000000000
0000000000000000000000000000000000000011101100000000000000000000000000000000000000
0000000000000000000000000000000000000011100100000000000000000000000000000000000000
0000000000000000000000000000000000000111100110000000000000000000000000000000000000
0000000000000000000000000000000000000111100010000000000000000000000000000000000000
0000000000000000000000000000000000001111100011000000000000000000000000000000000000
0000000000000000000000000000000000001111100001000000000000000000000000000000000000
0000000000000000000000000000000000011111100001100000000000000000000000000000000000
0000000000000000000000000000000000011111100000100000000000000000000000000000000000
0000000000000000000000000000000000111111100000110000000000000000000000000000000000
0000000000000000000000000000000000111111100000010000000000000000000000000000000000
0000000000000000000000000000000001111111100000011000000000000000000000000000000000
0000000000000000000000000000000001111111100000001000000000000000000000000000000000
0000000000000000000000000000000011111111100000001100000000000000000000000000000000
0000000000000000000000000000000011111111100000000100000000000000000000000000000000
0000000000000000000000000000000111111111100000000110000000000000000000000000000000
0000000000000000000000000000000111111111100000000010000000000000000000000000000000
0000000000000000000000000000001111111111100000000011000000000000000000000000000000
0000000000000000000000000000001111111111100000000001000000000000000000000000000000
0000000000000000000000000000011111111111100000000001100000000000000000000000000000
0000000000000000000000000000011111111111100000000000100000000000000000000000000000
0000000000000000000000000000111111111111100000000000110000000000000000000000000000
0000000000000000000000000000111111111111100000000000010000000000000000000000000000
0000000000000000000000000001111111111111100000000000011000000000000000000000000000
0000000000000000000000000001111111111111100000000000001000000000000000000000000000
0000000000000000000000000011111111111111100000000000001100000000000000000000000000
0000000000000000000000000011111111111111100000000000000100000000000000000000000000
0000000000000000000000000111111111111111100000000000000110000000000000000000000000
0000000000000000000000000111111111111111100000000000000010000000000000000000000000
0000000000000000000000001111111111111111100000000000000011000000000000000000000000
0000000000000000000000001111111111111111100000000000000001000000000000000000000000
0000000000000000000000011111111111111111100000000000000001100000000000000000000000
0000000000000000000000011111111111111111100000000000000000100000000000000000000000
0000000000000000000000111111111111111111100000000000000000110000000000000000000000
0000000000000000000000111111111111111111100000000000000000010000000000000000000000
0000000000000000000001111111111111111111100000000000000000011000000000000000000000
0000000000000000000001111111111111111111100000000000000000001000000000000000000000
0000000000000000000011111111111111111111100000000000000000001100000000000000000000
0000000000000000000011111111111111111111100000000000000000000100000000000000000000
0000000000000000000111111111111111111111100000000000000000000110000000000000000000
0000000000000000000111111111111111111111100000000000000000000010000000000000000000
0000000000000000001111111111111111111111100000000000000000000011000000000000000000
0000000000000000001111111111111111111111100000000000000000000001000000000000000000
0000000000000000011111111111111111111111100000000000000000000001100000000000000000
0000000000000000011111111111111111111111100000000000000000000000100000000000000000
0000000000000000111111111111111111111111100000000000000000000000110000000000000000
0000000000000000111111111111111111111111100000000000000000000000010000000000000000
0000000000000001111111111111111111111111100000000000000000000000011000000000000000
0000000000000001111111111111111111111111100000000000000000000000001000000000000000
0000000000000011111111111111111111111111100000000000000000000000001100000000000000
0000000000000011111111111111111111111111100000000000000000000000000100000000000000
0000000000000111111111111111111111111111100000000000000000000000000110000000000000
0000000000000111111111111111111111111111100000000000000000000000000010000000000000
0000000000001111111111111111111111111111100000000000000000000000000011000000000000
0000000000001111111111111111111111111111100000000000000000000000000001000000000000
0000000000011111111111111111111111111111100000000000000000000000000001100000000000
0000000000011111111111111111111111111111100000000000000000000000000000100000000000
0000000000111111111111111111111111111111100000000000000000000000000000110000000000
0000000000111111111111111111111111111111100000000000000000000000000000010000000000
0000000001111111111111111111111111111111100000000000000000000000000000011000000000
0000000001111111111111111111111111111111100000000000000000000000000000001000000000
0000000011111111111111111111111111111111100000000000000000000000000000001100000000
0000000011111111111111111111111111111111100000000000000000000000000000000100000000
0000000111111111111111111111111111111111111111111111111111111111111111111110000000
0000000011111111111111111111111111111111111111111111111111111111111111111110000000
0000000000000000000000000000000000000000000000000000000000000000000000000000000000
0000000000000000000000000000000000000000000000000000000000000000000000000000000000
0000000000000000000000000000000000000000000000000000000000000000000000000000000000
0000000000000000000000000000000000000000000000000000000000000000000000000000000000
0000000000000000000000000000000000000000000000000000000000000000000000000000000000
0000000000000000000000000000000000000000000000000000000000000000000000000000000000
0000000000000000000000000000000000000000000000000000000000000000000000000000000000

0000000000000000000000000000000000000000000000000000000000000000000000000000000000
0000000000000000000000000000000000000000000000000000000000000000000000000000000000
0000000000000000000000000000000000000000000000000000000000000000000000000000000000
0000000000000000000000000000000000000000000000000000000000000000000000000000000000
0000000000000000000000000000000000000000000000000000000000000000000000000000000000
0000000000000000000000000000000000000000000000000000000000000000000000000000000000
0000000000000000000000000000000000000000000000000000000000000000000000000000000000
0000000000000000000000000000000000000000010000000000000000000000000000000000000000
0000000000000000000000000000000000000000110000000000000000000000000000000000000000
0000000000000000000000000000000000000000111000000000000000000000000000000000000000
0000000000000000000000000000000000000001111000000000000000000000000000000000000000
0000000000000000000000000000000000000001001100000000000000000000000000000000000000
0000000000000000000000000000000000000011000100000000000000000000000000000000000000
0000000000000000000000000000000000000011000110000000000000000000000000000000000000
0000000000000000000000000000000000000110000010000000000000000000000000000000000000
0000000000000000000000000000000000000110000011000000000000000000000000000000000000
0000000000000000000000000000000000001100000011000000000000000000000000000000000000
0000000000000000000000000000000000001100000001100000000000000000000000000000000000
0000000000000000000000000000000000011000000001100000000000000000000000000000000000
0000000000000000000000000000000000011000000000110000000000000000000000000000000000
0000000000000000000000000000000000110000000000110000000000000000000000000000000000
0000000000000000000000000000000000110000000000011000000000000000000000000000000000
0000000000000000000000000000000001100000000000011000000000000000000000000000000000
0000000000000000000000000000000001100000000000001100000000000000000000000000000000
0000000000000000000000000000000011000000000000001100000000000000000000000000000000
0000000000000000000000000000000011000000000000000110000000000000000000000000000000
0000000000000000000000000000000110000000000000000110000000000000000000000000000000
0000000000000000000000000000000110000000000000000011000000000000000000000000000000
0000000000000000000000000000001100000000000000000011000000000000000000000000000000
0000000000000000000000000000001100000000000000000001100000000000000000000000000000
0000000000000000000000000000011000000000000000000001100000000000000000000000000000
0000000000000000000000000000011000000000000000000000110000000000000000000000000000
0000000000000000000000000000110000000000000000000000110000000000000000000000000000
0000000000000000000000000000110000000000000000000000011000000000000000000000000000
0000000000000000000000000001100000000000000000000000011000000000000000000000000000
0000000000000000000000000001100000000000000000000000001100000000000000000000000000
0000000000000000000000000011100000000000000000000000001100000000000000000000000000
0000000000000000000000000011000000000000000000000000000110000000000000000000000000
0000000000000000000000000111000000000000000000000000000110000000000000000000000000
0000000000000000000000000110000000000000000000000000000111000000000000000000000000
0000000000000000000000001111111111111111111111111111111111000000000000000000000000
0000000000000000000000001111111111111111111111111111111111100000000000000000000000
0000000000000000000000011111111111111111111111111111111111100000000000000000000000
0000000000000000000000011111111111111111111111111111111111110000000000000000000000
0000000000000000000000111111111111111111111111111111111111110000000000000000000000
0000000000000000000000111111111111111111111111111111111111111000000000000000000000
0000000000000000000001111111111111111111111111111111111111111000000000000000000000
0000000000000000000001111111111111111111111111111111111111111100000000000000000000
0000000000000000000011111111111111111111111111111111111111111100000000000000000000
0000000000000000000011111111111111111111111111111111111111111110000000000000000000
0000000000000000000111111111111111111111111111111111111111111110000000000000000000
0000000000000000000111111111111111111111111111111111111111111111000000000000000000
0000000000000000001111111111111111111111111111111111111111111111000000000000000000
0000000000000000001111111111111111111111111111111111111111111111100000000000000000
0000000000000000011111111111111111111111111111111111111111111111100000000000000000
0000000000000000011111111111111111111111111111111111111111111111110000000000000000
0000000000000000111111111111111111111111111111111111111111111111110000000000000000
0000000000000000111111111111111111111111111111111111111111111111111000000000000000
0000000000000001111111111111111111111111111111111111111111111111111000000000000000
0000000000000001111111111111111111111111111111111111111111111111111100000000000000
0000000000000011111111111111111111111111111111111111111111111111111100000000000000
0000000000000011111111111111111111111111111111111111111111111111111110000000000000
0000000000000111111111111111111111111111111111111111111111111111111110000000000000
0000000000000111111111111111111111111111111111111111111111111111111111000000000000
0000000000001111111111111111111111111111111111111111111111111111111111000000000000
0000000000001111111111111111111111111111111111111111111111111111111111100000000000
0000000000011111111111111111111111111111111111111111111111111111111111100000000000
0000000000011111111111111111111111111111111111111111111111111111111111110000000000
0000000000111111111111111111111111111111111111111111111111111111111111110000000000
0000000000111111111111111111111111111111111111111111111111111111111111111000000000
0000000001111111111111111111111111111111111111111111111111111111111111111000000000
0000000001111111111111111111111111111111111111111111111111111111111111111100000000
0000000011111111111111111111111111111111111111111111111111111111111111111100000000
0000000011111111111111111111111111111111111111111111111111111111111111111110000000
0000000011111111111111111111111111111111111111111111111111111111111111111110000000
0000000000000000000000000000000000000000000000000000000000000000000000000000000000
0000000000000000000000000000000000000000000000000000000000000000000000000000000000
0000000000000000000000000000000000000000000000000000000000000000000000000000000000
0000000000000000000000000000000000000000000000000000000000000000000000000000000000
0000000000000000000000000000000000000000000000000000000000000000000000000000000000
0000000000000000000000000000000000000000000000000000000000000000000000000000000000
0000000000000000000000000000000000000000000000000000000000000000000000000000000000

0000000000000000000000000000000000000000000000000000000000000000000000000000000000
0000000000000000000000000000000000000000000000000000000000000000000000000000000000
0000000000000000000000000000000000000000000000000000000000000000000000000000000000
0000000000000000000000000000000000000000000000000000000000000000000000000000000000
0000000000000000000000000000000000000000000000000000000000000000000000000000000000
0000000000000000000000000000000000000000000000000000000000000000000000000000000000
0000000000000000000000000000000000000000000000000000000000000000000000000000000000
0000000000000000000000000000000000000000000000000000000000000000000000000000000000
0000000000000000000000000000000000000000000000000000000000000000000000000000000000
0000000000000000000000000000000000000000110000000000000000000000000000000000000000
0000000000000000000000000000000000000000111000000000000000000000000000000000000000
0000000000000000000000000000000000000001111000000000000000000000000000000000000000
0000000000000000000000000000000000000001111100000000000000000000000000000000000000
0000000000000000000000000000000000000011111100000000000000000000000000000000000000
0000000000000000000000000000000000000011111110000000000000000000000000000000000000
0000000000000000000000000000000000000111111110000000000000000000000000000000000000
0000000000000000000000000000000000000111111111000000000000000000000000000000000000
0000000000000000000000000000000000001111111111000000000000000000000000000000000000
0000000000000000000000000000000000001111111111100000000000000000000000000000000000
0000000000000000000000000000000000011111111111100000000000000000000000000000000000
0000000000000000000000000000000000011111111111110000000000000000000000000000000000
0000000000000000000000000000000000111111111111110000000000000000000000000000000000
0000000000000000000000000000000000111111111111111000000000000000000000000000000000
0000000000000000000000000000000001111111111111111000000000000000000000000000000000
0000000000000000000000000000000001111111111111111100000000000000000000000000000000
0000000000000000000000000000000011111111111111111100000000000000000000000000000000
0000000000000000000000000000000011111111111111111100000000000000000000000000000000
0000000000000000000000000000000111111111111111111110000000000000000000000000000000
0000000000000000000000000000000111111111111111111110000000000000000000000000000000
0000000000000000000000000000001111111111111111111111000000000000000000000000000000
0000000000000000000000000000001111111111111111111111000000000000000000000000000000
0000000000000000000000000000011111111111111111111111100000000000000000000000000000
0000000000000000000000000000011111111111111111111111110000000000000000000000000000
0000000000000000000000000000111111111111111111111111110000000000000000000000000000
0000000000000000000000000000111111111111111111111111111000000000000000000000000000
0000000000000000000000000001111111111111111111111111111000000000000000000000000000
0000000000000000000000000001111111111111111111111111111100000000000000000000000000
0000000000000000000000000011111111111111111111111111111100000000000000000000000000
0000000000000000000000000011111111111111111111111111111110000000000000000000000000
0000000000000000000000000111111111111111111111111111111110000000000000000000000000
0000000000000000000000000111111111111111111111111111111110000000000000000000000000
0000000000000000000000001111111111111111111111111111111111000000000000000000000000
0000000000000000000000001111111111111111111111111111111111000000000000000000000000
0000000000000000000000011111111111111111111111111111111111100000000000000000000000
0000000000000000000000011111111111111111111111111111111111100000000000000000000000
0000000000000000000000111111111111111111111111111111111111110000000000000000000000
0000000000000000000000111111111111111111111111111111111111110000000000000000000000
0000000000000000000001111111111111111111111111111111111111111000000000000000000000
0000000000000000000001111111111111111111111111111111111111111000000000000000000000
0000000000000000000011111111111111111111111111111111111111111100000000000000000000
0000000000000000000011111111111111111111111111111111111111111100000000000000000000
0000000000000000000111111111111111111111111111111111111111111110000000000000000000
0000000000000000000111111111111111111111111111111111111111111110000000000000000000
0000000000000000001111111111111111111111111111111111111111111111000000000000000000
0000000000000000001111111111111111111111111111111111111111111111000000000000000000
0000000000000000011111111111111111111111111111111111111111111111100000000000000000
0000000000000000011111111111111111111111111111111111111111111111100000000000000000
0000000000000000111111111111111111111111111111111111111111111111110000000000000000
0000000000000000111111111111111111111111111111111111111111111111110000000000000000
0000000000000001111111111111111111111111111111111111111111111111111000000000000000
0000000000000001111111111111111111111111111111111111111111111111111000000000000000
0000000000000011111111111111111111111111111111111111111111111111111100000000000000
0000000000000011111111111111111111111111111111111111111111111111111100000000000000
0000000000000111111111111111111111111111111111111111111111111111111110000000000000
0000000000000111111111111111111111111111111111111111111111111111111110000000000000
0000000000001111111111111111111111111111111111111111111111111111111111000000000000
0000000000001111111111111111111111111111111111111111111111111111111111000000000000
0000000000011111111111111111111111111111111111111111111111111111111111100000000000
0000000000011111111111111111111111111111111111111111111111111111111111100000000000
0000000000111111111111111111111111111111111111111111111111111111111111110000000000
0000000000111111111111111111111111111111111111111111111111111111111111110000000000
0000000001111111111111111111111111111111111111111111111111111111111111111000000000
0000000001111111111111111111111111111111111111111111111111111111111111111000000000
0000000001111111111111111111111111111111111111111111111111111111111111111100000000
0000000000000000000000000000000000000000000000000000000000000000000000000000000000
0000000000000000000000000000000000000000000000000000000000000000000000000000000000
0000000000000000000000000000000000000000000000000000000000000000000000000000000000
0000000000000000000000000000000000000000000000000000000000000000000000000000000000
0000000000000000000000000000000000000000000000000000000000000000000000000000000000
0000000000000000000000000000000000000000000000000000000000000000000000000000000000
0000000000000000000000000000000000000000000000000000000000000000000000000000000000
0000000000000000000000000000000000000000000000000000000000000000000000000000000000

