== Attributes ==
title=2x1 Challenge Problem 01
type= 2x1
result=1
window_size=(82, 82)

== Input ==
0000000000000000000000000000000000000000000000000000000000000000000000000000000000
0000000000000000000000000000000000000000000000000000000000000000000000000000000000
0000000000000000000000000000000000000000000000000000000000000000000000000000000000
0000000000000000000000000000000000000000000000000000000000000000000000000000000000
0000000000000000000000000000000000000000000000000000000000000000000000000000000000
0000000000000000000000000000000000000000000000000000000000000000000000000000000000
0000000000000000000000000000000000000000000000000000000000000000000000000000000000
0000000000000000000000000000000000000000000000000000000000000000000000000000000000
0000000000000000000000000000000000000000000000000000000000000000000000000000000000
0000000000000000000000000000000000000000000000000000000000000000000000000000000000
0000000000000000000000000000000000000000000000000000000000000000000000000000000000
0000000000000000000000000000000000000000000000000000000000000000000000000000000000
0000000000000000000000000000000000000000000000000000000000000000000000000000000000
0000000000000000000000000000011111111111111111111111100000000000000000000000000000
0000000000000000000000000000111111111111111111111111110000000000000000000000000000
0000000000000000000000000001100000000000000000000000111000000000000000000000000000
0000000000000000000000000011000000000000000000000000011100000000000000000000000000
0000000000000000000000000110000000000000000000000000001110000000000000000000000000
0000000000000000000000001100000000000000000000000000000111000000000000000000000000
0000000000000000000000011000000000000000000000000000000011100000000000000000000000
0000000000000000000000110000000000000000000000000000000001110000000000000000000000
0000000000000000000001100000000000000000000000000000000000111000000000000000000000
0000000000000000000011000000000000000000000000000000000000011100000000000000000000
0000000000000000000110000000000000000000000000000000000000001110000000000000000000
0000000000000000001100000000000000000000000000000000000000000111000000000000000000
0000000000000000011000000000000000000000000000000000000000000011100000000000000000
0000000000000000110000000000000000000000000000000000000000000001110000000000000000
0000000000000001100000000000000000000000000000000000000000000000111000000000000000
0000000000000011000000000000000000000000000000000000000000000000011100000000000000
0000000000000110000000000000000000000000000000000000000000000000001110000000000000
0000000000001100000000000000000000000000000000000000000000000000000110000000000000
0000000000001100000000000000000000000000000000000000000000000000000110000000000000
0000000000001100000000000000000000000000000000000000000000000000000110000000000000
0000000000001100000000000000000000000000000000000000000000000000000110000000000000
0000000000001100000000000000000000000000000000000000000000000000000110000000000000
0000000000001100000000000000000000000000000000000000000000000000000110000000000000
0000000000001100000000000000000000000000000000000000000000000000000110000000000000
0000000000001100000000000000000000000000000000000000000000000000000110000000000000
0000000000001100000000000000000000000000000000000000000000000000000110000000000000
0000000000001100000000000000000000000000000000000000000000000000000110000000000000
0000000000001100000000000000000000000000000000000000000000000000000110000000000000
0000000000001100000000000000000000000000000000000000000000000000000110000000000000
0000000000001100000000000000000000000000000000000000000000000000000110000000000000
0000000000001100000000000000000000000000000000000000000000000000000110000000000000
0000000000001100000000000000000000000000000000000000000000000000000110000000000000
0000000000001100000000000000000000000000000000000000000000000000000110000000000000
0000000000001100000000000000000000000000000000000000000000000000000110000000000000
0000000000001100000000000000000000000000000000000000000000000000000110000000000000
0000000000001100000000000000000000000000000000000000000000000000000110000000000000
0000000000001100000000000000000000000000000000000000000000000000000110000000000000
0000000000001100000000000000000000000000000000000000000000000000000110000000000000
0000000000001100000000000000000000000000000000000000000000000000000110000000000000
0000000000001100000000000000000000000000000000000000000000000000000110000000000000
0000000000000110000000000000000000000000000000000000000000000000001110000000000000
0000000000000011000000000000000000000000000000000000000000000000011100000000000000
0000000000000001100000000000000000000000000000000000000000000000111000000000000000
0000000000000000110000000000000000000000000000000000000000000001110000000000000000
0000000000000000011000000000000000000000000000000000000000000011100000000000000000
0000000000000000001100000000000000000000000000000000000000000111000000000000000000
0000000000000000000110000000000000000000000000000000000000001110000000000000000000
0000000000000000000011000000000000000000000000000000000000011100000000000000000000
0000000000000000000001100000000000000000000000000000000000111000000000000000000000
0000000000000000000000110000000000000000000000000000000001110000000000000000000000
0000000000000000000000011000000000000000000000000000000011100000000000000000000000
0000000000000000000000001100000000000000000000000000000111000000000000000000000000
0000000000000000000000000110000000000000000000000000001110000000000000000000000000
0000000000000000000000000011000000000000000000000000011100000000000000000000000000
0000000000000000000000000001100000000000000000000000111000000000000000000000000000
0000000000000000000000000000111111111111111111111111110000000000000000000000000000
0000000000000000000000000000011111111111111111111111000000000000000000000000000000
0000000000000000000000000000000000000000000000000000000000000000000000000000000000
0000000000000000000000000000000000000000000000000000000000000000000000000000000000
0000000000000000000000000000000000000000000000000000000000000000000000000000000000
0000000000000000000000000000000000000000000000000000000000000000000000000000000000
0000000000000000000000000000000000000000000000000000000000000000000000000000000000
0000000000000000000000000000000000000000000000000000000000000000000000000000000000
0000000000000000000000000000000000000000000000000000000000000000000000000000000000
0000000000000000000000000000000000000000000000000000000000000000000000000000000000
0000000000000000000000000000000000000000000000000000000000000000000000000000000000
0000000000000000000000000000000000000000000000000000000000000000000000000000000000
0000000000000000000000000000000000000000000000000000000000000000000000000000000000
0000000000000000000000000000000000000000000000000000000000000000000000000000000000

0000000000000000000000000000000000000000000000000000000000000000000000000000000000
0000000000000000000000000000000000000000000000000000000000000000000000000000000000
0000000000000000000000000000000000000000000000000000000000000000000000000000000000
0000000000000000000000000000000000000000000000000000000000000000000000000000000000
0000000000000000000000000000000000000000000000000000000000000000000000000000000000
0000000000000000000000000000000000000000000000000000000000000000000000000000000000
0000000000000000000000000000000000000000000000000000000000000000000000000000000000
0000000000000000000000000000000000000000000000000000000000000000000000000000000000
0000000000000000000000000000000000000000000000000000000000000000000000000000000000
0000000000000000000000000000000000000000000000000000000000000000000000000000000000
0000000000000000000000000000000000000000000000000000000000000000000000000000000000
0000000000000000000000000000000000000000000000000000000000000000000000000000000000
0000000000000000000000000000000000000000000000000000000000000000000000000000000000
0000000000000111111111111111111111111111111111111111111111111111111110000000000000
0000000000000111111111111111111111111111111111111111111111111111111110000000000000
0000000000000100000000000000000000000000000000000000000000000000000010000000000000
0000000000000100000000000000000000000000000000000000000000000000000010000000000000
0000000000000100000000000000000000000000000000000000000000000000000010000000000000
0000000000000100000000000000000000000000000000000000000000000000000010000000000000
0000000000000100000000000000000000000000000000000000000000000000000010000000000000
0000000000000100000000000000000000000000000000000000000000000000000010000000000000
0000000000000100000000000000000000000000000000000000000000000000000010000000000000
0000000000000100000000000000000000000000000000000000000000000000000010000000000000
0000000000000100000000000000000000000000000000000000000000000000000010000000000000
0000000000000100000000000000000000000000000000000000000000000000000010000000000000
0000000000000100000000000000000000000000000000000000000000000000000010000000000000
0000000000000100000000000000000000000000000000000000000000000000000010000000000000
0000000000000100000000000000000000000000000000000000000000000000000010000000000000
0000000000000100000000000000000000000000000000000000000000000000000010000000000000
0000000000000100000000000000000000000000000000000000000000000000000010000000000000
0000000000000100000000000000000000000000000000000000000000000000000010000000000000
0000000000000100000000000000000000000000000000000000000000000000000010000000000000
0000000000000100000000000000000000000000000000000000000000000000000010000000000000
0000000000000100000000000000000000000000000000000000000000000000000010000000000000
0000000000000100000000000000000000000000000000000000000000000000000010000000000000
0000000000000100000000000000000000000000000000000000000000000000000010000000000000
0000000000000100000000000000000000000000000000000000000000000000000010000000000000
0000000000000100000000000000000000000000000000000000000000000000000010000000000000
0000000000000100000000000000000000000000000000000000000000000000000010000000000000
0000000000000100000000000000000000000000000000000000000000000000000010000000000000
0000000000000100000000000000000000000000000000000000000000000000000010000000000000
0000000000000100000000000000000000000000000000000000000000000000000010000000000000
0000000000000100000000000000000000000000000000000000000000000000000010000000000000
0000000000000100000000000000000000000000000000000000000000000000000010000000000000
0000000000000100000000000000000000000000000000000000000000000000000010000000000000
0000000000000100000000000000000000000000000000000000000000000000000010000000000000
0000000000000100000000000000000000000000000000000000000000000000000010000000000000
0000000000000100000000000000000000000000000000000000000000000000000010000000000000
0000000000000100000000000000000000000000000000000000000000000000000010000000000000
0000000000000100000000000000000000000000000000000000000000000000000010000000000000
0000000000000100000000000000000000000000000000000000000000000000000010000000000000
0000000000000100000000000000000000000000000000000000000000000000000010000000000000
0000000000000100000000000000000000000000000000000000000000000000000010000000000000
0000000000000100000000000000000000000000000000000000000000000000000010000000000000
0000000000000100000000000000000000000000000000000000000000000000000010000000000000
0000000000000100000000000000000000000000000000000000000000000000000010000000000000
0000000000000100000000000000000000000000000000000000000000000000000010000000000000
0000000000000100000000000000000000000000000000000000000000000000000010000000000000
0000000000000100000000000000000000000000000000000000000000000000000010000000000000
0000000000000100000000000000000000000000000000000000000000000000000010000000000000
0000000000000100000000000000000000000000000000000000000000000000000010000000000000
0000000000000100000000000000000000000000000000000000000000000000000010000000000000
0000000000000100000000000000000000000000000000000000000000000000000010000000000000
0000000000000100000000000000000000000000000000000000000000000000000010000000000000
0000000000000100000000000000000000000000000000000000000000000000000010000000000000
0000000000000100000000000000000000000000000000000000000000000000000010000000000000
0000000000000100000000000000000000000000000000000000000000000000000010000000000000
0000000000000100000000000000000000000000000000000000000000000000000010000000000000
0000000000000111111111111111111111111111111111111111111111111111111110000000000000
0000000000000111111111111111111111111111111111111111111111111111111110000000000000
0000000000000000000000000000000000000000000000000000000000000000000000000000000000
0000000000000000000000000000000000000000000000000000000000000000000000000000000000
0000000000000000000000000000000000000000000000000000000000000000000000000000000000
0000000000000000000000000000000000000000000000000000000000000000000000000000000000
0000000000000000000000000000000000000000000000000000000000000000000000000000000000
0000000000000000000000000000000000000000000000000000000000000000000000000000000000
0000000000000000000000000000000000000000000000000000000000000000000000000000000000
0000000000000000000000000000000000000000000000000000000000000000000000000000000000
0000000000000000000000000000000000000000000000000000000000000000000000000000000000
0000000000000000000000000000000000000000000000000000000000000000000000000000000000
0000000000000000000000000000000000000000000000000000000000000000000000000000000000
0000000000000000000000000000000000000000000000000000000000000000000000000000000000

0000000000000000000000000000000000000000000000000000000000000000000000000000000000
0000000000000000000000000000000000000000000000000000000000000000000000000000000000
0000000000000000000000000000000000000000000000000000000000000000000000000000000000
0000000000000000000000000000000000000000000000000000000000000000000000000000000000
0000000000000000000000000000000000000000000000000000000000000000000000000000000000
0000000000000000000000000000000000000000000000000000000000000000000000000000000000
0000000000000000000000000000000000000000000000000000000000000000000000000000000000
0000000000000000000000000000000000000000000000000000000000000000000000000000000000
0000000000000000000000000000000000000000000000000000000000000000000000000000000000
0000000000000000000000000000000000000000000000000000000000000000000000000000000000
0000000000000000000000000000000000000000000000000000000000000000000000000000000000
0000000000000000000000000000000000000000000000000000000000000000000000000000000000
0000000000000000000000000000000000000000000000000000000000000000000000000000000000
0000000000000000000000000001111111111111111111111111111000000000000000000000000000
0000000000000000000000000011111111111111111111111111111100000000000000000000000000
0000000000000000000000000010000000000000000000000000000110000000000000000000000000
0000000000000000000000000110000000000000000000000000000110000000000000000000000000
0000000000000000000000000100000000000000000000000000000011000000000000000000000000
0000000000000000000000001100000000000000000000000000000011000000000000000000000000
0000000000000000000000001000000000000000000000000000000001100000000000000000000000
0000000000000000000000011000000000000000000000000000000001100000000000000000000000
0000000000000000000000010000000000000000000000000000000000110000000000000000000000
0000000000000000000000110000000000000000000000000000000000110000000000000000000000
0000000000000000000000100000000000000000000000000000000000011000000000000000000000
0000000000000000000001100000000000000000000000000000000000011000000000000000000000
0000000000000000000001000000000000000000000000000000000000001100000000000000000000
0000000000000000000011000000000000000000000000000000000000001100000000000000000000
0000000000000000000010000000000000000000000000000000000000000110000000000000000000
0000000000000000000110000000000000000000000000000000000000000110000000000000000000
0000000000000000000100000000000000000000000000000000000000000011000000000000000000
0000000000000000001100000000000000000000000000000000000000000011000000000000000000
0000000000000000001000000000000000000000000000000000000000000001100000000000000000
0000000000000000011000000000000000000000000000000000000000000001100000000000000000
0000000000000000010000000000000000000000000000000000000000000000110000000000000000
0000000000000000110000000000000000000000000000000000000000000000110000000000000000
0000000000000000100000000000000000000000000000000000000000000000011000000000000000
0000000000000001100000000000000000000000000000000000000000000000011000000000000000
0000000000000001000000000000000000000000000000000000000000000000001100000000000000
0000000000000011000000000000000000000000000000000000000000000000001100000000000000
0000000000000010000000000000000000000000000000000000000000000000000110000000000000
0000000000000110000000000000000000000000000000000000000000000000000110000000000000
0000000000000110000000000000000000000000000000000000000000000000000010000000000000
0000000000000110000000000000000000000000000000000000000000000000000110000000000000
0000000000000011000000000000000000000000000000000000000000000000000100000000000000
0000000000000011000000000000000000000000000000000000000000000000001100000000000000
0000000000000001100000000000000000000000000000000000000000000000001000000000000000
0000000000000001100000000000000000000000000000000000000000000000011000000000000000
0000000000000000110000000000000000000000000000000000000000000000010000000000000000
0000000000000000110000000000000000000000000000000000000000000000110000000000000000
0000000000000000011000000000000000000000000000000000000000000000100000000000000000
0000000000000000011000000000000000000000000000000000000000000001100000000000000000
0000000000000000001100000000000000000000000000000000000000000001000000000000000000
0000000000000000001100000000000000000000000000000000000000000011000000000000000000
0000000000000000000110000000000000000000000000000000000000000010000000000000000000
0000000000000000000110000000000000000000000000000000000000000110000000000000000000
0000000000000000000011000000000000000000000000000000000000000100000000000000000000
0000000000000000000011000000000000000000000000000000000000001100000000000000000000
0000000000000000000001100000000000000000000000000000000000001000000000000000000000
0000000000000000000001100000000000000000000000000000000000011000000000000000000000
0000000000000000000000110000000000000000000000000000000000010000000000000000000000
0000000000000000000000110000000000000000000000000000000000110000000000000000000000
0000000000000000000000011000000000000000000000000000000000100000000000000000000000
0000000000000000000000011000000000000000000000000000000001100000000000000000000000
0000000000000000000000001100000000000000000000000000000001000000000000000000000000
0000000000000000000000001100000000000000000000000000000011000000000000000000000000
0000000000000000000000000110000000000000000000000000000010000000000000000000000000
0000000000000000000000000110000000000000000000000000000110000000000000000000000000
0000000000000000000000000011000000000000000000000000000100000000000000000000000000
0000000000000000000000000011111111111111111111111111111100000000000000000000000000
0000000000000000000000000001111111111111111111111111111000000000000000000000000000
0000000000000000000000000000000000000000000000000000000000000000000000000000000000
0000000000000000000000000000000000000000000000000000000000000000000000000000000000
0000000000000000000000000000000000000000000000000000000000000000000000000000000000
0000000000000000000000000000000000000000000000000000000000000000000000000000000000
0000000000000000000000000000000000000000000000000000000000000000000000000000000000
0000000000000000000000000000000000000000000000000000000000000000000000000000000000
0000000000000000000000000000000000000000000000000000000000000000000000000000000000
0000000000000000000000000000000000000000000000000000000000000000000000000000000000
0000000000000000000000000000000000000000000000000000000000000000000000000000000000
0000000000000000000000000000000000000000000000000000000000000000000000000000000000
0000000000000000000000000000000000000000000000000000000000000000000000000000000000
0000000000000000000000000000000000000000000000000000000000000000000000000000000000

== Output ==
0000000000000000000000000000000000000000000000000000000000000000000000000000000000
0000000000000000000000000000000000000000000000000000000000000000000000000000000000
0000000000000000000000000000000000000000000000000000000000000000000000000000000000
0000000000000000000000000000000000000000000000000000000000000000000000000000000000
0000000000000000000000000000000000000000000000000000000000000000000000000000000000
0000000000000000000000000000000000000000000000000000000000000000000000000000000000
0000000000000000000000000000000000000000000000000000000000000000000000000000000000
0000000000000000000000000000000000000000000000000000000000000000000000000000000000
0000000000000000000000000000000000000000000000000000000000000000000000000000000000
0000000000000000000000000000000000000000000000000000000000000000000000000000000000
0000000000000000000000000000000000000000000000000000000000000000000000000000000000
0000000000000000000000000000000000000000000000000000000000000000000000000000000000
0000000000000000000000000000000000000000000000000000000000000000000000000000000000
0000000000000000000000000000000000000000110000000000000000000000000000000000000000
0000000000000000000000000000000000000001110000000000000000000000000000000000000000
0000000000000000000000000000000000000001111000000000000000000000000000000000000000
0000000000000000000000000000000000000011011000000000000000000000000000000000000000
0000000000000000000000000000000000000011001100000000000000000000000000000000000000
0000000000000000000000000000000000000110001100000000000000000000000000000000000000
0000000000000000000000000000000000000110000110000000000000000000000000000000000000
0000000000000000000000000000000000001100000110000000000000000000000000000000000000
0000000000000000000000000000000000001100000011000000000000000000000000000000000000
0000000000000000000000000000000000011000000011000000000000000000000000000000000000
0000000000000000000000000000000000011000000001100000000000000000000000000000000000
0000000000000000000000000000000000110000000001100000000000000000000000000000000000
0000000000000000000000000000000000110000000000110000000000000000000000000000000000
0000000000000000000000000000000001100000000000110000000000000000000000000000000000
0000000000000000000000000000000001100000000000011000000000000000000000000000000000
0000000000000000000000000000000011000000000000011000000000000000000000000000000000
0000000000000000000000000000000011000000000000001100000000000000000000000000000000
0000000000000000000000000000000110000000000000001100000000000000000000000000000000
0000000000000000000000000000000110000000000000000110000000000000000000000000000000
0000000000000000000000000000001100000000000000000110000000000000000000000000000000
0000000000000000000000000000001100000000000000000011000000000000000000000000000000
0000000000000000000000000000011000000000000000000011000000000000000000000000000000
0000000000000000000000000000011000000000000000000001100000000000000000000000000000
0000000000000000000000000000110000000000000000000001100000000000000000000000000000
0000000000000000000000000000110000000000000000000000110000000000000000000000000000
0000000000000000000000000001100000000000000000000000110000000000000000000000000000
0000000000000000000000000001100000000000000000000000011000000000000000000000000000
0000000000000000000000000011000000000000000000000000011000000000000000000000000000
0000000000000000000000000011000000000000000000000000001100000000000000000000000000
0000000000000000000000000110000000000000000000000000001100000000000000000000000000
0000000000000000000000000110000000000000000000000000000110000000000000000000000000
0000000000000000000000001100000000000000000000000000000110000000000000000000000000
0000000000000000000000001100000000000000000000000000000011000000000000000000000000
0000000000000000000000011000000000000000000000000000000011000000000000000000000000
0000000000000000000000011000000000000000000000000000000001100000000000000000000000
0000000000000000000000110000000000000000000000000000000001100000000000000000000000
0000000000000000000000110000000000000000000000000000000000110000000000000000000000
0000000000000000000001100000000000000000000000000000000000110000000000000000000000
0000000000000000000001100000000000000000000000000000000000011000000000000000000000
0000000000000000000011000000000000000000000000000000000000011000000000000000000000
0000000000000000000011000000000000000000000000000000000000001100000000000000000000
0000000000000000000110000000000000000000000000000000000000001100000000000000000000
0000000000000000000110000000000000000000000000000000000000000110000000000000000000
0000000000000000001100000000000000000000000000000000000000000110000000000000000000
0000000000000000001100000000000000000000000000000000000000000011000000000000000000
0000000000000000011000000000000000000000000000000000000000000011000000000000000000
0000000000000000011000000000000000000000000000000000000000000001100000000000000000
0000000000000000110000000000000000000000000000000000000000000001100000000000000000
0000000000000000110000000000000000000000000000000000000000000000110000000000000000
0000000000000001100000000000000000000000000000000000000000000000110000000000000000
0000000000000001100000000000000000000000000000000000000000000000011000000000000000
0000000000000011000000000000000000000000000000000000000000000000011000000000000000
0000000000000011000000000000000000000000000000000000000000000000001100000000000000
0000000000000110000000000000000000000000000000000000000000000000001100000000000000
0000000000000110000000000000000000000000000000000000000000000000000110000000000000
0000000000000111111111111111111111111111111111111111111111111111111110000000000000
0000000000000000000000000000000000000000000000000000000000000000000000000000000000
0000000000000000000000000000000000000000000000000000000000000000000000000000000000
0000000000000000000000000000000000000000000000000000000000000000000000000000000000
0000000000000000000000000000000000000000000000000000000000000000000000000000000000
0000000000000000000000000000000000000000000000000000000000000000000000000000000000
0000000000000000000000000000000000000000000000000000000000000000000000000000000000
0000000000000000000000000000000000000000000000000000000000000000000000000000000000
0000000000000000000000000000000000000000000000000000000000000000000000000000000000
0000000000000000000000000000000000000000000000000000000000000000000000000000000000
0000000000000000000000000000000000000000000000000000000000000000000000000000000000
0000000000000000000000000000000000000000000000000000000000000000000000000000000000
0000000000000000000000000000000000000000000000000000000000000000000000000000000000
0000000000000000000000000000000000000000000000000000000000000000000000000000000000

0000000000000000000000000000000000000000000000000000000000000000000000000000000000
0000000000000000000000000000000000000000000000000000000000000000000000000000000000
0000000000000000000000000000000000000000000000000000000000000000000000000000000000
0000000000000000000000000000000000000000000000000000000000000000000000000000000000
0000000000000000000000000000000000000000000000000000000000000000000000000000000000
0000000000000000000000000000000000000000000000000000000000000000000000000000000000
0000000000000000000000000000000000000000000000000000000000000000000000000000000000
0000000000000000000000000000000000000000000000000000000000000000000000000000000000
0000000000000000000000000000000000000000000000000000000000000000000000000000000000
0000000000000000000000000000000000000000000000000000000000000000000000000000000000
0000000000000000000000000000000000000000000000000000000000000000000000000000000000
0000000000000000000000000000000000000000000000000000000000000000000000000000000000
0000000000000000000000000000000000000000000000000000000000000000000000000000000000
0000000000000111111111111111111111111111111111111111111111111111111110000000000000
0000000000000100000000000000000000000000000000000000000000000000000110000000000000
0000000000000100000000000000000000000000000000000000000000000000000010000000000000
0000000000000100000000000000000000000000000000000000000000000000000010000000000000
0000000000000100000000000000000000000000000000000000000000000000000010000000000000
0000000000000100000000000000000000000000000000000000000000000000000010000000000000
0000000000000100000000000000000000000000000000000000000000000000000010000000000000
0000000000000100000000000000000000000000000000000000000000000000000010000000000000
0000000000000100000000000000000000000000000000000000000000000000000010000000000000
0000000000000100000000000000000000000000000000000000000000000000000010000000000000
0000000000000100000000000000000000000000000000000000000000000000000010000000000000
0000000000000100000000000000000000000000000000000000000000000000000010000000000000
0000000000000100000000000000000000000000000000000000000000000000000010000000000000
0000000000000100000000000000000000000000000000000000000000000000000010000000000000
0000000000000100000000000000000000000000000000000000000000000000000010000000000000
0000000000000100000000000000000000000000000000000000000000000000000010000000000000
0000000000000100000000000000000000000000000000000000000000000000000010000000000000
0000000000000100000000000000000000000000000000000000000000000000000010000000000000
0000000000000100000000000000000000000000000000000000000000000000000010000000000000
0000000000000100000000000000000000000000000000000000000000000000000010000000000000
0000000000000100000000000000000000000000000000000000000000000000000010000000000000
0000000000000100000000000000000000000000000000000000000000000000000010000000000000
0000000000000100000000000000000000000000000000000000000000000000000010000000000000
0000000000000100000000000000000000000000000000000000000000000000000010000000000000
0000000000000100000000000000000000000000000000000000000000000000000010000000000000
0000000000000100000000000000000000000000000000000000000000000000000010000000000000
0000000000000100000000000000000000000000000000000000000000000000000010000000000000
0000000000000100000000000000000000000000000000000000000000000000000010000000000000
0000000000000100000000000000000000000000000000000000000000000000000010000000000000
0000000000000100000000000000000000000000000000000000000000000000000010000000000000
0000000000000100000000000000000000000000000000000000000000000000000010000000000000
0000000000000100000000000000000000000000000000000000000000000000000010000000000000
0000000000000100000000000000000000000000000000000000000000000000000010000000000000
0000000000000100000000000000000000000000000000000000000000000000000010000000000000
0000000000000100000000000000000000000000000000000000000000000000000010000000000000
0000000000000100000000000000000000000000000000000000000000000000000010000000000000
0000000000000100000000000000000000000000000000000000000000000000000010000000000000
0000000000000100000000000000000000000000000000000000000000000000000010000000000000
0000000000000100000000000000000000000000000000000000000000000000000010000000000000
0000000000000100000000000000000000000000000000000000000000000000000010000000000000
0000000000000100000000000000000000000000000000000000000000000000000010000000000000
0000000000000100000000000000000000000000000000000000000000000000000010000000000000
0000000000000100000000000000000000000000000000000000000000000000000010000000000000
0000000000000100000000000000000000000000000000000000000000000000000010000000000000
0000000000000100000000000000000000000000000000000000000000000000000010000000000000
0000000000000100000000000000000000000000000000000000000000000000000010000000000000
0000000000000100000000000000000000000000000000000000000000000000000010000000000000
0000000000000100000000000000000000000000000000000000000000000000000010000000000000
0000000000000100000000000000000000000000000000000000000000000000000010000000000000
0000000000000100000000000000000000000000000000000000000000000000000010000000000000
0000000000000100000000000000000000000000000000000000000000000000000010000000000000
0000000000000100000000000000000000000000000000000000000000000000000010000000000000
0000000000000100000000000000000000000000000000000000000000000000000010000000000000
0000000000000100000000000000000000000000000000000000000000000000000010000000000000
0000000000000100000000000000000000000000000000000000000000000000000110000000000000
0000000000000111111111111111111111111111111111111111111111111111111110000000000000
0000000000000000000000000000000000000000000000000000000000000000000000000000000000
0000000000000000000000000000000000000000000000000000000000000000000000000000000000
0000000000000000000000000000000000000000000000000000000000000000000000000000000000
0000000000000000000000000000000000000000000000000000000000000000000000000000000000
0000000000000000000000000000000000000000000000000000000000000000000000000000000000
0000000000000000000000000000000000000000000000000000000000000000000000000000000000
0000000000000000000000000000000000000000000000000000000000000000000000000000000000
0000000000000000000000000000000000000000000000000000000000000000000000000000000000
0000000000000000000000000000000000000000000000000000000000000000000000000000000000
0000000000000000000000000000000000000000000000000000000000000000000000000000000000
0000000000000000000000000000000000000000000000000000000000000000000000000000000000
0000000000000000000000000000000000000000000000000000000000000000000000000000000000
0000000000000000000000000000000000000000000000000000000000000000000000000000000000

0000000000000000000000000000000000000000000000000000000000000000000000000000000000
0000000000000000000000000000000000000000000000000000000000000000000000000000000000
0000000000000000000000000000000000000000000000000000000000000000000000000000000000
0000000000000000000000000000000000000000000000000000000000000000000000000000000000
0000000000000000000000000000000000000000000000000000000000000000000000000000000000
0000000000000000000000000000000000000000000000000000000000000000000000000000000000
0000000000000000000000000000000000000000000000000000000000000000000000000000000000
0000000000000000000000000000000000000000000000000000000000000000000000000000000000
0000000000000000000000000000000000000000000000000000000000000000000000000000000000
0000000000000000000000000000000000000000000000000000000000000000000000000000000000
0000000000000000000000000000000000000000000000000000000000000000000000000000000000
0000000000000000000000000000000000000000000000000000000000000000000000000000000000
0000000000000000000000000000000000000000000000000000000000000000000000000000000000
0000000000000000000000000000000000000000110000000000000000000000000000000000000000
0000000000000000000000000000000000000011111000000000000000000000000000000000000000
0000000000000000000000000000000000000111001110000000000000000000000000000000000000
0000000000000000000000000000000000001100000111000000000000000000000000000000000000
0000000000000000000000000000000000111000000001100000000000000000000000000000000000
0000000000000000000000000000000001110000000000111000000000000000000000000000000000
0000000000000000000000000000000011000000000000011100000000000000000000000000000000
0000000000000000000000000000000110000000000000000110000000000000000000000000000000
0000000000000000000000000000011100000000000000000011100000000000000000000000000000
0000000000000000000000000000111000000000000000000001110000000000000000000000000000
0000000000000000000000000001100000000000000000000000011000000000000000000000000000
0000000000000000000000000111000000000000000000000000001110000000000000000000000000
0000000000000000000000001110000000000000000000000000000111000000000000000000000000
0000000000000000000000011000000000000000000000000000000001100000000000000000000000
0000000000000000000001110000000000000000000000000000000000110000000000000000000000
0000000000000000000011100000000000000000000000000000000000011100000000000000000000
0000000000000000000110000000000000000000000000000000000000000110000000000000000000
0000000000000000011100000000000000000000000000000000000000000011000000000000000000
0000000000000000111000000000000000000000000000000000000000000001110000000000000000
0000000000000001100000000000000000000000000000000000000000000000111000000000000000
0000000000000011000000000000000000000000000000000000000000000000001100000000000000
0000000000000110000000000000000000000000000000000000000000000000000110000000000000
0000000000000110000000000000000000000000000000000000000000000000000110000000000000
0000000000000110000000000000000000000000000000000000000000000000000110000000000000
0000000000000010000000000000000000000000000000000000000000000000000100000000000000
0000000000000011000000000000000000000000000000000000000000000000001100000000000000
0000000000000011000000000000000000000000000000000000000000000000001100000000000000
0000000000000011000000000000000000000000000000000000000000000000001000000000000000
0000000000000001000000000000000000000000000000000000000000000000011000000000000000
0000000000000001100000000000000000000000000000000000000000000000011000000000000000
0000000000000001100000000000000000000000000000000000000000000000011000000000000000
0000000000000000100000000000000000000000000000000000000000000000010000000000000000
0000000000000000110000000000000000000000000000000000000000000000110000000000000000
0000000000000000110000000000000000000000000000000000000000000000110000000000000000
0000000000000000010000000000000000000000000000000000000000000000100000000000000000
0000000000000000011000000000000000000000000000000000000000000001100000000000000000
0000000000000000011000000000000000000000000000000000000000000001100000000000000000
0000000000000000001000000000000000000000000000000000000000000001000000000000000000
0000000000000000001100000000000000000000000000000000000000000011000000000000000000
0000000000000000001100000000000000000000000000000000000000000011000000000000000000
0000000000000000001100000000000000000000000000000000000000000010000000000000000000
0000000000000000000100000000000000000000000000000000000000000110000000000000000000
0000000000000000000110000000000000000000000000000000000000000110000000000000000000
0000000000000000000110000000000000000000000000000000000000000100000000000000000000
0000000000000000000010000000000000000000000000000000000000001100000000000000000000
0000000000000000000011000000000000000000000000000000000000001100000000000000000000
0000000000000000000011000000000000000000000000000000000000001100000000000000000000
0000000000000000000001000000000000000000000000000000000000001000000000000000000000
0000000000000000000001100000000000000000000000000000000000011000000000000000000000
0000000000000000000001100000000000000000000000000000000000011000000000000000000000
0000000000000000000000100000000000000000000000000000000000010000000000000000000000
0000000000000000000000110000000000000000000000000000000000110000000000000000000000
0000000000000000000000110000000000000000000000000000000000110000000000000000000000
0000000000000000000000110000000000000000000000000000000000100000000000000000000000
0000000000000000000000011000000000000000000000000000000001100000000000000000000000
0000000000000000000000011111111111111111111111111111111111100000000000000000000000
0000000000000000000000000000000000000000000000000000000000000000000000000000000000
0000000000000000000000000000000000000000000000000000000000000000000000000000000000
0000000000000000000000000000000000000000000000000000000000000000000000000000000000
0000000000000000000000000000000000000000000000000000000000000000000000000000000000
0000000000000000000000000000000000000000000000000000000000000000000000000000000000
0000000000000000000000000000000000000000000000000000000000000000000000000000000000
0000000000000000000000000000000000000000000000000000000000000000000000000000000000
0000000000000000000000000000000000000000000000000000000000000000000000000000000000
0000000000000000000000000000000000000000000000000000000000000000000000000000000000
0000000000000000000000000000000000000000000000000000000000000000000000000000000000
0000000000000000000000000000000000000000000000000000000000000000000000000000000000
0000000000000000000000000000000000000000000000000000000000000000000000000000000000
0000000000000000000000000000000000000000000000000000000000000000000000000000000000

0000000000000000000000000000000000000000000000000000000000000000000000000000000000
0000000000000000000000000000000000000000000000000000000000000000000000000000000000
0000000000000000000000000000000000000000000000000000000000000000000000000000000000
0000000000000000000000000000000000000000000000000000000000000000000000000000000000
0000000000000000000000000000000000000000000000000000000000000000000000000000000000
0000000000000000000000000000000000000000000000000000000000000000000000000000000000
0000000000000000000000000000000000000000000000000000000000000000000000000000000000
0000000000000000000000000000000000000000000000000000000000000000000000000000000000
0000000000000000000000000000000000000000000000000000000000000000000000000000000000
0000000000000000000000000000000000000000000000000000000000000000000000000000000000
0000000000000000000000000000000000000000000000000000000000000000000000000000000000
0000000000000000000000000000000000000000000000000000000000000000000000000000000000
0000000000000000000000000000000000000000000000000000000000000000000000000000000000
0000000000000000000000000011111111111111111111111111111100000000000000000000000000
0000000000000000000000000011000000000000000000000000001100000000000000000000000000
0000000000000000000000000110000000000000000000000000000110000000000000000000000000
0000000000000000000000000110000000000000000000000000000110000000000000000000000000
0000000000000000000000001100000000000000000000000000000011000000000000000000000000
0000000000000000000000001100000000000000000000000000000011000000000000000000000000
0000000000000000000000011000000000000000000000000000000001100000000000000000000000
0000000000000000000000011000000000000000000000000000000001100000000000000000000000
0000000000000000000000110000000000000000000000000000000000110000000000000000000000
0000000000000000000000110000000000000000000000000000000000110000000000000000000000
0000000000000000000001100000000000000000000000000000000000011000000000000000000000
0000000000000000000001100000000000000000000000000000000000011000000000000000000000
0000000000000000000011000000000000000000000000000000000000001100000000000000000000
0000000000000000000011000000000000000000000000000000000000001100000000000000000000
0000000000000000000110000000000000000000000000000000000000000110000000000000000000
0000000000000000000110000000000000000000000000000000000000000110000000000000000000
0000000000000000001100000000000000000000000000000000000000000011000000000000000000
0000000000000000001100000000000000000000000000000000000000000011000000000000000000
0000000000000000011000000000000000000000000000000000000000000001100000000000000000
0000000000000000011000000000000000000000000000000000000000000001100000000000000000
0000000000000000110000000000000000000000000000000000000000000000110000000000000000
0000000000000000110000000000000000000000000000000000000000000000110000000000000000
0000000000000001100000000000000000000000000000000000000000000000011000000000000000
0000000000000001100000000000000000000000000000000000000000000000011000000000000000
0000000000000011000000000000000000000000000000000000000000000000001100000000000000
0000000000000011000000000000000000000000000000000000000000000000001100000000000000
0000000000000110000000000000000000000000000000000000000000000000000110000000000000
0000000000000110000000000000000000000000000000000000000000000000000110000000000000
0000000000000110000000000000000000000000000000000000000000000000000110000000000000
0000000000000110000000000000000000000000000000000000000000000000000110000000000000
0000000000000011000000000000000000000000000000000000000000000000001100000000000000
0000000000000011000000000000000000000000000000000000000000000000001100000000000000
0000000000000001100000000000000000000000000000000000000000000000011000000000000000
0000000000000001100000000000000000000000000000000000000000000000011000000000000000
0000000000000000110000000000000000000000000000000000000000000000110000000000000000
0000000000000000110000000000000000000000000000000000000000000000110000000000000000
0000000000000000011000000000000000000000000000000000000000000001100000000000000000
0000000000000000011000000000000000000000000000000000000000000001100000000000000000
0000000000000000001100000000000000000000000000000000000000000011000000000000000000
0000000000000000001100000000000000000000000000000000000000000011000000000000000000
0000000000000000000110000000000000000000000000000000000000000110000000000000000000
0000000000000000000110000000000000000000000000000000000000000110000000000000000000
0000000000000000000011000000000000000000000000000000000000001100000000000000000000
0000000000000000000011000000000000000000000000000000000000001100000000000000000000
0000000000000000000001100000000000000000000000000000000000011000000000000000000000
0000000000000000000001100000000000000000000000000000000000011000000000000000000000
0000000000000000000000110000000000000000000000000000000000110000000000000000000000
0000000000000000000000110000000000000000000000000000000000110000000000000000000000
0000000000000000000000011000000000000000000000000000000001100000000000000000000000
0000000000000000000000011000000000000000000000000000000001100000000000000000000000
0000000000000000000000001100000000000000000000000000000011000000000000000000000000
0000000000000000000000001100000000000000000000000000000011000000000000000000000000
0000000000000000000000000110000000000000000000000000000110000000000000000000000000
0000000000000000000000000110000000000000000000000000000110000000000000000000000000
0000000000000000000000000011000000000000000000000000001100000000000000000000000000
0000000000000000000000000011111111111111111111111111111100000000000000000000000000
0000000000000000000000000000000000000000000000000000000000000000000000000000000000
0000000000000000000000000000000000000000000000000000000000000000000000000000000000
0000000000000000000000000000000000000000000000000000000000000000000000000000000000
0000000000000000000000000000000000000000000000000000000000000000000000000000000000
0000000000000000000000000000000000000000000000000000000000000000000000000000000000
0000000000000000000000000000000000000000000000000000000000000000000000000000000000
0000000000000000000000000000000000000000000000000000000000000000000000000000000000
0000000000000000000000000000000000000000000000000000000000000000000000000000000000
0000000000000000000000000000000000000000000000000000000000000000000000000000000000
0000000000000000000000000000000000000000000000000000000000000000000000000000000000
0000000000000000000000000000000000000000000000000000000000000000000000000000000000
0000000000000000000000000000000000000000000000000000000000000000000000000000000000
0000000000000000000000000000000000000000000000000000000000000000000000000000000000

0000000000000000000000000000000000000000000000000000000000000000000000000000000000
0000000000000000000000000000000000000000000000000000000000000000000000000000000000
0000000000000000000000000000000000000000000000000000000000000000000000000000000000
0000000000000000000000000000000000000000000000000000000000000000000000000000000000
0000000000000000000000000000000000000000000000000000000000000000000000000000000000
0000000000000000000000000000000000000000000000000000000000000000000000000000000000
0000000000000000000000000000000000000000000000000000000000000000000000000000000000
0000000000000000000000000000000000000000000000000000000000000000000000000000000000
0000000000000000000000000000000000000000000000000000000000000000000000000000000000
0000000000000000000000000000000000000000000000000000000000000000000000000000000000
0000000000000000000000000000000000000000000000000000000000000000000000000000000000
0000000000000000000000000000000000000000000000000000000000000000000000000000000000
0000000000000000000000000000000000000000000000000000000000000000000000000000000000
0000000000000000000000000000000000000001111000000000000000000000000000000000000000
0000000000000000000000000000000000000111111110000000000000000000000000000000000000
0000000000000000000000000000000000011110000111100000000000000000000000000000000000
0000000000000000000000000000000001111000000001111000000000000000000000000000000000
0000000000000000000000000000000111100000000000011110000000000000000000000000000000
0000000000000000000000000000011110000000000000000111100000000000000000000000000000
0000000000000000000000000001111000000000000000000001111000000000000000000000000000
0000000000000000000000000111100000000000000000000000011110000000000000000000000000
0000000000000000000000011110000000000000000000000000000111100000000000000000000000
0000000000000000000001111000000000000000000000000000000001111000000000000000000000
0000000000000000000111100000000000000000000000000000000000011110000000000000000000
0000000000000000001110000000000000000000000000000000000000000111000000000000000000
0000000000000000001100000000000000000000000000000000000000000001000000000000000000
0000000000000000001000000000000000000000000000000000000000000001000000000000000000
0000000000000000001000000000000000000000000000000000000000000001100000000000000000
0000000000000000011000000000000000000000000000000000000000000001100000000000000000
0000000000000000011000000000000000000000000000000000000000000001100000000000000000
0000000000000000011000000000000000000000000000000000000000000000100000000000000000
0000000000000000010000000000000000000000000000000000000000000000110000000000000000
0000000000000000110000000000000000000000000000000000000000000000110000000000000000
0000000000000000110000000000000000000000000000000000000000000000110000000000000000
0000000000000000110000000000000000000000000000000000000000000000010000000000000000
0000000000000000100000000000000000000000000000000000000000000000010000000000000000
0000000000000000100000000000000000000000000000000000000000000000011000000000000000
0000000000000001100000000000000000000000000000000000000000000000011000000000000000
0000000000000001100000000000000000000000000000000000000000000000011000000000000000
0000000000000001100000000000000000000000000000000000000000000000001000000000000000
0000000000000001000000000000000000000000000000000000000000000000001100000000000000
0000000000000011000000000000000000000000000000000000000000000000001100000000000000
0000000000000011000000000000000000000000000000000000000000000000001100000000000000
0000000000000011000000000000000000000000000000000000000000000000000100000000000000
0000000000000010000000000000000000000000000000000000000000000000000100000000000000
0000000000000010000000000000000000000000000000000000000000000000000110000000000000
0000000000000110000000000000000000000000000000000000000000000000000110000000000000
0000000000000110000000000000000000000000000000000000000000000000000110000000000000
0000000000000110000000000000000000000000000000000000000000000000000010000000000000
0000000000000110000000000000000000000000000000000000000000000000000110000000000000
0000000000000011000000000000000000000000000000000000000000000000001100000000000000
0000000000000001100000000000000000000000000000000000000000000000001100000000000000
0000000000000001100000000000000000000000000000000000000000000000011000000000000000
0000000000000000110000000000000000000000000000000000000000000000110000000000000000
0000000000000000011000000000000000000000000000000000000000000001100000000000000000
0000000000000000001100000000000000000000000000000000000000000011000000000000000000
0000000000000000000110000000000000000000000000000000000000000011000000000000000000
0000000000000000000110000000000000000000000000000000000000000110000000000000000000
0000000000000000000011000000000000000000000000000000000000001100000000000000000000
0000000000000000000001100000000000000000000000000000000000011000000000000000000000
0000000000000000000000110000000000000000000000000000000000011000000000000000000000
0000000000000000000000110000000000000000000000000000000000110000000000000000000000
0000000000000000000000011000000000000000000000000000000001100000000000000000000000
0000000000000000000000001100000000000000000000000000000011000000000000000000000000
0000000000000000000000000110000000000000000000000000000110000000000000000000000000
0000000000000000000000000011000000000000000000000000000110000000000000000000000000
0000000000000000000000000011000000000000000000000000001100000000000000000000000000
0000000000000000000000000001100000000000000000000000011000000000000000000000000000
0000000000000000000000000000111111111111111111111111110000000000000000000000000000
0000000000000000000000000000000000000000000000000000000000000000000000000000000000
0000000000000000000000000000000000000000000000000000000000000000000000000000000000
0000000000000000000000000000000000000000000000000000000000000000000000000000000000
0000000000000000000000000000000000000000000000000000000000000000000000000000000000
0000000000000000000000000000000000000000000000000000000000000000000000000000000000
0000000000000000000000000000000000000000000000000000000000000000000000000000000000
0000000000000000000000000000000000000000000000000000000000000000000000000000000000
0000000000000000000000000000000000000000000000000000000000000000000000000000000000
0000000000000000000000000000000000000000000000000000000000000000000000000000000000
0000000000000000000000000000000000000000000000000000000000000000000000000000000000
0000000000000000000000000000000000000000000000000000000000000000000000000000000000
0000000000000000000000000000000000000000000000000000000000000000000000000000000000
0000000000000000000000000000000000000000000000000000000000000000000000000000000000

0000000000000000000000000000000000000000000000000000000000000000000000000000000000
0000000000000000000000000000000000000000000000000000000000000000000000000000000000
0000000000000000000000000000000000000000000000000000000000000000000000000000000000
0000000000000000000000000000000000000000000000000000000000000000000000000000000000
0000000000000000000000000000000000000000000000000000000000000000000000000000000000
0000000000000000000000000000000000000000000000000000000000000000000000000000000000
0000000000000000000000000000000000000000000000000000000000000000000000000000000000
0000000000000000000000000000000000000000000000000000000000000000000000000000000000
0000000000000000000000000000000000000000000000000000000000000000000000000000000000
0000000000000000000000000000000000000000000000000000000000000000000000000000000000
0000000000000000000000000000000000000000000000000000000000000000000000000000000000
0000000000000000000000000000000000000000000000000000000000000000000000000000000000
0000000000000000000000000000000000000000000000000000000000000000000000000000000000
0000000000000000000000000000011111111111111111111111110000000000000000000000000000
0000000000000000000000000000110000000000000000000000111000000000000000000000000000
0000000000000000000000000001100000000000000000000000011100000000000000000000000000
0000000000000000000000000011000000000000000000000000001110000000000000000000000000
0000000000000000000000000110000000000000000000000000000111000000000000000000000000
0000000000000000000000001100000000000000000000000000000011100000000000000000000000
0000000000000000000000011000000000000000000000000000000001110000000000000000000000
0000000000000000000000110000000000000000000000000000000000111000000000000000000000
0000000000000000000001100000000000000000000000000000000000011100000000000000000000
0000000000000000000011000000000000000000000000000000000000001110000000000000000000
0000000000000000000110000000000000000000000000000000000000000111000000000000000000
0000000000000000001100000000000000000000000000000000000000000011100000000000000000
0000000000000000011000000000000000000000000000000000000000000001110000000000000000
0000000000000000110000000000000000000000000000000000000000000000111000000000000000
0000000000000001100000000000000000000000000000000000000000000000011100000000000000
0000000000000011000000000000000000000000000000000000000000000000001110000000000000
0000000000000110000000000000000000000000000000000000000000000000000110000000000000
0000000000000100000000000000000000000000000000000000000000000000000010000000000000
0000000000000100000000000000000000000000000000000000000000000000000010000000000000
0000000000000100000000000000000000000000000000000000000000000000000010000000000000
0000000000000100000000000000000000000000000000000000000000000000000010000000000000
0000000000000100000000000000000000000000000000000000000000000000000010000000000000
0000000000000100000000000000000000000000000000000000000000000000000010000000000000
0000000000000100000000000000000000000000000000000000000000000000000010000000000000
0000000000000100000000000000000000000000000000000000000000000000000010000000000000
0000000000000100000000000000000000000000000000000000000000000000000010000000000000
0000000000000100000000000000000000000000000000000000000000000000000010000000000000
0000000000000100000000000000000000000000000000000000000000000000000010000000000000
0000000000000100000000000000000000000000000000000000000000000000000010000000000000
0000000000000100000000000000000000000000000000000000000000000000000010000000000000
0000000000000100000000000000000000000000000000000000000000000000000010000000000000
0000000000000100000000000000000000000000000000000000000000000000000010000000000000
0000000000000100000000000000000000000000000000000000000000000000000010000000000000
0000000000000100000000000000000000000000000000000000000000000000000010000000000000
0000000000000100000000000000000000000000000000000000000000000000000010000000000000
0000000000000100000000000000000000000000000000000000000000000000000010000000000000
0000000000000100000000000000000000000000000000000000000000000000000010000000000000
0000000000000100000000000000000000000000000000000000000000000000000010000000000000
0000000000000100000000000000000000000000000000000000000000000000000010000000000000
0000000000000110000000000000000000000000000000000000000000000000000110000000000000
0000000000000011000000000000000000000000000000000000000000000000001110000000000000
0000000000000001100000000000000000000000000000000000000000000000011100000000000000
0000000000000000110000000000000000000000000000000000000000000000111000000000000000
0000000000000000011000000000000000000000000000000000000000000001110000000000000000
0000000000000000001100000000000000000000000000000000000000000011100000000000000000
0000000000000000000110000000000000000000000000000000000000000111000000000000000000
0000000000000000000011000000000000000000000000000000000000001110000000000000000000
0000000000000000000001100000000000000000000000000000000000011100000000000000000000
0000000000000000000000110000000000000000000000000000000000111000000000000000000000
0000000000000000000000011000000000000000000000000000000001110000000000000000000000
0000000000000000000000001100000000000000000000000000000011100000000000000000000000
0000000000000000000000000110000000000000000000000000000111000000000000000000000000
0000000000000000000000000011000000000000000000000000001110000000000000000000000000
0000000000000000000000000001100000000000000000000000011100000000000000000000000000
0000000000000000000000000000110000000000000000000000111000000000000000000000000000
0000000000000000000000000000011111111111111111111111110000000000000000000000000000
0000000000000000000000000000000000000000000000000000000000000000000000000000000000
0000000000000000000000000000000000000000000000000000000000000000000000000000000000
0000000000000000000000000000000000000000000000000000000000000000000000000000000000
0000000000000000000000000000000000000000000000000000000000000000000000000000000000
0000000000000000000000000000000000000000000000000000000000000000000000000000000000
0000000000000000000000000000000000000000000000000000000000000000000000000000000000
0000000000000000000000000000000000000000000000000000000000000000000000000000000000
0000000000000000000000000000000000000000000000000000000000000000000000000000000000
0000000000000000000000000000000000000000000000000000000000000000000000000000000000
0000000000000000000000000000000000000000000000000000000000000000000000000000000000
0000000000000000000000000000000000000000000000000000000000000000000000000000000000
0000000000000000000000000000000000000000000000000000000000000000000000000000000000
0000000000000000000000000000000000000000000000000000000000000000000000000000000000

