== Attributes ==
title=2x1 Classmates' Problem 01
type= 2x1
result=2
window_size=(82, 82)

== Input ==
0000000000000000000000000000000000000000000000000000000000000000000000000000000000
0000000000000000000000000000000000000000000000000000000000000000000000000000000000
0000000000000000000000000000000000000000000000000000000000000000000000000000000000
0000000000000000000000000000000000000000000000000000000000000000000000000000000000
0000000000000000000000000000000000000000000000000000000000000000000000000000000000
0000000000000000000000000000000000000000000000000000000000000000000000000000000000
0000000000000000000000000000000000000000000000000000000000000000000000000000000000
0000000000000000000000000000000000000000000000000000000000000000000000000000000000
0000000000000000000000000000000000000000000000000000000000000000000000000000000000
0000000000000000000000000000000000000000000000000000000000000000000000000000000000
0000000000000000000000000000000000000000000000000000000000000000000000000000000000
0000000000000000000000000000000000000000000000000000000000000000000000000000000000
0000000000000000000000000000000000000000000000000000000000000000000000000000000000
0000000000000000000000000000000000000000000000000000000000000000000000000000000000
0000000000000000000000000000000000000000000000000000000000000000000000000000000000
0000000000000000000000000000000000000000000000000000000000000000000000000000000000
0000000000000000000000000000000000000000000000000000000000000000000000000000000000
0000000000000000000000000000000000000000000000000000000000000000000000000000000000
0000000000000000000000000000000000000000000000000000000000000000000000000000000000
0000000000000000000000000000000000000000000000000000000000000000000000000000000000
0000000000000000000000000000000000000000000000000000000000000000000000000000000000
0000000000000000000000000000000000000000000000000000000000000000000000000000000000
0000000000000000000000000000000000000000000000000000000000000000000000000000000000
0000000000000000000000000000000000000000000000000000000000000000000000000000000000
0000000000000000011111111000000000000000000111111111111111111111111111111111100000
0000000000000011111111111111000000000000001111111111111111111111111111111111100000
0000000000001111000000000011110000000000001100000000000000000000000000000001100000
0000000000011100000000000000111000000000001100000000000000000000000000000001100000
0000000001110000000011000000001110000000001100000000000000000000000000000001100000
0000000011100000000011000000000111000000001100000000000000000000000000000001100000
0000000111000000000111100000000011000000001100000000000000000000000000000001100000
0000000110000000000100100000000001100000001100000000000000000000000000000001100000
0000001100000000001100110000000000110000001100000000000000000000000000000001100000
0000001000000000001000110000000000010000001100000000000000000000000000000001100000
0000011000000000011000011000000000011000001100000000000000000000000000000001100000
0000010000000000010000011000000000001000001100000000000000000000000000000001100000
0000110000000000110000001100000000001100001100000000000000000000000000000001100000
0000110000000000100000001100000000001100001100000000000000000000000000000001100000
0000100000000001100000000110000000001100001100000000000000000000000000000001100000
0000100000000001000000000010000000000100001100000000000000000000000000000001100000
0000100000000011000000000011000000000100001100000000000000000000000000000001100000
0000100000000010000000000001000000000100001100000000000000000000000000000001100000
0000100000000110000000000001100000000100001100000000000000000000000000000001100000
0000100000000100000000000000100000000100001100000000000000000000000000000001100000
0000110000001100000000000000110000001100001100000000000000000000000000000001100000
0000110000001000000000000000010000001100001100000000000000000000000000000001100000
0000110000011000000000000000011000001100001100000000000000000000000000000001100000
0000010000010000000000000000011000011000001100000000000000000000000000000001100000
0000011000110000000000000000001100011000001100000000000000000000000000000001100000
0000001100110000000000000000001100110000001100000000000000000000000000000001100000
0000001101111111111111111111111110110000001100000000000000000000000000000001100000
0000000110000000000000000000000001100000001100000000000000000000000000000001100000
0000000011000000000000000000000011000000001100000000000000000000000000000001100000
0000000001100000000000000000000110000000001100000000000000000000000000000001100000
0000000000110000000000000000001100000000001100000000000000000000000000000001100000
0000000000011100000000000000111000000000001100000000000000000000000000000001100000
0000000000000111100000000111100000000000001100000000000000000000000000000001100000
0000000000000001111111111110000000000000001111111111111111111111111111111111100000
0000000000000000000111100000000000000000000111111111111111111111111111111111000000
0000000000000000000000000000000000000000000000000000000000000000000000000000000000
0000000000000000000000000000000000000000000000000000000000000000000000000000000000
0000000000000000000000000000000000000000000000000000000000000000000000000000000000
0000000000000000000000000000000000000000000000000000000000000000000000000000000000
0000000000000000000000000000000000000000000000000000000000000000000000000000000000
0000000000000000000000000000000000000000000000000000000000000000000000000000000000
0000000000000000000000000000000000000000000000000000000000000000000000000000000000
0000000000000000000000000000000000000000000000000000000000000000000000000000000000
0000000000000000000000000000000000000000000000000000000000000000000000000000000000
0000000000000000000000000000000000000000000000000000000000000000000000000000000000
0000000000000000000000000000000000000000000000000000000000000000000000000000000000
0000000000000000000000000000000000000000000000000000000000000000000000000000000000
0000000000000000000000000000000000000000000000000000000000000000000000000000000000
0000000000000000000000000000000000000000000000000000000000000000000000000000000000
0000000000000000000000000000000000000000000000000000000000000000000000000000000000
0000000000000000000000000000000000000000000000000000000000000000000000000000000000
0000000000000000000000000000000000000000000000000000000000000000000000000000000000
0000000000000000000000000000000000000000000000000000000000000000000000000000000000
0000000000000000000000000000000000000000000000000000000000000000000000000000000000
0000000000000000000000000000000000000000000000000000000000000000000000000000000000
0000000000000000000000000000000000000000000000000000000000000000000000000000000000
0000000000000000000000000000000000000000000000000000000000000000000000000000000000
0000000000000000000000000000000000000000000000000000000000000000000000000000000000

0000000000000000000000000000000000000000000000000000000000000000000000000000000000
0000000000000000000000000000000000000000000000000000000000000000000000000000000000
0000000000000000000000000000000000000000000000000000000000000000000000000000000000
0000000000000000000000000000000000000000000000000000000000000000000000000000000000
0000000000000000000000000000000000000000000000000000000000000000000000000000000000
0000000000000000000000000000000000000000000000000000000000000000000000000000000000
0000000000000000000000000000000000000000000000000000000000000000000000000000000000
0000000000000000000000000000000000000000000000000000000000000000000000000000000000
0000000000000000000000000000000000000000000000000000000000000000000000000000000000
0000000000000000000000000000000000000000000000000000000000000000000000000000000000
0000000000000000000000000000000000000000000000000000000000000000000000000000000000
0000000000000000000000000000000000000000000000000000000000000000000000000000000000
0000000000000000000000000000000000000000000000000000000000000000000000000000000000
0000000000000000000000000000000000000000000000000000000000000000000000000000000000
0000000000000000000000000000000000000000000000000000000000000000000000000000000000
0000000000000000000000000000000000000000000000000000000000000000000000000000000000
0000000000000000000000000000000000000000000000000000000000000000000000000000000000
0000000000000000000000000000000000000000000000000000000000000000000000000000000000
0000000000000000000000000000000000000000000000000000000000000000000000000000000000
0000000000000000000000000000000000000000000000000000000000000000000000000000000000
0000000000000000000000000000000000000000000000000000000000000000000000000000000000
0000000000000000000000000000000000000000000000000000000000000000000000000000000000
0000000000000000000000000000000000000000000000000000000000000000000000000000000000
0000000000000000000000000000000000000000000000000000000000000000000000000000000000
0000000000000000001111111100000000000000000111111111111111111111111111111111100000
0000000000000001111111111111100000000000000111111111111111111111111111111111110000
0000000000000111100000000001111000000000000110000000000000000000000000000000110000
0000000000001110000000000000011100000000000110000000000000000000000000000000110000
0000000000111000000000000000000110000000000110000000000000000000000000000000110000
0000000001110000000000000000000011000000000110000000000000000000000000000000110000
0000000001100000000000000000000001100000000110000000000000001100000000000000110000
0000000011000000000000000000000000110000000110000000000000001110000000000000110000
0000000110000000000000000000000000011000000110000000000000011110000000000000110000
0000000100000000000000000000000000011000000110000000000000011011000000000000110000
0000001100000000000000000000000000001100000110000000000000110001000000000000110000
0000001000000000000000000000000000001100000110000000000000110001100000000000110000
0000011000000000000000000000000000000100000110000000000001100000100000000000110000
0000011000000000000000000000000000000110000110000000000001100000110000000000110000
0000011000000000000000000000000000000110000110000000000011000000010000000000110000
0000010000000000000000000000000000000110000110000000000011000000011000000000110000
0000010000000000000000000000000000000010000110000000000110000000001000000000110000
0000010000000000000000000000000000000010000110000000000110000000001100000000110000
0000010000000000000000000000000000000010000110000000001100000000000100000000110000
0000010000000000000000000000000000000110000110000000001100000000000110000000110000
0000011000000000000000000000000000000110000110000000011000000000000010000000110000
0000011000000000000000000000000000000110000110000000011000000000000011000000110000
0000011000000000000000000000000000000100000110000000110000000000000001000000110000
0000001100000000000000000000000000001100000110000000110000000000000001100000110000
0000001100000000000000000000000000001100000110000001100000000000000000100000110000
0000000110000000000000000000000000011000000110000001100000000000000000110000110000
0000000110000000000000000000000000011000000110000011000000000000000000010000110000
0000000011000000000000000000000000110000000110000011111111111111111111111000110000
0000000001100000000000000000000001100000000110000011111111111111111111111000110000
0000000000110000000000000000000011000000000110000000000000000000000000000000110000
0000000000011000000000000000001110000000000110000000000000000000000000000000110000
0000000000001110000000000000011100000000000110000000000000000000000000000000110000
0000000000000011110000000011110000000000000110000000000000000000000000000000110000
0000000000000000111111111111000000000000000111111111111111111111111111111111110000
0000000000000000000011110000000000000000000011111111111111111111111111111111100000
0000000000000000000000000000000000000000000000000000000000000000000000000000000000
0000000000000000000000000000000000000000000000000000000000000000000000000000000000
0000000000000000000000000000000000000000000000000000000000000000000000000000000000
0000000000000000000000000000000000000000000000000000000000000000000000000000000000
0000000000000000000000000000000000000000000000000000000000000000000000000000000000
0000000000000000000000000000000000000000000000000000000000000000000000000000000000
0000000000000000000000000000000000000000000000000000000000000000000000000000000000
0000000000000000000000000000000000000000000000000000000000000000000000000000000000
0000000000000000000000000000000000000000000000000000000000000000000000000000000000
0000000000000000000000000000000000000000000000000000000000000000000000000000000000
0000000000000000000000000000000000000000000000000000000000000000000000000000000000
0000000000000000000000000000000000000000000000000000000000000000000000000000000000
0000000000000000000000000000000000000000000000000000000000000000000000000000000000
0000000000000000000000000000000000000000000000000000000000000000000000000000000000
0000000000000000000000000000000000000000000000000000000000000000000000000000000000
0000000000000000000000000000000000000000000000000000000000000000000000000000000000
0000000000000000000000000000000000000000000000000000000000000000000000000000000000
0000000000000000000000000000000000000000000000000000000000000000000000000000000000
0000000000000000000000000000000000000000000000000000000000000000000000000000000000
0000000000000000000000000000000000000000000000000000000000000000000000000000000000
0000000000000000000000000000000000000000000000000000000000000000000000000000000000
0000000000000000000000000000000000000000000000000000000000000000000000000000000000
0000000000000000000000000000000000000000000000000000000000000000000000000000000000

0000000000000000000000000000000000000000000000000000000000000000000000000000000000
0000000000000000000000000000000000000000000000000000000000000000000000000000000000
0000000000000000000000000000000000000000000000000000000000000000000000000000000000
0000000000000000000000000000000000000000000000000000000000000000000000000000000000
0000000000000000000000000000000000000000000000000000000000000000000000000000000000
0000000000000000000000000000000000000000000000000000000000000000000000000000000000
0000000000000000000000000000000000000000000000000000000000000000000000000000000000
0000000000000000000000000000000000000000000000000000000000000000000000000000000000
0000000000000000000000000000000000000000000000000000000000000000000000000000000000
0000000000000000000000000000000000000000000000000000000000000000000000000000000000
0000000000000000000000000000000000000000000000000000000000000000000000000000000000
0000000000000000000000000000000000000000000000000000000000000000000000000000000000
0000000000000000000000000000000000000000000000000000000000000000000000000000000000
0000000000000000000000000000000000000000000000000000000000000000000000000000000000
0000000000000000000000000000000000000000000000000000000000000000000000000000000000
0000000000000000000000000000000000000000000000000000000000000000000000000000000000
0000000000000000000000000000000000000000000000000000000000000000000000000000000000
0000000000000000000000000000000000000000000000000000000000000000000000000000000000
0000000000000000000000000000000000000000000000000000000000000000000000000000000000
0000000000000000000000000000000000000000000000000000000000000000000000000000000000
0000000000000000000000000000000000000000000000000000000000000000000000000000000000
0000000000000000000000000000000000000000000000000000000000000000000000000000000000
0000000000000000000000000000000000000000000000000000000000000000000000000000000000
0000000000000000000000000000000000000000000000000000000000000000000000000000000000
0000011111111111111111111111111111111110000000000000000001111111000000000000000000
0000011111111111111111111111111111111110000000000000001111111111111000000000000000
0000010000000000000000000000000000000010000000000000111000000000011110000000000000
0000010000000000000000000000000000000010000000000011100000000000000011100000000000
0000010000000000000000000000000000000010000000000110000000000000000001110000000000
0000010000000000000000000000000000000010000000001100000000000000000000011000000000
0000010000000000111111111000000000000010000000011000000000000000000000001100000000
0000010000000001111000011110000000000010000000110000000000000000000000000110000000
0000010000000111000000000011100000000010000000100000000000000000000000000110000000
0000010000001100000000000001110000000010000001100000000000000000000000000011000000
0000010000011000000000000000110000000010000001000000000000000000000000000011000000
0000010000011000000000000000011000000010000011000000000000000000000000000001100000
0000010000110000000000000000001100000010000010000000000000000000000000000001100000
0000010000100000000000000000001100000010000010000000000000000000000000000000100000
0000010001100000000000000000000100000010000110000000000000000000000000000000100000
0000010001100000000000000000000110000010000110000000000000000000000000000000110000
0000010001100000000000000000000110000010000110000000000000000000000000000000110000
0000010001100000000000000000000110000010000110000000000000000000000000000000110000
0000010001100000000000000000000110000010000110000000000000000000000000000000110000
0000010001100000000000000000000100000010000110000000000000000000000000000000100000
0000010000100000000000000000000100000010000110000000000000000000000000000000100000
0000010000110000000000000000001100000010000010000000000000000000000000000001100000
0000010000110000000000000000001000000010000011000000000000000000000000000001100000
0000010000011000000000000000011000000010000011000000000000000000000000000001000000
0000010000001100000000000000110000000010000001000000000000000000000000000011000000
0000010000001110000000000001100000000010000001100000000000000000000000000011000000
0000010000000011100000000111000000000010000000110000000000000000000000000110000000
0000010000000001111111111110000000000010000000110000000000000000000000001100000000
0000010000000000011111110000000000000010000000011000000000000000000000011100000000
0000010000000000000000000000000000000010000000001100000000000000000000111000000000
0000010000000000000000000000000000000010000000000111000000000000000001110000000000
0000010000000000000000000000000000000010000000000001110000000000000111000000000000
0000010000000000000000000000000000000110000000000000111100000000111110000000000000
0000011111111111111111111111111111111110000000000000001111111111110000000000000000
0000011111111111111111111111111111111110000000000000000000111100000000000000000000
0000000000000000000000000000000000000000000000000000000000000000000000000000000000
0000000000000000000000000000000000000000000000000000000000000000000000000000000000
0000000000000000000000000000000000000000000000000000000000000000000000000000000000
0000000000000000000000000000000000000000000000000000000000000000000000000000000000
0000000000000000000000000000000000000000000000000000000000000000000000000000000000
0000000000000000000000000000000000000000000000000000000000000000000000000000000000
0000000000000000000000000000000000000000000000000000000000000000000000000000000000
0000000000000000000000000000000000000000000000000000000000000000000000000000000000
0000000000000000000000000000000000000000000000000000000000000000000000000000000000
0000000000000000000000000000000000000000000000000000000000000000000000000000000000
0000000000000000000000000000000000000000000000000000000000000000000000000000000000
0000000000000000000000000000000000000000000000000000000000000000000000000000000000
0000000000000000000000000000000000000000000000000000000000000000000000000000000000
0000000000000000000000000000000000000000000000000000000000000000000000000000000000
0000000000000000000000000000000000000000000000000000000000000000000000000000000000
0000000000000000000000000000000000000000000000000000000000000000000000000000000000
0000000000000000000000000000000000000000000000000000000000000000000000000000000000
0000000000000000000000000000000000000000000000000000000000000000000000000000000000
0000000000000000000000000000000000000000000000000000000000000000000000000000000000
0000000000000000000000000000000000000000000000000000000000000000000000000000000000
0000000000000000000000000000000000000000000000000000000000000000000000000000000000
0000000000000000000000000000000000000000000000000000000000000000000000000000000000
0000000000000000000000000000000000000000000000000000000000000000000000000000000000

== Output ==
0000000000000000000000000000000000000000000000000000000000000000000000000000000000
0000000000000000000000000000000000000000000000000000000000000000000000000000000000
0000000000000000000000000000000000000000000000000000000000000000000000000000000000
0000000000000000000000000000000000000000000000000000000000000000000000000000000000
0000000000000000000000000000000000000000000000000000000000000000000000000000000000
0000000000000000000000000000000000000000000000000000000000000000000000000000000000
0000000000000000000000000000000000000000000000000000000000000000000000000000000000
0000000000000000000000000000000000000000000000000000000000000000000000000000000000
0000000000000000000000000000000000000000000000000000000000000000000000000000000000
0000000000000000000000000000000000000000000000000000000000000000000000000000000000
0000000000000000000000000000000000000000000000000000000000000000000000000000000000
0000000000000000000000000000000000000000000000000000000000000000000000000000000000
0000000000000000000000000000000000000000000000000000000000000000000000000000000000
0000000000000000000000000000000000000000000000000000000000000000000000000000000000
0000000000000000000000000000000000000000000000000000000000000000000000000000000000
0000000000000000000000000000000000000000000000000000000000000000000000000000000000
0000000000000000000000000000000000000000000000000000000000000000000000000000000000
0000000000000000000000000000000000000000000000000000000000000000000000000000000000
0000000000000000000000000000000000000000000000000000000000000000000000000000000000
0000000000000000000000000000000000000000000000000000000000000000000000000000000000
0000000000000000000000000000000000000000000000000000000000000000000000000000000000
0000000000000000000000000000000000000000000000000000000000000000000000000000000000
0000000000000000000000000000000000000000000000000000000000000000000000000000000000
0000000000000000000000000000000000000000000000000000000000000000000000000000000000
0000111111111111111111111111111111111110000000000000000111111111100000000000000000
0000110000000000000000000000000000000110000000000000111111000001111100000000000000
0000110000000000000000000000000000000110000000000001110000000000001111000000000000
0000110000000000000000000000000000000110000000000111000000000000000011100000000000
0000110000000000000000000000000000000110000000001110000000000000000000110000000000
0000110000000000001111100000000000000110000000011000000000000000000000011000000000
0000110000000001111111111100000000000110000000110000000000000000000000001100000000
0000110000000011100000001111000000000110000000110000000000000000000000000110000000
0000110000000110000000000011100000000110000001100000000000000000000000000110000000
0000110000001100000000000000110000000110000001000000000000000000000000000011000000
0000110000011000000000000000011000000110000011000000000000000000000000000011000000
0000110000110000000000000000011000000110000010000000000000000000000000000001100000
0000110000110000000000000000001100000110000110000000000000000000000000000001100000
0000110001100000000000000000001100000110000110000000000000000000000000000001100000
0000110001100000000000000000000100000110000110000000000000000000000000000000100000
0000110001100000000000000000000100000110000100000000000000000000000000000000100000
0000110001100000000000000000000110000110000100000000000000000000000000000000100000
0000110001100000000000000000000110000110000100000000000000000000000000000000100000
0000110001100000000000000000000100000110000100000000000000000000000000000000100000
0000110001100000000000000000000100000110000110000000000000000000000000000000100000
0000110001100000000000000000001100000110000110000000000000000000000000000001100000
0000110000110000000000000000001100000110000110000000000000000000000000000001100000
0000110000110000000000000000011000000110000010000000000000000000000000000001100000
0000110000011000000000000000011000000110000011000000000000000000000000000011000000
0000110000001100000000000000110000000110000011000000000000000000000000000011000000
0000110000000110000000000011100000000110000001100000000000000000000000000110000000
0000110000000011100000000111000000000110000000110000000000000000000000000110000000
0000110000000001111111111100000000000110000000110000000000000000000000001100000000
0000110000000000001111110000000000000110000000011000000000000000000000011000000000
0000110000000000000000000000000000000110000000001110000000000000000000110000000000
0000110000000000000000000000000000000110000000000111000000000000000011100000000000
0000110000000000000000000000000000000110000000000001110000000000001111000000000000
0000110000000000000000000000000000000110000000000000111110000001111100000000000000
0000111111111111111111111111111111111110000000000000000111111111110000000000000000
0000000000000000000000000000000000000000000000000000000000000000000000000000000000
0000000000000000000000000000000000000000000000000000000000000000000000000000000000
0000000000000000000000000000000000000000000000000000000000000000000000000000000000
0000000000000000000000000000000000000000000000000000000000000000000000000000000000
0000000000000000000000000000000000000000000000000000000000000000000000000000000000
0000000000000000000000000000000000000000000000000000000000000000000000000000000000
0000000000000000000000000000000000000000000000000000000000000000000000000000000000
0000000000000000000000000000000000000000000000000000000000000000000000000000000000
0000000000000000000000000000000000000000000000000000000000000000000000000000000000
0000000000000000000000000000000000000000000000000000000000000000000000000000000000
0000000000000000000000000000000000000000000000000000000000000000000000000000000000
0000000000000000000000000000000000000000000000000000000000000000000000000000000000
0000000000000000000000000000000000000000000000000000000000000000000000000000000000
0000000000000000000000000000000000000000000000000000000000000000000000000000000000
0000000000000000000000000000000000000000000000000000000000000000000000000000000000
0000000000000000000000000000000000000000000000000000000000000000000000000000000000
0000000000000000000000000000000000000000000000000000000000000000000000000000000000
0000000000000000000000000000000000000000000000000000000000000000000000000000000000
0000000000000000000000000000000000000000000000000000000000000000000000000000000000
0000000000000000000000000000000000000000000000000000000000000000000000000000000000
0000000000000000000000000000000000000000000000000000000000000000000000000000000000
0000000000000000000000000000000000000000000000000000000000000000000000000000000000
0000000000000000000000000000000000000000000000000000000000000000000000000000000000
0000000000000000000000000000000000000000000000000000000000000000000000000000000000

0000000000000000000000000000000000000000000000000000000000000000000000000000000000
0000000000000000000000000000000000000000000000000000000000000000000000000000000000
0000000000000000000000000000000000000000000000000000000000000000000000000000000000
0000000000000000000000000000000000000000000000000000000000000000000000000000000000
0000000000000000000000000000000000000000000000000000000000000000000000000000000000
0000000000000000000000000000000000000000000000000000000000000000000000000000000000
0000000000000000000000000000000000000000000000000000000000000000000000000000000000
0000000000000000000000000000000000000000000000000000000000000000000000000000000000
0000000000000000000000000000000000000000000000000000000000000000000000000000000000
0000000000000000000000000000000000000000000000000000000000000000000000000000000000
0000000000000000000000000000000000000000000000000000000000000000000000000000000000
0000000000000000000000000000000000000000000000000000000000000000000000000000000000
0000000000000000000000000000000000000000000000000000000000000000000000000000000000
0000000000000000000000000000000000000000000000000000000000000000000000000000000000
0000000000000000000000000000000000000000000000000000000000000000000000000000000000
0000000000000000000000000000000000000000000000000000000000000000000000000000000000
0000000000000000000000000000000000000000000000000000000000000000000000000000000000
0000000000000000000000000000000000000000000000000000000000000000000000000000000000
0000000000000000000000000000000000000000000000000000000000000000000000000000000000
0000000000000000000000000000000000000000000000000000000000000000000000000000000000
0000000000000000000000000000000000000000000000000000000000000000000000000000000000
0000000000000000000000000000000000000000000000000000000000000000000000000000000000
0000000000000000000000000000000000000000000000000000000000000000000000000000000000
0000000000000000000000000000000000000000000000000000000000000000000000000000000000
0000111111111111111111111111111111111110000000000000000111111111100000000000000000
0000110000000000000000000000000000000110000000000000011111000001111100000000000000
0000110000000000000000000000000000000110000000000001110000000000001111000000000000
0000110000000000000000000000000000000110000000000111000000000000000011100000000000
0000110000000000000000000000000000000110000000001110000000000000000000110000000000
0000110000000000000000000000000000000110000000011000000000111110000000011000000000
0000110000000000000000000000000000000110000000111000000111111111110000001100000000
0000110000000000000000000000000000000110000000110000011110000000111000000110000000
0000110000000000000000000000000000000110000001100000111000000000001100000110000000
0000110000000000000000000000000000000110000001000001100000000000000110000011000000
0000110000000000000000000000000000000110000011000011000000000000000011000001000000
0000110000000000000000000000000000000110000010000011000000000000000001100001100000
0000110000000000000000000000000000000110000110000110000000000000000001100001100000
0000110000000000000000000000000000000110000110000110000000000000000000100000100000
0000110000000000000000000000000000000110000110000100000000000000000000110000100000
0000110000000000000000000000000000000110000110001100000000000000000000110000110000
0000110000000000000000000000000000000110000100001100000000000000000000110000110000
0000110000000000000000000000000000000110000100001100000000000000000000110000110000
0000110000000000000000000000000000000110000110001100000000000000000000110000110000
0000110000000000000000000000000000000110000110000100000000000000000000110000100000
0000110000000000000000000000000000000110000110000110000000000000000000110000100000
0000110000000000000000000000000000000110000110000110000000000000000001100001100000
0000110000000000000000000000000000000110000010000011000000000000000001100001100000
0000110000000000000000000000000000000110000011000011000000000000000011000001000000
0000110000000000000000000000000000000110000001000001100000000000000110000011000000
0000110000000000000000000000000000000110000001100000111000000000001100000110000000
0000110000000000000000000000000000000110000000110000011100000000111000000110000000
0000110000000000000000000000000000000110000000110000000111111111110000001100000000
0000110000000000000000000000000000000110000000011000000001111110000000011000000000
0000110000000000000000000000000000000110000000001110000000000000000000110000000000
0000110000000000000000000000000000000110000000000111000000000000000011100000000000
0000110000000000000000000000000000000110000000000001110000000000001111000000000000
0000110000000000000000000000000000000110000000000000111110000001111100000000000000
0000111111111111111111111111111111111110000000000000000111111111110000000000000000
0000000000000000000000000000000000000000000000000000000000000000000000000000000000
0000000000000000000000000000000000000000000000000000000000000000000000000000000000
0000000000000000000000000000000000000000000000000000000000000000000000000000000000
0000000000000000000000000000000000000000000000000000000000000000000000000000000000
0000000000000000000000000000000000000000000000000000000000000000000000000000000000
0000000000000000000000000000000000000000000000000000000000000000000000000000000000
0000000000000000000000000000000000000000000000000000000000000000000000000000000000
0000000000000000000000000000000000000000000000000000000000000000000000000000000000
0000000000000000000000000000000000000000000000000000000000000000000000000000000000
0000000000000000000000000000000000000000000000000000000000000000000000000000000000
0000000000000000000000000000000000000000000000000000000000000000000000000000000000
0000000000000000000000000000000000000000000000000000000000000000000000000000000000
0000000000000000000000000000000000000000000000000000000000000000000000000000000000
0000000000000000000000000000000000000000000000000000000000000000000000000000000000
0000000000000000000000000000000000000000000000000000000000000000000000000000000000
0000000000000000000000000000000000000000000000000000000000000000000000000000000000
0000000000000000000000000000000000000000000000000000000000000000000000000000000000
0000000000000000000000000000000000000000000000000000000000000000000000000000000000
0000000000000000000000000000000000000000000000000000000000000000000000000000000000
0000000000000000000000000000000000000000000000000000000000000000000000000000000000
0000000000000000000000000000000000000000000000000000000000000000000000000000000000
0000000000000000000000000000000000000000000000000000000000000000000000000000000000
0000000000000000000000000000000000000000000000000000000000000000000000000000000000
0000000000000000000000000000000000000000000000000000000000000000000000000000000000

0000000000000000000000000000000000000000000000000000000000000000000000000000000000
0000000000000000000000000000000000000000000000000000000000000000000000000000000000
0000000000000000000000000000000000000000000000000000000000000000000000000000000000
0000000000000000000000000000000000000000000000000000000000000000000000000000000000
0000000000000000000000000000000000000000000000000000000000000000000000000000000000
0000000000000000000000000000000000000000000000000000000000000000000000000000000000
0000000000000000000000000000000000000000000000000000000000000000000000000000000000
0000000000000000000000000000000000000000000000000000000000000000000000000000000000
0000000000000000000000000000000000000000000000000000000000000000000000000000000000
0000000000000000000000000000000000000000000000000000000000000000000000000000000000
0000000000000000000000000000000000000000000000000000000000000000000000000000000000
0000000000000000000000000000000000000000000000000000000000000000000000000000000000
0000000000000000000000000000000000000000000000000000000000000000000000000000000000
0000000000000000000000000000000000000000000000000000000000000000000000000000000000
0000000000000000000000000000000000000000000000000000000000000000000000000000000000
0000000000000000000000000000000000000000000000000000000000000000000000000000000000
0000000000000000000000000000000000000000000000000000000000000000000000000000000000
0000000000000000000000000000000000000000000000000000000000000000000000000000000000
0000000000000000000000000000000000000000000000000000000000000000000000000000000000
0000000000000000000000000000000000000000000000000000000000000000000000000000000000
0000000000000000000000000000000000000000000000000000000000000000000000000000000000
0000000000000000000000000000000000000000000000000000000000000000000000000000000000
0000000000000000000000000000000000000000000000000000000000000000000000000000000000
0000000000000000000000000000000000000000000000000000000000000000000000000000000000
0000000000000000111111111110000000000000000111111111111111111111111111111111100000
0000000000000011111000001111100000000000000110000000000000000000000000000000100000
0000000000001111000000000000111000000000000100000000000000000000000000000000100000
0000000000011100000000000000001100000000000110000000000000000000000000000000100000
0000000000110000000000000000000111000000000110000000000000000000000000000000100000
0000000001100000000111110000000011100000000110000000000000000000000000000000100000
0000000011000000111111111110000001100000000110000000000000000000000000000000100000
0000000110000001110000000111100000110000000110000000000000000000000000000000100000
0000000110000011000000000001110000011000000110000000000000000000000000000000100000
0000001100000110000000000000011000011000000110000000000000000000000000000000100000
0000001000001100000000000000001100001100000110000000000000000000000000000000100000
0000011000011000000000000000001100001100000110000000000000000000000000000000100000
0000011000011000000000000000000110000100000110000000000000000000000000000000100000
0000010000010000000000000000000110000110000110000000000000000000000000000000100000
0000010000110000000000000000000010000110000110000000000000000000000000000000100000
0000110000110000000000000000000011000110000110000000000000000000000000000000100000
0000110000110000000000000000000011000110000110000000000000000000000000000000100000
0000110000110000000000000000000011000110000110000000000000000000000000000000100000
0000110000110000000000000000000011000110000110000000000000000000000000000000100000
0000010000110000000000000000000010000110000110000000000000000000000000000000100000
0000010000110000000000000000000110000110000110000000000000000000000000000000100000
0000011000011000000000000000000110000100000110000000000000000000000000000000100000
0000011000011000000000000000001100001100000110000000000000000000000000000000100000
0000001000001100000000000000001100001100000110000000000000000000000000000000100000
0000001100000110000000000000011000011000000110000000000000000000000000000000100000
0000000100000011000000000001110000011000000110000000000000000000000000000000100000
0000000110000001110000000011100000110000000110000000000000000000000000000000100000
0000000011000000111111111110000001100000000110000000000000000000000000000000100000
0000000001100000000111111000000011100000000110000000000000000000000000000000100000
0000000000110000000000000000000111000000000110000000000000000000000000000000100000
0000000000011100000000000000001110000000000110000000000000000000000000000000100000
0000000000001111000000000000111000000000000100000000000000000000000000000000100000
0000000000000011111000000111100000000000000110000000000000000000000000000000100000
0000000000000000111111111110000000000000000111111111111111111111111111111111100000
0000000000000000000000000000000000000000000000000000000000000000000000000000000000
0000000000000000000000000000000000000000000000000000000000000000000000000000000000
0000000000000000000000000000000000000000000000000000000000000000000000000000000000
0000000000000000000000000000000000000000000000000000000000000000000000000000000000
0000000000000000000000000000000000000000000000000000000000000000000000000000000000
0000000000000000000000000000000000000000000000000000000000000000000000000000000000
0000000000000000000000000000000000000000000000000000000000000000000000000000000000
0000000000000000000000000000000000000000000000000000000000000000000000000000000000
0000000000000000000000000000000000000000000000000000000000000000000000000000000000
0000000000000000000000000000000000000000000000000000000000000000000000000000000000
0000000000000000000000000000000000000000000000000000000000000000000000000000000000
0000000000000000000000000000000000000000000000000000000000000000000000000000000000
0000000000000000000000000000000000000000000000000000000000000000000000000000000000
0000000000000000000000000000000000000000000000000000000000000000000000000000000000
0000000000000000000000000000000000000000000000000000000000000000000000000000000000
0000000000000000000000000000000000000000000000000000000000000000000000000000000000
0000000000000000000000000000000000000000000000000000000000000000000000000000000000
0000000000000000000000000000000000000000000000000000000000000000000000000000000000
0000000000000000000000000000000000000000000000000000000000000000000000000000000000
0000000000000000000000000000000000000000000000000000000000000000000000000000000000
0000000000000000000000000000000000000000000000000000000000000000000000000000000000
0000000000000000000000000000000000000000000000000000000000000000000000000000000000
0000000000000000000000000000000000000000000000000000000000000000000000000000000000
0000000000000000000000000000000000000000000000000000000000000000000000000000000000

0000000000000000000000000000000000000000000000000000000000000000000000000000000000
0000000000000000000000000000000000000000000000000000000000000000000000000000000000
0000000000000000000000000000000000000000000000000000000000000000000000000000000000
0000000000000000000000000000000000000000000000000000000000000000000000000000000000
0000000000000000000000000000000000000000000000000000000000000000000000000000000000
0000000000000000000000000000000000000000000000000000000000000000000000000000000000
0000000000000000000000000000000000000000000000000000000000000000000000000000000000
0000000000000000000000000000000000000000000000000000000000000000000000000000000000
0000000000000000000000000000000000000000000000000000000000000000000000000000000000
0000000000000000000000000000000000000000000000000000000000000000000000000000000000
0000000000000000000000000000000000000000000000000000000000000000000000000000000000
0000000000000000000000000000000000000000000000000000000000000000000000000000000000
0000000000000000000000000000000000000000000000000000000000000000000000000000000000
0000000000000000000000000000000000000000000000000000000000000000000000000000000000
0000000000000000000000000000000000000000000000000000000000000000000000000000000000
0000000000000000000000000000000000000000000000000000000000000000000000000000000000
0000000000000000000000000000000000000000000000000000000000000000000000000000000000
0000000000000000000000000000000000000000000000000000000000000000000000000000000000
0000000000000000000000000000000000000000000000000000000000000000000000000000000000
0000000000000000000000000000000000000000000000000000000000000000000000000000000000
0000000000000000000000000000000000000000000000000000000000000000000000000000000000
0000000000000000000000000000000000000000000000000000000000000000000000000000000000
0000000000000000000000000000000000000000000000000000000000000000000000000000000000
0000000000000000000000000000000000000000000000000000000000000000000000000000000000
0000000000000000111111111100000000000000000111111111111111111111111111111111110000
0000000000000111110000011111100000000000000110000000000000000000000000000000110000
0000000000011110000000000001110000000000000110000000000000000000000000000000110000
0000000000111000000000000000011100000000000110000000000000000000000000000000110000
0000000001100000000000000000001110000000000110000000000000000000000000000000110000
0000000011000000000000000000000011000000000110000000000001111100000000000000110000
0000000110000000000000000000000001100000000110000000001111111111100000000000110000
0000001100000000000000000000000001100000000110000000011100000001110000000000110000
0000001100000000000000000000000000110000000110000001110000000000011100000000110000
0000011000000000000000000000000000010000000110000011100000000000001110000000110000
0000011000000000000000000000000000011000000110000011000000000000000110000000110000
0000010000000000000000000000000000001000000110000110000000000000000011000000110000
0000110000000000000000000000000000001100000110000100000000000000000001000000110000
0000110000000000000000000000000000001100000110001100000000000000000001100000110000
0000100000000000000000000000000000001100000110001100000000000000000001100000110000
0000100000000000000000000000000000001100000110001000000000000000000000100000110000
0000100000000000000000000000000000000100000110001000000000000000000000100000110000
0000100000000000000000000000000000000100000110001000000000000000000000100000110000
0000100000000000000000000000000000001100000110001000000000000000000000100000110000
0000100000000000000000000000000000001100000110001100000000000000000001100000110000
0000110000000000000000000000000000001100000110001100000000000000000001100000110000
0000110000000000000000000000000000001100000110000100000000000000000001000000110000
0000110000000000000000000000000000001000000110000110000000000000000011000000110000
0000011000000000000000000000000000011000000110000011000000000000000110000000110000
0000011000000000000000000000000000010000000110000011100000000000001110000000110000
0000001100000000000000000000000000110000000110000001110000000000011100000000110000
0000001100000000000000000000000001100000000110000000111100000001110000000000110000
0000000110000000000000000000000001100000000110000000001111111111100000000000110000
0000000011000000000000000000000011000000000110000000000001111100000000000000110000
0000000001100000000000000000001110000000000110000000000000000000000000000000110000
0000000000111000000000000000011100000000000110000000000000000000000000000000110000
0000000000011110000000000001110000000000000110000000000000000000000000000000110000
0000000000000111110000001111100000000000000110000000000000000000000000000000110000
0000000000000001111111111100000000000000000111111111111111111111111111111111110000
0000000000000000000000000000000000000000000000000000000000000000000000000000000000
0000000000000000000000000000000000000000000000000000000000000000000000000000000000
0000000000000000000000000000000000000000000000000000000000000000000000000000000000
0000000000000000000000000000000000000000000000000000000000000000000000000000000000
0000000000000000000000000000000000000000000000000000000000000000000000000000000000
0000000000000000000000000000000000000000000000000000000000000000000000000000000000
0000000000000000000000000000000000000000000000000000000000000000000000000000000000
0000000000000000000000000000000000000000000000000000000000000000000000000000000000
0000000000000000000000000000000000000000000000000000000000000000000000000000000000
0000000000000000000000000000000000000000000000000000000000000000000000000000000000
0000000000000000000000000000000000000000000000000000000000000000000000000000000000
0000000000000000000000000000000000000000000000000000000000000000000000000000000000
0000000000000000000000000000000000000000000000000000000000000000000000000000000000
0000000000000000000000000000000000000000000000000000000000000000000000000000000000
0000000000000000000000000000000000000000000000000000000000000000000000000000000000
0000000000000000000000000000000000000000000000000000000000000000000000000000000000
0000000000000000000000000000000000000000000000000000000000000000000000000000000000
0000000000000000000000000000000000000000000000000000000000000000000000000000000000
0000000000000000000000000000000000000000000000000000000000000000000000000000000000
0000000000000000000000000000000000000000000000000000000000000000000000000000000000
0000000000000000000000000000000000000000000000000000000000000000000000000000000000
0000000000000000000000000000000000000000000000000000000000000000000000000000000000
0000000000000000000000000000000000000000000000000000000000000000000000000000000000
0000000000000000000000000000000000000000000000000000000000000000000000000000000000

0000000000000000000000000000000000000000000000000000000000000000000000000000000000
0000000000000000000000000000000000000000000000000000000000000000000000000000000000
0000000000000000000000000000000000000000000000000000000000000000000000000000000000
0000000000000000000000000000000000000000000000000000000000000000000000000000000000
0000000000000000000000000000000000000000000000000000000000000000000000000000000000
0000000000000000000000000000000000000000000000000000000000000000000000000000000000
0000000000000000000000000000000000000000000000000000000000000000000000000000000000
0000000000000000000000000000000000000000000000000000000000000000000000000000000000
0000000000000000000000000000000000000000000000000000000000000000000000000000000000
0000000000000000000000000000000000000000000000000000000000000000000000000000000000
0000000000000000000000000000000000000000000000000000000000000000000000000000000000
0000000000000000000000000000000000000000000000000000000000000000000000000000000000
0000000000000000000000000000000000000000000000000000000000000000000000000000000000
0000000000000000000000000000000000000000000000000000000000000000000000000000000000
0000000000000000000000000000000000000000000000000000000000000000000000000000000000
0000000000000000000000000000000000000000000000000000000000000000000000000000000000
0000000000000000000000000000000000000000000000000000000000000000000000000000000000
0000000000000000000000000000000000000000000000000000000000000000000000000000000000
0000000000000000000000000000000000000000000000000000000000000000000000000000000000
0000000000000000000000000000000000000000000000000000000000000000000000000000000000
0000000000000000000000000000000000000000000000000000000000000000000000000000000000
0000000000000000000000000000000000000000000000000000000000000000000000000000000000
0000000000000000000000000000000000000000000000000000000000000000000000000000000000
0000000000000000000000000000000000000000000000000000000000000000000000000000000000
0000111111111111111111111111111111111110000000000000000000000000000000000000000000
0000110000000111111000001111110000000110000000000000000000000000000000000000000000
0000110000001111000000000000111000000010000000000000000000000000000000000000000000
0000110000011100000000000000001110000110000000000000000000000000000000000000000000
0000110000110000000000000000000111000110000000000000000000000000000000000000000000
0000110001100000001111100000000011100110000000000000000000000000000000000000000000
0000110011000000111111111100000001110110000000000000000000000000000000000000000000
0000110110000011100000001111000000110010000000000000000000000000000000000000000000
0000110110000110000000000011100000011110000000000000000000000000000000000000000000
0000111100001100000000000000110000001110000000000000000000000000000000000000000000
0000111000011000000000000000011000001110000000000000000000000000000000000000000000
0000111000110000000000000000011000000110000000000000000000000000000000000000000000
0000111000110000000000000000001100000110000000000000000000000000000000000000000000
0000110000100000000000000000001100000110000000000000000000000000000000000000000000
0000110001100000000000000000000100000110000000000000000000000000000000000000000000
0000110001100000000000000000000110000110000000000000000000000000000000000000000000
0000110001100000000000000000000110000110000000000000000000000000000000000000000000
0000110001100000000000000000000110000110000000000000000000000000000000000000000000
0000110001100000000000000000000110000110000000000000000000000000000000000000000000
0000110001100000000000000000000100000110000000000000000000000000000000000000000000
0000110000100000000000000000001100000110000000000000000000000000000000000000000000
0000111000110000000000000000001100000110000000000000000000000000000000000000000000
0000111000110000000000000000011000000110000000000000000000000000000000000000000000
0000111000011000000000000000011000001110000000000000000000000000000000000000000000
0000111100001100000000000000110000001110000000000000000000000000000000000000000000
0000110100000110000000000001100000011110000000000000000000000000000000000000000000
0000110110000011100000000111000000110010000000000000000000000000000000000000000000
0000110011000001111111111100000000110110000000000000000000000000000000000000000000
0000110001100000001111110000000001100110000000000000000000000000000000000000000000
0000110000110000000000000000000111000110000000000000000000000000000000000000000000
0000110000011100000000000000001110000110000000000000000000000000000000000000000000
0000110000001111000000000000111000000010000000000000000000000000000000000000000000
0000110000000111111000000111110000000110000000000000000000000000000000000000000000
0000111111111111111111111111111111111110000000000000000000000000000000000000000000
0000000000000000000000000000000000000000000000000000000000000000000000000000000000
0000000000000000000000000000000000000000000000000000000000000000000000000000000000
0000000000000000000000000000000000000000000000000000000000000000000000000000000000
0000000000000000000000000000000000000000000000000000000000000000000000000000000000
0000000000000000000000000000000000000000000000000000000000000000000000000000000000
0000000000000000000000000000000000000000000000000000000000000000000000000000000000
0000000000000000000000000000000000000000000000000000000000000000000000000000000000
0000000000000000000000000000000000000000000000000000000000000000000000000000000000
0000000000000000000000000000000000000000000000000000000000000000000000000000000000
0000000000000000000000000000000000000000000000000000000000000000000000000000000000
0000000000000000000000000000000000000000000000000000000000000000000000000000000000
0000000000000000000000000000000000000000000000000000000000000000000000000000000000
0000000000000000000000000000000000000000000000000000000000000000000000000000000000
0000000000000000000000000000000000000000000000000000000000000000000000000000000000
0000000000000000000000000000000000000000000000000000000000000000000000000000000000
0000000000000000000000000000000000000000000000000000000000000000000000000000000000
0000000000000000000000000000000000000000000000000000000000000000000000000000000000
0000000000000000000000000000000000000000000000000000000000000000000000000000000000
0000000000000000000000000000000000000000000000000000000000000000000000000000000000
0000000000000000000000000000000000000000000000000000000000000000000000000000000000
0000000000000000000000000000000000000000000000000000000000000000000000000000000000
0000000000000000000000000000000000000000000000000000000000000000000000000000000000
0000000000000000000000000000000000000000000000000000000000000000000000000000000000
0000000000000000000000000000000000000000000000000000000000000000000000000000000000

0000000000000000000000000000000000000000000000000000000000000000000000000000000000
0000000000000000000000000000000000000000000000000000000000000000000000000000000000
0000000000000000000000000000000000000000000000000000000000000000000000000000000000
0000000000000000000000000000000000000000000000000000000000000000000000000000000000
0000000000000000000000000000000000000000000000000000000000000000000000000000000000
0000000000000000000000000000000000000000000000000000000000000000000000000000000000
0000000000000000000000000000000000000000000000000000000000000000000000000000000000
0000000000000000000000000000000000000000000000000000000000000000000000000000000000
0000000000000000000000000000000000000000000000000000000000000000000000000000000000
0000000000000000000000000000000000000000000000000000000000000000000000000000000000
0000000000000000000000000000000000000000000000000000000000000000000000000000000000
0000000000000000000000000000000000000000000000000000000000000000000000000000000000
0000000000000000000000000000000000000000000000000000000000000000000000000000000000
0000000000000000000000000000000000000000000000000000000000000000000000000000000000
0000000000000000000000000000000000000000000000000000000000000000000000000000000000
0000000000000000000000000000000000000000000000000000000000000000000000000000000000
0000000000000000000000000000000000000000000000000000000000000000000000000000000000
0000000000000000000000000000000000000000000000000000000000000000000000000000000000
0000000000000000000000000000000000000000000000000000000000000000000000000000000000
0000000000000000000000000000000000000000000000000000000000000000000000000000000000
0000000000000000000000000000000000000000000000000000000000000000000000000000000000
0000000000000000000000000000000000000000000000000000000000000000000000000000000000
0000000000000000000000000000000000000000000000000000000000000000000000000000000000
0000000000000000000000000000000000000000000000000000000000000000000000000000000000
0000111111111111111111111111111111111110000000000000000111111111110000000000000000
0000110000000000000000000000000000000110000000000000011111000001111100000000000000
0000110000000000000000000000000000000010000000000001110000000000001111000000000000
0000110000000000000000000000000000000010000000000011000000000000000011100000000000
0000110000000000000000000000000000000010000000000110000000000000000000110000000000
0000110000000000000000000000000000000010000000001100000000000000000000011000000000
0000110000000000000000000000000000000010000000011000000000000000000000001100000000
0000110000000000000000000000000000000010000000110000000000000000000000000110000000
0000110000000000000000000000000000000010000001100000000000000000000000000010000000
0000110000000000000000000000000000000010000001100000000000000000000000000011000000
0000110000000000000000000000000000000010000011000000000000000000000000000001000000
0000110000000000000000000000000000000010000011000000000000000000000000000001100000
0000110000000000000000000000000000000010000010000000000000000000000000000001100000
0000110000000000000000000000000000000010000010000000000000000000000000000000100000
0000110000000000000000000000000000000010000110000000000000000000000000000000100000
0000110000000000000000000000000000000010000110000000000000000000000000000000110000
0000110000000000000000000000000000000010000110000000000000000000000000000000110000
0000110000000000000000000000000000000010000110000000000000000000000000000000110000
0000110000000000000000000000000000000010000110000000000000000000000000000000110000
0000110000000000000000000000000000000010000110000000000000000000000000000000110000
0000110000000000000000000000000000000010000110000000000000000000000000000000100000
0000110000000000000000000000000000000010000010000000000000000000000000000001100000
0000110000000000000000000000000000000010000011000000000000000000000000000001100000
0000110000000000000000000000000000000010000011000000000000000000000000000001000000
0000110000000000000000000000000000000010000001100000000000000000000000000011000000
0000110000000000000000000000000000000010000001100000000000000000000000000010000000
0000110000000000000000000000000000000010000000110000000000000000000000000110000000
0000110000000000000000000000000000000010000000011000000000000000000000001100000000
0000110000000000000000000000000000000010000000011100000000000000000000011000000000
0000110000000000000000000000000000000010000000001110000000000000000000110000000000
0000110000000000000000000000000000000010000000000011000000000000000001100000000000
0000110000000000000000000000000000000010000000000001110000000000000111000000000000
0000110000000000000000000000000000000110000000000000011111000001111100000000000000
0000111111111111111111111111111111111110000000000000000111111111110000000000000000
0000000000000000000000000000000000000000000000000000000000000000000000000000000000
0000000000000000000000000000000000000000000000000000000000000000000000000000000000
0000000000000000000000000000000000000000000000000000000000000000000000000000000000
0000000000000000000000000000000000000000000000000000000000000000000000000000000000
0000000000000000000000000000000000000000000000000000000000000000000000000000000000
0000000000000000000000000000000000000000000000000000000000000000000000000000000000
0000000000000000000000000000000000000000000000000000000000000000000000000000000000
0000000000000000000000000000000000000000000000000000000000000000000000000000000000
0000000000000000000000000000000000000000000000000000000000000000000000000000000000
0000000000000000000000000000000000000000000000000000000000000000000000000000000000
0000000000000000000000000000000000000000000000000000000000000000000000000000000000
0000000000000000000000000000000000000000000000000000000000000000000000000000000000
0000000000000000000000000000000000000000000000000000000000000000000000000000000000
0000000000000000000000000000000000000000000000000000000000000000000000000000000000
0000000000000000000000000000000000000000000000000000000000000000000000000000000000
0000000000000000000000000000000000000000000000000000000000000000000000000000000000
0000000000000000000000000000000000000000000000000000000000000000000000000000000000
0000000000000000000000000000000000000000000000000000000000000000000000000000000000
0000000000000000000000000000000000000000000000000000000000000000000000000000000000
0000000000000000000000000000000000000000000000000000000000000000000000000000000000
0000000000000000000000000000000000000000000000000000000000000000000000000000000000
0000000000000000000000000000000000000000000000000000000000000000000000000000000000
0000000000000000000000000000000000000000000000000000000000000000000000000000000000
0000000000000000000000000000000000000000000000000000000000000000000000000000000000

