== Attributes ==
title=2x1 Basic Problem 20
type= 2x1
result=5
window_size=(82, 82)

== Input ==
0000000000000000000000000000000000000000000000000000000000000000000000000000000000
0000000000000000000000000000000000000000000000000000000000000000000000000000000000
0000000000000000000000000000000000000000000000000000000000000000000000000000000000
0000000000000000000000000000000000000000000000000000000000000000000000000000000000
0000000000000000000000000000000000000000000000000000000000000000000000000000000000
0000000000000000000000000000000001111111111111110000000000000000000000000000000000
0000000000000000000000000000011111111100000011111111000000000000000000000000000000
0000000000000000000000000001111100000000000000000111111000000000000000000000000000
0000000000000000000000000111100000000000000000000000011110000000000000000000000000
0000000000000000000000011100000000000000000000000000000111100000000000000000000000
0000000000000000000001110000000000000000000000000000000001110000000000000000000000
0000000000000000000011000000000000000000000000000000000000011100000000000000000000
0000000000000000001110000000000000000000000000000000000000001110000000000000000000
0000000000000000011100000000000000000000000000000000000000000011000000000000000000
0000000000000000110000000000000000000000000000000000000000000001100000000000000000
0000000000000001100000000000000000000000000000000000000000000000111000000000000000
0000000000000011000000000000000000000000000000000000000000000000011000000000000000
0000000000000110000000000000000000000000000000000000000000000000001100000000000000
0000000000001100000000000000000000000000000000000000000000000000000110000000000000
0000000000011000001111111111111111111111111111111111111111111111000011000000000000
0000000000011000001100000000000000000000000000000000000000000011000001100000000000
0000000000110000001100000000000000000000000000000000000000000011000001100000000000
0000000001100000001100000000000000000000000000000000000000000011000000110000000000
0000000001100000001100000000000000000000000000000000000000000011000000011000000000
0000000011000000001100000000000000000000000000000000000000000011000000011000000000
0000000011000000001100000000000000000000000000000000000000000011000000001100000000
0000000110000000001100000000000000000000000000000000000000000011000000001100000000
0000000110000000001100000000000000000000110000000000000000000011000000000100000000
0000001100000000001100000000000000000001110000000000000000000011000000000110000000
0000001100000000001100000000000000000001111000000000000000000011000000000010000000
0000001000000000001100000000000000000011011000000000000000000011000000000011000000
0000011000000000001100000000000000000011001100000000000000000011000000000011000000
0000011000000000001100000000000000000110001100000000000000000011000000000011000000
0000011000000000001100000000000000000110000110000000000000000011000000000001000000
0000010000000000001100000000000000001100000110000000000000000011000000000001100000
0000010000000000001100000000000000001100000011000000000000000011000000000001100000
0000110000000000001100000000000000011000000011000000000000000011000000000001100000
0000110000000000001100000000000000011000000001100000000000000011000000000001100000
0000110000000000001100000000000000110000000001100000000000000011000000000001100000
0000110000000000001100000000000000110000000000110000000000000011000000000000100000
0000110000000000001100000000000001100000000000110000000000000011000000000000100000
0000110000000000001100000000000001100000000000011000000000000011000000000000100000
0000110000000000001100000000000011000000000000011000000000000011000000000000100000
0000110000000000001100000000000011000000000000001100000000000011000000000000100000
0000110000000000001100000000000110000000000000001100000000000011000000000001100000
0000110000000000001100000000000110000000000000000110000000000011000000000001100000
0000010000000000001100000000001100000000000000000110000000000011000000000001100000
0000010000000000001100000000001100000000000000000011000000000011000000000001100000
0000011000000000001100000000011000000000000000000011000000000011000000000001000000
0000011000000000001100000000011000000000000000000001100000000011000000000001000000
0000011000000000001100000000110000000000000000000001100000000011000000000011000000
0000001000000000001100000000110000000000000000000000110000000011000000000011000000
0000001100000000001100000001100000000000000000000000110000000011000000000010000000
0000001100000000001100000001100000000000000000000000011000000011000000000110000000
0000000100000000001100000011111111111111111111111111111000000011000000000110000000
0000000110000000001100000011111111111111111111111111111000000011000000000100000000
0000000110000000001100000000000000000000000000000000000000000011000000001100000000
0000000011000000001100000000000000000000000000000000000000000011000000001000000000
0000000011000000001100000000000000000000000000000000000000000011000000011000000000
0000000001100000001100000000000000000000000000000000000000000011000000110000000000
0000000000110000001100000000000000000000000000000000000000000011000000110000000000
0000000000110000001000000000000000000000000000000000000000000011000001100000000000
0000000000011000001100000000000000000000000000000000000000000011000011000000000000
0000000000001100001111111111111111111111111111111111111111111110000011000000000000
0000000000000110000000000000000000000000000000000000000000000000000110000000000000
0000000000000111000000000000000000000000000000000000000000000000001100000000000000
0000000000000011100000000000000000000000000000000000000000000000011000000000000000
0000000000000001110000000000000000000000000000000000000000000000110000000000000000
0000000000000000111000000000000000000000000000000000000000000011100000000000000000
0000000000000000001100000000000000000000000000000000000000000111000000000000000000
0000000000000000000111000000000000000000000000000000000000001100000000000000000000
0000000000000000000011100000000000000000000000000000000000111000000000000000000000
0000000000000000000000111000000000000000000000000000000011110000000000000000000000
0000000000000000000000001110000000000000000000000000001111000000000000000000000000
0000000000000000000000000011110000000000000000000001111100000000000000000000000000
0000000000000000000000000000111111000000000000011111100000000000000000000000000000
0000000000000000000000000000000111111111111111111100000000000000000000000000000000
0000000000000000000000000000000000001111111110000000000000000000000000000000000000
0000000000000000000000000000000000000000000000000000000000000000000000000000000000
0000000000000000000000000000000000000000000000000000000000000000000000000000000000
0000000000000000000000000000000000000000000000000000000000000000000000000000000000
0000000000000000000000000000000000000000000000000000000000000000000000000000000000

0000000000000000000000000000000000000000000000000000000000000000000000000000000000
0000000000000000000000000000000000000000000000000000000000000000000000000000000000
0000000000000000000000000000000000000000000000000000000000000000000000000000000000
0000000000000000000000000000000000000000000000000000000000000000000000000000000000
0000000000000000000000000000000000000000000000000000000000000000000000000000000000
0000000000000000000000000000000000000001111000000000000000000000000000000000000000
0000000000000000000000000000000001111111111111111100000000000000000000000000000000
0000000000000000000000000000011111111111111111111111100000000000000000000000000000
0000000000000000000000000001111111111111111111111111111100000000000000000000000000
0000000000000000000000000111111111111111111111111111111111000000000000000000000000
0000000000000000000000011111111111111111111111111111111111100000000000000000000000
0000000000000000000001111111111111111111111111111111111111111000000000000000000000
0000000000000000000011111111111111111111111111111111111111111100000000000000000000
0000000000000000000111111111111111111111111111111111111111111111000000000000000000
0000000000000000011111111111111111111111111111111111111111111111100000000000000000
0000000000000000111111111111111111111111111111111111111111111111110000000000000000
0000000000000001111111111111111111111111111111111111111111111111111000000000000000
0000000000000011111111111111111111111111111111111111111111111111111100000000000000
0000000000000111111111111111111111111111111111111111111111111111111110000000000000
0000000000000111111111111111111111111111111111111111111111111111111110000000000000
0000000000001111111100000000000000000000000000000000000000000011111111000000000000
0000000000011111111100000000000000000000000000000000000000000011111111100000000000
0000000000011111111100000000000000000000000000000000000000000011111111110000000000
0000000000111111111100000000000000000000000000000000000000000011111111110000000000
0000000001111111111100000000000000000000000000000000000000000011111111111000000000
0000000001111111111100000000000000000000000000000000000000000011111111111000000000
0000000001111111111100000000000000000000000000000000000000000011111111111100000000
0000000011111111111100000001111111111111111111111111111100000011111111111100000000
0000000011111111111100000001100000000000000000000000011000000011111111111100000000
0000000111111111111100000000100000000000000000000000011000000011111111111110000000
0000000111111111111100000000110000000000000000000000010000000011111111111110000000
0000000111111111111100000000010000000000000000000000110000000011111111111110000000
0000001111111111111100000000011000000000000000000000100000000011111111111111000000
0000001111111111111100000000001000000000000000000001100000000011111111111111000000
0000001111111111111100000000001100000000000000000001000000000011111111111111000000
0000001111111111111100000000000100000000000000000011000000000011111111111111000000
0000001111111111111100000000000110000000000000000010000000000011111111111111000000
0000001111111111111100000000000010000000000000000110000000000011111111111111100000
0000011111111111111100000000000011000000000000000100000000000011111111111111100000
0000011111111111111100000000000001000000000000001100000000000011111111111111100000
0000011111111111111100000000000001100000000000001000000000000011111111111111100000
0000011111111111111100000000000000100000000000011000000000000011111111111111100000
0000011111111111111100000000000000110000000000010000000000000011111111111111100000
0000011111111111111100000000000000110000000000110000000000000011111111111111100000
0000001111111111111100000000000000011000000000100000000000000011111111111111100000
0000001111111111111100000000000000011000000001100000000000000011111111111111100000
0000001111111111111100000000000000001100000001000000000000000011111111111111000000
0000001111111111111100000000000000001100000011000000000000000011111111111111000000
0000001111111111111100000000000000000110000010000000000000000011111111111111000000
0000001111111111111100000000000000000110000110000000000000000011111111111111000000
0000000111111111111100000000000000000011000100000000000000000011111111111111000000
0000000111111111111100000000000000000011001100000000000000000011111111111110000000
0000000111111111111100000000000000000001101000000000000000000011111111111110000000
0000000011111111111100000000000000000001111000000000000000000011111111111110000000
0000000011111111111100000000000000000000110000000000000000000011111111111100000000
0000000011111111111100000000000000000000010000000000000000000011111111111100000000
0000000001111111111100000000000000000000000000000000000000000011111111111000000000
0000000001111111111100000000000000000000000000000000000000000011111111111000000000
0000000000111111111100000000000000000000000000000000000000000011111111110000000000
0000000000111111111100000000000000000000000000000000000000000011111111110000000000
0000000000011111111100000000000000000000000000000000000000000011111111100000000000
0000000000001111111100000000000000000000000000000000000000000011111111000000000000
0000000000001111111100000000000000000000000000000000000000000011111111000000000000
0000000000000111111111111111111111111111111111111111111111111111111110000000000000
0000000000000011111111111111111111111111111111111111111111111111111100000000000000
0000000000000001111111111111111111111111111111111111111111111111111000000000000000
0000000000000000111111111111111111111111111111111111111111111111110000000000000000
0000000000000000011111111111111111111111111111111111111111111111100000000000000000
0000000000000000001111111111111111111111111111111111111111111111000000000000000000
0000000000000000000111111111111111111111111111111111111111111110000000000000000000
0000000000000000000001111111111111111111111111111111111111111000000000000000000000
0000000000000000000000111111111111111111111111111111111111110000000000000000000000
0000000000000000000000001111111111111111111111111111111111000000000000000000000000
0000000000000000000000000011111111111111111111111111111100000000000000000000000000
0000000000000000000000000000111111111111111111111111110000000000000000000000000000
0000000000000000000000000000000111111111111111111110000000000000000000000000000000
0000000000000000000000000000000000001111111111000000000000000000000000000000000000
0000000000000000000000000000000000000000000000000000000000000000000000000000000000
0000000000000000000000000000000000000000000000000000000000000000000000000000000000
0000000000000000000000000000000000000000000000000000000000000000000000000000000000
0000000000000000000000000000000000000000000000000000000000000000000000000000000000
0000000000000000000000000000000000000000000000000000000000000000000000000000000000

0000000000000000000000000000000000000000000000000000000000000000000000000000000000
0000000000000000000000000000000000000000000000000000000000000000000000000000000000
0000000000000000000000000000000000000000000000000000000000000000000000000000000000
0000000000000000000000000000000000000000000000000000000000000000000000000000000000
0000000000000000000000000000000000000000000000000000000000000000000000000000000000
0000011111111111111111111111111111111111111111111111111111111111111111111111110000
0000010000000000000000000000000000000000000000000000000000000000000000000000110000
0000010000000000000000000000000000000000000000000000000000000000000000000000110000
0000010000000000000000000000000000000000000000000000000000000000000000000000110000
0000010000000000000000000000000000000000000000000000000000000000000000000000110000
0000010000000000000000000000000000000011111110000000000000000000000000000000110000
0000010000000000000000000000000001111111111111111100000000000000000000000000110000
0000010000000000000000000000001111100000000000011111100000000000000000000000110000
0000010000000000000000000001111100000000000000000001111000000000000000000000110000
0000010000000000000000000011100000000000000000000000011110000000000000000000110000
0000010000000000000000001110000000000000000000000000000111000000000000000000110000
0000010000000000000000011000000000000000000000000000000001110000000000000000110000
0000010000000000000001110000000000000000000000000000000000111000000000000000110000
0000010000000000000011100000000000000000000000000000000000001100000000000000110000
0000010000000000000110000000000000000000000000000000000000000110000000000000110000
0000010000000000001100000000000000000000000000000000000000000011000000000000110000
0000010000000000011000000000000000000000000000000000000000000001100000000000110000
0000010000000000011000000000000000000000000000000000000000000000110000000000110000
0000010000000000110000000000000000000000000000000000000000000000110000000000110000
0000010000000001100000000000000000000000000000000000000000000000011000000000110000
0000010000000001000000000100000000000000000000000000000010000000001100000000110000
0000010000000011000000001110000000000000000000000000000111000000001100000000110000
0000010000000110000000011011000000000000000000000000001101100000000110000000110000
0000010000000110000000110001100000000000000000000000011000110000000010000000110000
0000010000001100000000100000110000000000000000000000110000010000000011000000110000
0000010000001100000001100000011000000000000000000001100000011000000011000000110000
0000010000001000000011000000001100000000000000000011000000001100000001000000110000
0000010000011000000011000000000110000000000000000110000000001100000001100000110000
0000010000011000000010000000000011000000000000001100000000000100000001100000110000
0000010000011000000110000000000001100000000000011000000000000110000000100000110000
0000010000010000000110000000000000110000000000110000000000000110000000110000110000
0000010000010000000100000000000000011000000001100000000000000010000000110000110000
0000010000110000000100000000000000001100000011000000000000000010000000110000110000
0000010000110000001100000000000000000110000110000000000000000011000000110000110000
0000010000110000001100000000000000000011001100000000000000000011000000110000110000
0000010000110000001100000000000000000001111000000000000000000011000000110000110000
0000010000110000001100000000000000000000110000000000000000000011000000110000110000
0000010000110000001100000000000000000000000000000000000000000011000000110000110000
0000010000110000001100000000000000000000000000000000000000000011000000110000110000
0000010000110000000100000000000000000000000000000000000000000011000000110000110000
0000010000110000000100000000000000000000000000000000000000000010000000110000110000
0000010000010000000100000000000000000000000000000000000000000010000000110000110000
0000010000010000000110000000000000000000000000000000000000000110000000100000110000
0000010000011000000110000000000000000000000000000000000000000110000000100000110000
0000010000011000000010000000000000000000000000000000000000000100000001100000110000
0000010000001000000011000000000000000000000000000000000000001100000001100000110000
0000010000001100000001000000000000000000000000000000000000001000000001000000110000
0000010000001100000001100000000000000000000000000000000000011000000011000000110000
0000010000000100000000110000000000000000000000000000000000110000000011000000110000
0000010000000110000000010000000000000000000000000000000000100000000110000000110000
0000010000000010000000011000000000000000000000000000000001100000000110000000110000
0000010000000011000000001100000000000000000000000000000011000000001100000000110000
0000010000000001100000000110000000000000000000000000000110000000001100000000110000
0000010000000001100000000011100000000000000000000000011100000000011000000000110000
0000010000000000110000000001110000000000000000000000111000000000110000000000110000
0000010000000000011000000000011100000000000000000011100000000001100000000000110000
0000010000000000001100000000000111100000000000011110000000000011100000000000110000
0000010000000000000110000000000001111111111111111000000000000011000000000000110000
0000010000000000000111000000000000001111111111000000000000001110000000000000110000
0000010000000000000001100000000000000000000000000000000000011100000000000000110000
0000010000000000000000110000000000000000000000000000000000111000000000000000110000
0000010000000000000000011100000000000000000000000000000011100000000000000000110000
0000010000000000000000001111000000000000000000000000000111000000000000000000110000
0000010000000000000000000011110000000000000000000000111100000000000000000000110000
0000010000000000000000000000111110000000000000000011110000000000000000000000110000
0000010000000000000000000000001111111000000001111111000000000000000000000000110000
0000010000000000000000000000000000111111111111111000000000000000000000000000110000
0000010000000000000000000000000000000000000000000000000000000000000000000000110000
0000010000000000000000000000000000000000000000000000000000000000000000000000110000
0000010000000000000000000000000000000000000000000000000000000000000000000000110000
0000010000000000000000000000000000000000000000000000000000000000000000000000110000
0000011111111111111111111111111111111111111111111111111111111111111111111111110000
0000011111111111111111111111111111111111111111111111111111111111111111111111100000
0000000000000000000000000000000000000000000000000000000000000000000000000000000000
0000000000000000000000000000000000000000000000000000000000000000000000000000000000
0000000000000000000000000000000000000000000000000000000000000000000000000000000000
0000000000000000000000000000000000000000000000000000000000000000000000000000000000

== Output ==
0000000000000000000000000000000000000000000000000000000000000000000000000000000000
0000000000000000000000000000000000000000000000000000000000000000000000000000000000
0000000000000000000000000000000000000000000000000000000000000000000000000000000000
0000000000000000000000000000000000000000000000000000000000000000000000000000000000
0000000000000000000000000000000000000000000000000000000000000000000000000000000000
0000011111111111111111111111111111111111111111111111111111111111111111111111000000
0000011111111111111111111111111111111111111111111111111111111111111111111111000000
0000011111111111111111111111111111111111111111111111111111111111111111111111000000
0000011111111111111111111111111111111111111111111111111111111111111111111111000000
0000011111111111111111111111111111111111111111111111111111111111111111111111000000
0000011111111111111111111111111111111111111111111111111111111111111111111111000000
0000011111111111111111111111111111111111111111111111111111111111111111111111000000
0000011111111111111111111111111110000000000000001111111111111111111111111111000000
0000011111111111111111111111110000000000000000000000111111111111111111111111000000
0000011111111111111111111111000000000000000000000000001111111111111111111111000000
0000011111111111111111111100000000000000000000000000000011111111111111111111000000
0000011111111111111111110000000000000000000000000000000001111111111111111111000000
0000011111111111111111100000000000000000000000000000000000011111111111111111000000
0000011111111111111111000000000000000000000000000000000000001111111111111111000000
0000011111111111111110000000000000000000000000000000000000000111111111111111000000
0000011111111111111100000000000000000000000000000000000000000011111111111111000000
0000011111111111111000000000000000000000000000000000000000000001111111111111000000
0000011111111111110000000000000000000000000000000000000000000000111111111111000000
0000011111111111100000000000000000000000000000000000000000000000011111111111000000
0000011111111111000000000000000000000000000000000000000000000000011111111111000000
0000011111111111000000001100000000000000000000000000000110000000001111111111000000
0000011111111110000000011110000000000000000000000000001111000000000111111111000000
0000011111111110000000110011000000000000000000000000011001100000000111111111000000
0000011111111100000000110001100000000000000000000000110000110000000011111111000000
0000011111111100000001100000110000000000000000000001100000010000000011111111000000
0000011111111000000001000000011000000000000000000011000000011000000011111111000000
0000011111111000000011000000001100000000000000000110000000001000000001111111000000
0000011111111000000010000000000110000000000000001100000000001100000001111111000000
0000011111110000000110000000000011000000000000011000000000000100000001111111000000
0000011111110000000110000000000001100000000000110000000000000110000000111111000000
0000011111110000000100000000000000110000000001100000000000000110000000111111000000
0000011111110000001100000000000000011000000011000000000000000010000000111111000000
0000011111110000001100000000000000001100000110000000000000000010000000111111000000
0000011111110000001100000000000000000110001100000000000000000010000000111111000000
0000011111100000001100000000000000000011011000000000000000000010000000111111000000
0000011111100000001100000000000000000001110000000000000000000011000000111111000000
0000011111100000001100000000000000000000100000000000000000000011000000111111000000
0000011111100000001100000000000000000000000000000000000000000010000000111111000000
0000011111110000001100000000000000000000000000000000000000000010000000111111000000
0000011111110000001100000000000000000000000000000000000000000010000000111111000000
0000011111110000001100000000000000000000000000000000000000000110000000111111000000
0000011111110000000100000000000000000000000000000000000000000110000000111111000000
0000011111110000000110000000000000000000000000000000000000000110000000111111000000
0000011111110000000110000000000000000000000000000000000000000100000001111111000000
0000011111111000000010000000000000000000000000000000000000001100000001111111000000
0000011111111000000011000000000000000000000000000000000000001000000001111111000000
0000011111111000000001000000000000000000000000000000000000011000000011111111000000
0000011111111100000001100000000000000000000000000000000000010000000011111111000000
0000011111111100000000110000000000000000000000000000000000110000000011111111000000
0000011111111110000000010000000000000000000000000000000001100000000111111111000000
0000011111111110000000011000000000000000000000000000000011000000001111111111000000
0000011111111111000000001100000000000000000000000000000110000000001111111111000000
0000011111111111100000000111000000000000000000000000001100000000011111111111000000
0000011111111111100000000011100000000000000000000000011000000000111111111111000000
0000011111111111110000000000111000000000000000000001110000000000111111111111000000
0000011111111111111000000000011110000000000000000111000000000001111111111111000000
0000011111111111111100000000000111110000000000111100000000000011111111111111000000
0000011111111111111110000000000000111111111111110000000000000111111111111111000000
0000011111111111111111000000000000000011111000000000000000001111111111111111000000
0000011111111111111111100000000000000000000000000000000000111111111111111111000000
0000011111111111111111111000000000000000000000000000000001111111111111111111000000
0000011111111111111111111100000000000000000000000000000111111111111111111111000000
0000011111111111111111111111000000000000000000000000001111111111111111111111000000
0000011111111111111111111111111000000000000000000001111111111111111111111111000000
0000011111111111111111111111111111000000000000001111111111111111111111111111000000
0000011111111111111111111111111111111111111111111111111111111111111111111111000000
0000011111111111111111111111111111111111111111111111111111111111111111111111000000
0000011111111111111111111111111111111111111111111111111111111111111111111111000000
0000011111111111111111111111111111111111111111111111111111111111111111111111000000
0000011111111111111111111111111111111111111111111111111111111111111111111111000000
0000011111111111111111111111111111111111111111111111111111111111111111111111000000
0000011111111111111111111111111111111111111111111111111111111111111111111111000000
0000000000000000000000000000000000000000000000000000000000000000000000000000000000
0000000000000000000000000000000000000000000000000000000000000000000000000000000000
0000000000000000000000000000000000000000000000000000000000000000000000000000000000
0000000000000000000000000000000000000000000000000000000000000000000000000000000000
0000000000000000000000000000000000000000000000000000000000000000000000000000000000

0000000000000000000000000000000000000000000000000000000000000000000000000000000000
0000000000000000000000000000000000000000000000000000000000000000000000000000000000
0000000000000000000000000000000000000000000000000000000000000000000000000000000000
0000000000000000000000000000000000000000000000000000000000000000000000000000000000
0000000000000000000000000000000000000000000000000000000000000000000000000000000000
0000011111111111111111111111111111111111111111111111111111111111111111111111000000
0000011111111111111111111111111111111111111111111111111111111111111111111111100000
0000011111111111111111111111111111111111111111111111111111111111111111111111000000
0000011111111111111111111111111111111111111111111111111111111111111111111111000000
0000011111111111111111111111111111111111111111111111111111111111111111111111000000
0000011111111111111111111111111111111111111111111111111111111111111111111111000000
0000011111111111111111111111111111111111111111111111111111111111111111111111000000
0000011111111111111111111111111110000000000000000111111111111111111111111111000000
0000011111111111111111111111110000000000000000000000111111111111111111111111000000
0000011111111111111111111111000000000000000000000000001111111111111111111111000000
0000011111111111111111111100000000000000000000000000000011111111111111111111000000
0000011111111111111111111000000000000000000000000000000001111111111111111111000000
0000011111111111111111100000000000000000000000000000000000011111111111111111000000
0000011111111111111111000000000000000000000000000000000000001111111111111111000000
0000011111111111111110000000000000001111111111000000000000000111111111111111000000
0000011111111111111100000000000001111111111111111000000000000011111111111111000000
0000011111111111111000000000000111111111111111111110000000000001111111111111000000
0000011111111111110000000000011111111111111111111111100000000000111111111111000000
0000011111111111100000000001111111111111111111111111110000000000011111111111000000
0000011111111111100000000011111111111111111111111111111000000000011111111111000000
0000011111111111000000000111111111111111111111111111111100000000001111111111000000
0000011111111110000000001111111111111111111111111111111110000000000111111111000000
0000011111111110000000011111111111111111111111111111111111000000000111111111000000
0000011111111100000000011111111111111111111111111111111111100000000011111111000000
0000011111111100000000111111111111111111111111111111111111110000000011111111000000
0000011111111000000001111111111111111111111111111111111111110000000001111111000000
0000011111111000000001111111111111111111111111111111111111111000000001111111000000
0000011111111000000001111111111111111111111111111111111111111000000001111111000000
0000011111110000000011111111111111111111111111111111111111111000000001111111000000
0000011111110000000011111111111111111111111111111111111111111100000000111111000000
0000011111110000000011111111111111111111111111111111111111111100000000111111000000
0000011111110000000111111111111111111111111111111111111111111100000000111111000000
0000011111110000000111111111111111111111111111111111111111111110000000111111000000
0000011111110000000111111111111111111111111111111111111111111110000000111111000000
0000011111110000000111111111111111111111111111111111111111111110000000111111000000
0000011111110000000111111111111111111111111111111111111111111110000000111111000000
0000011111110000000111111111111111111111011111111111111111111110000000111111000000
0000011111110000000111111111111111111110001111111111111111111110000000111111000000
0000011111110000000111111111111111111100000111111111111111111110000000111111000000
0000011111110000000111111111111111111000000011111111111111111100000000111111000000
0000011111110000000111111111111111110000000001111111111111111100000000111111000000
0000011111110000000011111111111111100000000000111111111111111100000000111111000000
0000011111110000000011111111111111000000000000011111111111111100000000111111000000
0000011111110000000011111111111110000000000000001111111111111000000001111111000000
0000011111111000000001111111111100000000000000000111111111111000000001111111000000
0000011111111000000001111111111000000000000000000011111111111000000001111111000000
0000011111111000000000111111110000000000000000000001111111110000000011111111000000
0000011111111100000000111111100000000000000000000000111111100000000011111111000000
0000011111111100000000011111000000000000000000000000011111100000000011111111000000
0000011111111110000000001110000000000000000000000000001111000000000111111111000000
0000011111111110000000001100000000000000000000000000000110000000000111111111000000
0000011111111111000000000000000000000000000000000000000000000000001111111111000000
0000011111111111100000000000000000000000000000000000000000000000011111111111000000
0000011111111111100000000000000000000000000000000000000000000000011111111111000000
0000011111111111110000000000000000000000000000000000000000000000111111111111000000
0000011111111111111000000000000000000000000000000000000000000001111111111111000000
0000011111111111111100000000000000000000000000000000000000000011111111111111000000
0000011111111111111110000000000000000000000000000000000000000111111111111111000000
0000011111111111111111000000000000000000000000000000000000001111111111111111000000
0000011111111111111111100000000000000000000000000000000000011111111111111111000000
0000011111111111111111111000000000000000000000000000000001111111111111111111000000
0000011111111111111111111100000000000000000000000000000011111111111111111111000000
0000011111111111111111111111000000000000000000000000001111111111111111111111000000
0000011111111111111111111111111000000000000000000001111111111111111111111111000000
0000011111111111111111111111111111000000000000001111111111111111111111111111000000
0000011111111111111111111111111111111111111111111111111111111111111111111111000000
0000011111111111111111111111111111111111111111111111111111111111111111111111000000
0000011111111111111111111111111111111111111111111111111111111111111111111111000000
0000011111111111111111111111111111111111111111111111111111111111111111111111000000
0000011111111111111111111111111111111111111111111111111111111111111111111111000000
0000011111111111111111111111111111111111111111111111111111111111111111111111100000
0000011111111111111111111111111111111111111111111111111111111111111111111111000000
0000000000000000000000000000000000000000000000000000000000000000000000000000000000
0000000000000000000000000000000000000000000000000000000000000000000000000000000000
0000000000000000000000000000000000000000000000000000000000000000000000000000000000
0000000000000000000000000000000000000000000000000000000000000000000000000000000000
0000000000000000000000000000000000000000000000000000000000000000000000000000000000

0000000000000000000000000000000000000000000000000000000000000000000000000000000000
0000000000000000000000000000000000000000000000000000000000000000000000000000000000
0000000000000000000000000000000000000000000000000000000000000000000000000000000000
0000000000000000000000000000000000000000000000000000000000000000000000000000000000
0000000000000000000000000000000000000000000000000000000000000000000000000000000000
0000111111111111111111111111111111111111111111111111111111111111111111111111100000
0000110000000000000000000000000000000000000000000000000000000000000000000000100000
0000110000000000000000000000000000000000000000000000000000000000000000000000100000
0000110000000000000000000000000000000000000000000000000000000000000000000000100000
0000110000000000000000000000000000000000000000000000000000000000000000000000100000
0000110000000000000000000000000000000000000000000000000000000000000000000000100000
0000110000000000000000000000000000111111111111100000000000000000000000000000100000
0000110000000000000000000000000111111111111111111110000000000000000000000000100000
0000110000000000000000000000111111111111111111111111100000000000000000000000100000
0000110000000000000000000011111111111111111111111111111000000000000000000000100000
0000110000000000000000000111111111111111111111111111111110000000000000000000100000
0000110000000000000000011111111111111111111111111111111111000000000000000000100000
0000110000000000000000111111111111111111111111111111111111110000000000000000100000
0000110000000000000001111111111111111111111111111111111111111000000000000000100000
0000110000000000000011111111111111111111111111111111111111111100000000000000100000
0000110000000000000111111111111111110000000000111111111111111110000000000000100000
0000110000000000001111111111111110000000000000000111111111111111000000000000100000
0000110000000000011111111111111000000000000000000001111111111111100000000000100000
0000110000000000111111111111100000000000000000000000011111111111100000000000100000
0000110000000000111111111111000000000000000000000000001111111111110000000000100000
0000110000000001111111111100000000000000000000000000000111111111111000000000100000
0000110000000011111111111000000000000000000000000000000011111111111000000000100000
0000110000000011111111111000000000000000000000000000000001111111111100000000100000
0000110000000111111111110000000000000000000000000000000000111111111100000000100000
0000110000000111111111100000000000000000000000000000000000011111111110000000100000
0000110000000111111111000000000000000000000000000000000000011111111110000000100000
0000110000001111111111000000000000000000000000000000000000001111111111000000100000
0000110000001111111110000000000000000000000000000000000000001111111111000000100000
0000110000001111111110000000000000000000000000000000000000000111111111000000100000
0000110000011111111110000000000000000000000000000000000000000111111111000000100000
0000110000011111111100000000000000000000000000000000000000000111111111100000100000
0000110000011111111100000000000000000000000000000000000000000011111111100000100000
0000110000011111111100000000000000000000000000000000000000000011111111100000100000
0000110000011111111100000000000000000000000000000000000000000011111111100000100000
0000110000011111111100000000000000000000000000000000000000000011111111100000100000
0000110000011111111100000000000000000000100000000000000000000011111111100000100000
0000110000011111111100000000000000000001110000000000000000000011111111100000100000
0000110000011111111100000000000000000011111000000000000000000011111111100000100000
0000110000011111111100000000000000000111111100000000000000000011111111100000100000
0000110000011111111100000000000000001111111110000000000000000011111111100000100000
0000110000011111111100000000000000011111111111000000000000000011111111100000100000
0000110000011111111100000000000000111111111111100000000000000111111111100000100000
0000110000011111111110000000000001111111111111110000000000000111111111000000100000
0000110000001111111110000000000011111111111111111000000000000111111111000000100000
0000110000001111111110000000000111111111111111111100000000001111111111000000100000
0000110000001111111111000000001111111111111111111110000000001111111110000000100000
0000110000000111111111000000011111111111111111111111000000011111111110000000100000
0000110000000111111111100000111111111111111111111111100000011111111110000000100000
0000110000000111111111110001111111111111111111111111110000111111111100000000100000
0000110000000011111111111011111111111111111111111111111001111111111100000000100000
0000110000000011111111111111111111111111111111111111111111111111111000000000100000
0000110000000001111111111111111111111111111111111111111111111111111000000000100000
0000110000000000111111111111111111111111111111111111111111111111110000000000100000
0000110000000000111111111111111111111111111111111111111111111111100000000000100000
0000110000000000011111111111111111111111111111111111111111111111100000000000100000
0000110000000000001111111111111111111111111111111111111111111111000000000000100000
0000110000000000000111111111111111111111111111111111111111111110000000000000100000
0000110000000000000011111111111111111111111111111111111111111100000000000000100000
0000110000000000000001111111111111111111111111111111111111111000000000000000100000
0000110000000000000000111111111111111111111111111111111111110000000000000000100000
0000110000000000000000011111111111111111111111111111111111000000000000000000100000
0000110000000000000000000111111111111111111111111111111110000000000000000000100000
0000110000000000000000000001111111111111111111111111111000000000000000000000100000
0000110000000000000000000000011111111111111111111111100000000000000000000000100000
0000110000000000000000000000000111111111111111111110000000000000000000000000100000
0000110000000000000000000000000000011111111111100000000000000000000000000000100000
0000110000000000000000000000000000000000000000000000000000000000000000000000100000
0000110000000000000000000000000000000000000000000000000000000000000000000000100000
0000110000000000000000000000000000000000000000000000000000000000000000000000100000
0000110000000000000000000000000000000000000000000000000000000000000000000000100000
0000110000000000000000000000000000000000000000000000000000000000000000000000100000
0000111111111111111111111111111111111111111111111111111111111111111111111111100000
0000011111111111111111111111111111111111111111111111111111111111111111111111000000
0000000000000000000000000000000000000000000000000000000000000000000000000000000000
0000000000000000000000000000000000000000000000000000000000000000000000000000000000
0000000000000000000000000000000000000000000000000000000000000000000000000000000000
0000000000000000000000000000000000000000000000000000000000000000000000000000000000

0000000000000000000000000000000000000000000000000000000000000000000000000000000000
0000000000000000000000000000000000000000000000000000000000000000000000000000000000
0000000000000000000000000000000000000000000000000000000000000000000000000000000000
0000000000000000000000000000000000000000000000000000000000000000000000000000000000
0000000000000000000000000000000000000000000000000000000000000000000000000000000000
0000111111111111111111111111111111111111111111111111111111111111111111111111110000
0000110000000000000000000000000000000000000000000000000000000000000000000000110000
0000110000000000000000000000000000000000000000000000000000000000000000000000110000
0000110000000000000000000000000000000000000000000000000000000000000000000000110000
0000110000000000000000000000000000000000000000000000000000000000000000000000110000
0000110000000000000000000000000000011111111111100000000000000000000000000000110000
0000110000000000000000000000000111111111111111111110000000000000000000000000110000
0000110000000000000000000000011110000000000000000111100000000000000000000000110000
0000110000000000000000000001110000000000000000000000111000000000000000000000110000
0000110000000000000000000111000000000000000000000000001110000000000000000000110000
0000110000000000000000011100000000000000000000000000000011100000000000000000110000
0000110000000000000000111000000000000000000000000000000001110000000000000000110000
0000110000000000000001100000000000000000000000000000000000011000000000000000110000
0000110000000000000011000000000000000000000000000000000000001100000000000000110000
0000110000000000000110000000000000000000000000000000000000000110000000000000110000
0000110000000000001100000000000000000000000000000000000000000011000000000000110000
0000110000000000011000000000000000000000000000000000000000000001100000000000110000
0000110000000000110000000000000000000000000000000000000000000000110000000000110000
0000110000000001100000000000000000000000000000000000000000000000011000000000110000
0000110000000001100000000000000000000000000000000000000000000000011000000000110000
0000110000000011000000001110000000000000000000000000000111000000001100000000110000
0000110000000010000000011111000000000000000000000000001111000000000100000000110000
0000110000000110000000011011100000000000000000000000011001100000000110000000110000
0000110000000100000000110001110000000000000000000000110000110000000010000000110000
0000110000001100000001100000111000000000000000000001100000011000000011000000110000
0000110000001100000001000000011100000000000000000011000000011000000011000000110000
0000110000001000000011000000001110000000000000000110000000001100000001100000110000
0000110000011000000010000000000111000000000000001100000000001100000001100000110000
0000110000011000000110000000000011100000000000011000000000000100000001100000110000
0000110000010000000110000000000001110000000000110000000000000110000000100000110000
0000110000010000000100000000000000111000000001100000000000000110000000110000110000
0000110000110000000100000000000000011100000011000000000000000010000000110000110000
0000110000110000001100000000000000001110000110000000000000000010000000110000110000
0000110000110000001100000000000000000111001100000000000000000011000000110000110000
0000110000110000001100000000000000000011111000000000000000000011000000110000110000
0000110000110000001100000000000000000001110000000000000000000011000000110000110000
0000110000110000001100000000000000000000100000000000000000000011000000110000110000
0000110000110000001100000000000000000000000000000000000000000011000000110000110000
0000110000110000001100000000000000000000000000000000000000000011000000110000110000
0000110000110000001100000000000000000000000000000000000000000010000000110000110000
0000110000110000000100000000000000000000000000000000000000000010000000110000110000
0000110000010000000100000000000000000000000000000000000000000110000000100000110000
0000110000010000000110000000000000000000000000000000000000000110000000100000110000
0000110000011000000110000000000000000000000000000000000000000100000001100000110000
0000110000011000000011000000000000000000000000000000000000001100000001100000110000
0000110000001000000011000000000000000000000000000000000000001100000001000000110000
0000110000001100000001100000000000000000000000000000000000011000000011000000110000
0000110000001100000001100000000000000000000000000000000000011000000011000000110000
0000110000000100000000110000000000000000000000000000000000110000000010000000110000
0000110000000110000000011000000000000000000000000000000001100000000110000000110000
0000110000000011000000011000000000000000000000000000000011000000000100000000110000
0000110000000011000000001110000000000000000000000000000110000000001100000000110000
0000110000000001100000000111000000000000000000000000001100000000011000000000110000
0000110000000000100000000011100000000000000000000000011000000000011000000000110000
0000110000000000110000000000111000000000000000000001110000000000110000000000110000
0000110000000000011000000000011110000000000000000111000000000001100000000000110000
0000110000000000001100000000000111110000000000111110000000000011000000000000110000
0000110000000000000110000000000000111111111111110000000000000110000000000000110000
0000110000000000000011000000000000000011111100000000000000001100000000000000110000
0000110000000000000001100000000000000000000000000000000000011000000000000000110000
0000110000000000000000111000000000000000000000000000000001110000000000000000110000
0000110000000000000000011100000000000000000000000000000011100000000000000000110000
0000110000000000000000000111000000000000000000000000001110000000000000000000110000
0000110000000000000000000001111000000000000000000001111000000000000000000000110000
0000110000000000000000000000011111000000000000001111100000000000000000000000110000
0000110000000000000000000000000011111111111111111100000000000000000000000000110000
0000110000000000000000000000000000001111111111100000000000000000000000000000110000
0000110000000000000000000000000000000000000000000000000000000000000000000000110000
0000110000000000000000000000000000000000000000000000000000000000000000000000110000
0000110000000000000000000000000000000000000000000000000000000000000000000000110000
0000110000000000000000000000000000000000000000000000000000000000000000000000110000
0000111111111111111111111111111111111111111111111111111111111111111111111111110000
0000011111111111111111111111111111111111111111111111111111111111111111111111100000
0000000000000000000000000000000000000000000000000000000000000000000000000000000000
0000000000000000000000000000000000000000000000000000000000000000000000000000000000
0000000000000000000000000000000000000000000000000000000000000000000000000000000000
0000000000000000000000000000000000000000000000000000000000000000000000000000000000

0000000000000000000000000000000000000000000000000000000000000000000000000000000000
0000000000000000000000000000000000000000000000000000000000000000000000000000000000
0000000000000000000000000000000000000000000000000000000000000000000000000000000000
0000000000000000000000000000000000000000000000000000000000000000000000000000000000
0000000000000000000000000000000000000000000000000000000000000000000000000000000000
0000011111111111111111111111111111111111111111111111111111111111111111111111100000
0000011111111111111111111111111111111111111111111111111111111111111111111111100000
0000011111111111111111111111111111111111111111111111111111111111111111111111100000
0000011111111111111111111111111111111111111111111111111111111111111111111111100000
0000011111111111111111111111111111111111111111111111111111111111111111111111100000
0000011111111111111111111111111111111111111111111111111111111111111111111111100000
0000011111111111111111111111111111111111111111111111111111111111111111111111100000
0000011111111111111111111111111111000000000000001111111111111111111111111111100000
0000011111111111111111111111111000000000000000000001111111111111111111111111100000
0000011111111111111111111111000000000000000000000000001111111111111111111111100000
0000011111111111111111111110000000000000000000000000000111111111111111111111100000
0000011111111111111111111000000000000000000000000000000001111111111111111111100000
0000011111111111111111100000000000000000000000000000000000011111111111111111100000
0000011111111111111111000000000000000011111100000000000000001111111111111111100000
0000011111111111111110000000000000111111111111110000000000000111111111111111100000
0000011111111111111100000000000111110000000000111110000000000011111111111111100000
0000011111111111111000000000011110000000000000000111100000000001111111111111100000
0000011111111111110000000000111000000000000000000001110000000000111111111111100000
0000011111111111100000000011100000000000000000000000011000000000011111111111100000
0000011111111111100000000111000000000000000000000000001110000000011111111111100000
0000011111111111000000001100000000000000000000000000000111000000001111111111100000
0000011111111110000000011000000000000000000000000000000011000000000111111111100000
0000011111111110000000011000000000000000000000000000000001100000000111111111100000
0000011111111100000000110000000000000000000000000000000000110000000011111111100000
0000011111111100000001100000000000000000000000000000000000011000000011111111100000
0000011111111100000001100000000000000000000000000000000000011000000011111111100000
0000011111111000000011000000000000000000000000000000000000001100000001111111100000
0000011111111000000011000000000000000000000000000000000000001100000001111111100000
0000011111111000000010000000000000000000000000000000000000000100000001111111100000
0000011111110000000110000000000000000000000000000000000000000110000000111111100000
0000011111110000000100000000000000000000000000000000000000000110000000111111100000
0000011111110000000100000000000000000000000000000000000000000010000000111111100000
0000011111110000000100000000000000000000000000000000000000000010000000111111100000
0000011111110000001100000000000000000000000000000000000000000011000000111111100000
0000011111110000001100000000000000000000000000000000000000000011000000111111100000
0000011111110000001100000000000000000000110000000000000000000011000000111111100000
0000011111110000001100000000000000000001111000000000000000000011000000111111100000
0000011111110000001100000000000000000011011100000000000000000011000000111111100000
0000011111110000001100000000000000000110001110000000000000000011000000111111100000
0000011111110000000100000000000000001100000111000000000000000010000000111111100000
0000011111110000000100000000000000011000000011100000000000000010000000111111100000
0000011111110000000110000000000000110000000001110000000000000110000000111111100000
0000011111110000000110000000000001100000000000111000000000000110000000111111100000
0000011111111000000010000000000011000000000000011100000000000100000001111111100000
0000011111111000000011000000000110000000000000001110000000001100000001111111100000
0000011111111000000011000000001100000000000000000111000000001100000001111111100000
0000011111111000000001100000011000000000000000000011100000011000000001111111100000
0000011111111100000001100000110000000000000000000001110000011000000011111111100000
0000011111111100000000110001100000000000000000000000111000110000000011111111100000
0000011111111110000000011011000000000000000000000000011101100000000111111111100000
0000011111111110000000011111000000000000000000000000001111000000000111111111100000
0000011111111111000000001100000000000000000000000000000111000000001111111111100000
0000011111111111100000000000000000000000000000000000000000000000011111111111100000
0000011111111111100000000000000000000000000000000000000000000000011111111111100000
0000011111111111110000000000000000000000000000000000000000000000111111111111100000
0000011111111111111000000000000000000000000000000000000000000001111111111111100000
0000011111111111111100000000000000000000000000000000000000000011111111111111100000
0000011111111111111110000000000000000000000000000000000000000111111111111111100000
0000011111111111111111000000000000000000000000000000000000001111111111111111100000
0000011111111111111111100000000000000000000000000000000000011111111111111111100000
0000011111111111111111111000000000000000000000000000000001111111111111111111100000
0000011111111111111111111100000000000000000000000000000011111111111111111111100000
0000011111111111111111111111000000000000000000000000001111111111111111111111100000
0000011111111111111111111111111000000000000000000001111111111111111111111111100000
0000011111111111111111111111111111000000000000001111111111111111111111111111100000
0000011111111111111111111111111111111111111111111111111111111111111111111111100000
0000011111111111111111111111111111111111111111111111111111111111111111111111100000
0000011111111111111111111111111111111111111111111111111111111111111111111111100000
0000011111111111111111111111111111111111111111111111111111111111111111111111100000
0000011111111111111111111111111111111111111111111111111111111111111111111111100000
0000011111111111111111111111111111111111111111111111111111111111111111111111100000
0000001111111111111111111111111111111111111111111111111111111111111111111111000000
0000000000000000000000000000000000000000000000000000000000000000000000000000000000
0000000000000000000000000000000000000000000000000000000000000000000000000000000000
0000000000000000000000000000000000000000000000000000000000000000000000000000000000
0000000000000000000000000000000000000000000000000000000000000000000000000000000000
0000000000000000000000000000000000000000000000000000000000000000000000000000000000

0000000000000000000000000000000000000000000000000000000000000000000000000000000000
0000000000000000000000000000000000000000000000000000000000000000000000000000000000
0000000000000000000000000000000000000000000000000000000000000000000000000000000000
0000000000000000000000000000000000000000000000000000000000000000000000000000000000
0000000000000000000000000000000000000000000000000000000000000000000000000000000000
0000011111111111111111111111111111111111111111111111111111111111111111111111100000
0000011111111111111111111111111111111111111111111111111111111111111111111111100000
0000011111111111111111111111111111111111111111111111111111111111111111111111100000
0000011111111111111111111111111111111111111111111111111111111111111111111111100000
0000011111111111111111111111111111111111111111111111111111111111111111111111100000
0000011111111111111111111111111111111111111111111111111111111111111111111111100000
0000011111111111111111111111111111111111111111111111111111111111111111111111100000
0000011111111111111111111111111111000000000000001111111111111111111111111111100000
0000011111111111111111111111111000000000000000000001111111111111111111111111100000
0000011111111111111111111111100000000000000000000000001111111111111111111111100000
0000011111111111111111111110000000000000000000000000000011111111111111111111100000
0000011111111111111111111000000000000000000000000000000001111111111111111111100000
0000011111111111111111110000000000000000000000000000000000011111111111111111100000
0000011111111111111111000000000000000000000000000000000000001111111111111111100000
0000011111111111111110000000000000000000000000000000000000000111111111111111100000
0000011111111111111100000000000000000000000000000000000000000011111111111111100000
0000011111111111111000000000000000000000000000000000000000000001111111111111100000
0000011111111111110000000000000000000000000000000000000000000000111111111111100000
0000011111111111100000000000000000000000000000000000000000000000011111111111100000
0000011111111111100000000000000000000000000000000000000000000000011111111111100000
0000011111111111000000000000000000000000000000000000000000000000001111111111100000
0000011111111110000000000100000000000000000000000000000011000000000111111111100000
0000011111111110000000001111000000000000000000000000000111000000000111111111100000
0000011111111100000000011111100000000000000000000000001111100000000011111111100000
0000011111111100000000111111110000000000000000000000011111110000000011111111100000
0000011111111100000000111111111000000000000000000000111111110000000001111111100000
0000011111111000000001111111111100000000000000000001111111111000000001111111100000
0000011111111000000001111111111110000000000000000011111111111000000001111111100000
0000011111111000000011111111111111000000000000000111111111111100000000111111100000
0000011111110000000011111111111111100000000000001111111111111100000000111111100000
0000011111110000000011111111111111110000000000011111111111111100000000111111100000
0000011111110000000011111111111111111000000000111111111111111110000000111111100000
0000011111110000000111111111111111111100000001111111111111111110000000111111100000
0000011111110000000111111111111111111110000011111111111111111110000000111111100000
0000011111110000000111111111111111111111000111111111111111111110000000111111100000
0000011111110000000111111111111111111111001111111111111111111110000000011111100000
0000011111110000000111111111111111111111111111111111111111111110000000011111100000
0000011111110000000111111111111111111111111111111111111111111110000000111111100000
0000011111110000000111111111111111111111111111111111111111111110000000111111100000
0000011111110000000111111111111111111111111111111111111111111110000000111111100000
0000011111110000000011111111111111111111111111111111111111111110000000111111100000
0000011111110000000011111111111111111111111111111111111111111100000000111111100000
0000011111110000000011111111111111111111111111111111111111111100000000111111100000
0000011111111000000011111111111111111111111111111111111111111100000000111111100000
0000011111111000000001111111111111111111111111111111111111111000000001111111100000
0000011111111000000001111111111111111111111111111111111111111000000001111111100000
0000011111111100000000111111111111111111111111111111111111110000000001111111100000
0000011111111100000000111111111111111111111111111111111111110000000011111111100000
0000011111111100000000011111111111111111111111111111111111100000000011111111100000
0000011111111110000000001111111111111111111111111111111111000000000111111111100000
0000011111111110000000000111111111111111111111111111111111000000000111111111100000
0000011111111111000000000111111111111111111111111111111110000000001111111111100000
0000011111111111100000000001111111111111111111111111111000000000011111111111100000
0000011111111111100000000000111111111111111111111111110000000000011111111111100000
0000011111111111110000000000011111111111111111111111100000000000111111111111100000
0000011111111111111000000000000111111111111111111110000000000001111111111111100000
0000011111111111111100000000000001111111111111111000000000000011111111111111100000
0000011111111111111110000000000000000111111110000000000000000111111111111111100000
0000011111111111111111000000000000000000000000000000000000001111111111111111100000
0000011111111111111111100000000000000000000000000000000000011111111111111111100000
0000011111111111111111111000000000000000000000000000000001111111111111111111100000
0000011111111111111111111100000000000000000000000000000011111111111111111111100000
0000011111111111111111111111000000000000000000000000001111111111111111111111100000
0000011111111111111111111111111000000000000000000001111111111111111111111111100000
0000011111111111111111111111111111000000000000001111111111111111111111111111100000
0000011111111111111111111111111111111111111111111111111111111111111111111111100000
0000011111111111111111111111111111111111111111111111111111111111111111111111100000
0000011111111111111111111111111111111111111111111111111111111111111111111111100000
0000011111111111111111111111111111111111111111111111111111111111111111111111100000
0000011111111111111111111111111111111111111111111111111111111111111111111111100000
0000011111111111111111111111111111111111111111111111111111111111111111111111100000
0000001111111111111111111111111111111111111111111111111111111111111111111111000000
0000000000000000000000000000000000000000000000000000000000000000000000000000000000
0000000000000000000000000000000000000000000000000000000000000000000000000000000000
0000000000000000000000000000000000000000000000000000000000000000000000000000000000
0000000000000000000000000000000000000000000000000000000000000000000000000000000000
0000000000000000000000000000000000000000000000000000000000000000000000000000000000

