== Attributes ==
title=2x1 Basic Problem 07
type= 2x1
result=2
window_size=(82, 82)

== Input ==
0000000000000000000000000000000000000000000000000000000000000000000000000000000000
0000000000000000000000000000000000000000000000000000000000000000000000000000000000
0000000000000000000000000000000000000000000000000000000000000000000000000000000000
0000000000000000000000000000000000000000000000000000000000000000000000000000000000
0000000000000000000000000000000000000000000000000000000000000000000000000000000000
0000000000000000000000000000000000000000000000000000000000000000000000000000000000
0000000000000000000000000000000000000000000000000000000000000000000000000000000000
0000000000000000000000000000000000000000000000000000000000000000000000000000000000
0000000000000000000000000000000000000000000000000000000000000000000000000000000000
0000000000000000000000000000000000000000100000000000000000000000000000000000000000
0000000000000000000000000000000000000000110000000000000000000000000000000000000000
0000000000000000000000000000000000000001110000000000000000000000000000000000000000
0000000000000000000000000000000000000001011000000000000000000000000000000000000000
0000000000000000000000000000000000000011001000000000000000000000000000000000000000
0000000000000000000000000000000000000010001100000000000000000000000000000000000000
0000000000000000000000000000000000000110000100000000000000000000000000000000000000
0000000000000000000000000000000000000100000110000000000000000000000000000000000000
0000000000000000000000000000000000001100000010000000000000000000000000000000000000
0000000000000000000000000000000000001000000011000000000000000000000000000000000000
0000000000000000000000000000000000011000000001000000000000000000000000000000000000
0000000000000000000000000000000000010000000001100000000000000000000000000000000000
0000000000000000000000000000000000110000000000100000000000000000000000000000000000
0000000000000000000000000000000000100000000000110000000000000000000000000000000000
0000000000000000000000000000000001100000000000010000000000000000000000000000000000
0000000000000000000000000000000001000000000000011000000000000000000000000000000000
0000000000000000000000000000000011000000000000011100000000000000000000000000000000
0000000000000000000000000000000011111111111111111100000000000000000000000000000000
0000000000000000000000000000000000000000000000000000000000000000000000000000000000
0000000000000000000000000000000000000000000000000000000000000000000000000000000000
0000000000000000000000000000000000000000000000000000000000000000000000000000000000
0000000000000000000000000000000000000000000000000000000000000000000000000000000000
0000000000000000000000000000000000000000000000000000000000000000000000000000000000
0000000000000000000000000000000000000000000000000000000000000000000000000000000000
0000000000000000000000000000000000000000000000000000000000000000000000000000000000
0000000000000000000000000000000000000000000000000000000000000000000000000000000000
0000000000000000000000000000000000000000000000000000000000000000000000000000000000
0000000000000000000000000000000000000000000000000000000000000000000000000000000000
0000000000000000000000000000000000000000000000000000000000000000000000000000000000
0000000000000000000000000000000000000000000000000000000000000000000000000000000000
0000000000000000000000000000000000000000000000000000000000000000000000000000000000
0000000000000000000000000000000000000000000000000000000000000000000000000000000000
0000000000000000000000000000000000000000000000000000000000000000000000000000000000
0000000000000000000000000000000000000000000000000000000000000000000000000000000000
0000000000000000000000000000000000000000000000000000000000000000000000000000000000
0000000000000000000000000000000000000000000000000000000000000000000000000000000000
0000000000000000000000000000000000000000000000000000000000000000000000000000000000
0000000000000000000000000000000000000000000000000000000000000000000000000000000000
0000000000000000000000000000000000000000000000000000000000000000000000000000000000
0000000000000000000000000000000000000000000000000000000000000000000000000000000000
0000000000000000000000000000000000000000000000000000000000000000000000000000000000
0000000000000000000000000000000000000000000000000000000000000000000000000000000000
0000000000000000000000000000000000000000000000000000000000000000000000000000000000
0000000000000000000000000000000000000000000000000000000000000000000000000000000000
0000000000000000000000000000000000000000000000000000000000000000000000000000000000
0000000000000000000000000000000000000000000000000000000000000000000000000000000000
0000000000000000000000000000000000000000000000000000000000000000000000000000000000
0000000011111111111111111100000000000000000000000000000000001111111000000000000000
0000000011000000000000001100000000000000000000000000000000111000001110000000000000
0000000010000000000000001100000000000000000000000000000001100000000011000000000000
0000000011000000000000001100000000000000000000000000000011000000000001100000000000
0000000010000000000000001100000000000000000000000000000110000000000000110000000000
0000000010000000000000001100000000000000000000000000000110000000000000110000000000
0000000010000000000000001100000000000000000000000000000100000000000000010000000000
0000000010000000000000001100000000000000000000000000000100000000000000010000000000
0000000010000000000000001100000000000000000000000000001100000000000000011000000000
0000000010000000000000001100000000000000000000000000000100000000000000010000000000
0000000010000000000000001100000000000000000000000000000100000000000000010000000000
0000000010000000000000001100000000000000000000000000000110000000000000110000000000
0000000010000000000000001100000000000000000000000000000110000000000000110000000000
0000000011000000000000001100000000000000000000000000000011000000000001100000000000
0000000010000000000000001100000000000000000000000000000001100000000011000000000000
0000000011000000000000001100000000000000000000000000000000111000001110000000000000
0000000011111111111111111100000000000000000000000000000000011111111100000000000000
0000000011111111111111111000000000000000000000000000000000000011100000000000000000
0000000000000000000000000000000000000000000000000000000000000000000000000000000000
0000000000000000000000000000000000000000000000000000000000000000000000000000000000
0000000000000000000000000000000000000000000000000000000000000000000000000000000000
0000000000000000000000000000000000000000000000000000000000000000000000000000000000
0000000000000000000000000000000000000000000000000000000000000000000000000000000000
0000000000000000000000000000000000000000000000000000000000000000000000000000000000
0000000000000000000000000000000000000000000000000000000000000000000000000000000000
0000000000000000000000000000000000000000000000000000000000000000000000000000000000

0000000000000000000000000000000000000000000000000000000000000000000000000000000000
0000000000000000000000000000000000000000000000000000000000000000000000000000000000
0000000000000000000000000000000000000000000000000000000000000000000000000000000000
0000000000000000000000000000000000000000000000000000000000000000000000000000000000
0000000000000000000000000000000000000000000000000000000000000000000000000000000000
0000000000000000000000000000000000000000000000000000000000000000000000000000000000
0000000000000000000000000000000000000000000000000000000000000000000000000000000000
0000000000000000000000000000000000000000000000000000000000000000000000000000000000
0000000000000000000000000000000000000000000000000000000000000000000000000000000000
0000000000000000000000000000000001111111111111111100000000000000000000000000000000
0000000000000000000000000000000001111111111111111100000000000000000000000000000000
0000000000000000000000000000000001100000000000001100000000000000000000000000000000
0000000000000000000000000000000000110000000000001000000000000000000000000000000000
0000000000000000000000000000000000110000000000011000000000000000000000000000000000
0000000000000000000000000000000000011000000000010000000000000000000000000000000000
0000000000000000000000000000000000011000000000110000000000000000000000000000000000
0000000000000000000000000000000000001100000000100000000000000000000000000000000000
0000000000000000000000000000000000001100000001100000000000000000000000000000000000
0000000000000000000000000000000000000110000001000000000000000000000000000000000000
0000000000000000000000000000000000000110000011000000000000000000000000000000000000
0000000000000000000000000000000000000011000010000000000000000000000000000000000000
0000000000000000000000000000000000000011000110000000000000000000000000000000000000
0000000000000000000000000000000000000001100100000000000000000000000000000000000000
0000000000000000000000000000000000000001101100000000000000000000000000000000000000
0000000000000000000000000000000000000000111000000000000000000000000000000000000000
0000000000000000000000000000000000000000111000000000000000000000000000000000000000
0000000000000000000000000000000000000000010000000000000000000000000000000000000000
0000000000000000000000000000000000000000000000000000000000000000000000000000000000
0000000000000000000000000000000000000000000000000000000000000000000000000000000000
0000000000000000000000000000000000000000000000000000000000000000000000000000000000
0000000000000000000000000000000000000000000000000000000000000000000000000000000000
0000000000000000000000000000000000000000000000000000000000000000000000000000000000
0000000000000000000000000000000000000000000000000000000000000000000000000000000000
0000000000000000000000000000000000000000000000000000000000000000000000000000000000
0000000000000000000000000000000000000000000000000000000000000000000000000000000000
0000000000000000000000000000000000000000000000000000000000000000000000000000000000
0000000000000000000000000000000000000000000000000000000000000000000000000000000000
0000000000000000000000000000000000000000000000000000000000000000000000000000000000
0000000000000000000000000000000000000000000000000000000000000000000000000000000000
0000000000000000000000000000000000000000000000000000000000000000000000000000000000
0000000011111111111111111111111111111111110000000000000000000000000000000000000000
0000000011111111111111111111111111111111110000000000000000000000000000000000000000
0000000010000000000000000000000000000000010000000000000000000000000000000000000000
0000000010000000000000000000000000000000010000000000000000000000000000000000000000
0000000010000000000000000000000000000000010000000000000000000000000000000000000000
0000000010000000000000000000000000000000010000000000000000000000000000000000000000
0000000010000000000000000000000000000000010000000000000000000000000000000000000000
0000000010000000000000000000000000000000010000000000000000000000000000000000000000
0000000010000000000000000000000000000000010000000000000000000000000000000000000000
0000000010000000000000000000000000000000010000000000000000000000000000000000000000
0000000010000000000000000000000000000000010000000000000000000000000000000000000000
0000000010000000000000000000000000000000010000000000000000000000000000000000000000
0000000010000000000000000000000000000000010000000000000000000000000000000000000000
0000000010000000000000000000000000000000010000000000000000000000000000000000000000
0000000010000000000000000000000000000000010000000000000000000000000000000000000000
0000000010000000000000000000000000000000010000000000000000000000000000000000000000
0000000010000000000000000000000000000000010000000000000000000011110000000000000000
0000000010000000000000000000000000000000010000000000000000001111111110000000000000
0000000010000000000000000000000000000000010000000000000000011111111111000000000000
0000000010000000000000000000000000000000010000000000000000111111111111100000000000
0000000010000000000000000000000000000000010000000000000001111111111111100000000000
0000000010000000000000000000000000000000010000000000000001111111111111110000000000
0000000010000000000000000000000000000000010000000000000011111111111111110000000000
0000000010000000000000000000000000000000010000000000000011111111111111110000000000
0000000010000000000000000000000000000000010000000000000011111111111111110000000000
0000000010000000000000000000000000000000010000000000000011111111111111110000000000
0000000010000000000000000000000000000000010000000000000011111111111111110000000000
0000000010000000000000000000000000000000010000000000000001111111111111110000000000
0000000010000000000000000000000000000000010000000000000001111111111111100000000000
0000000010000000000000000000000000000000010000000000000000111111111111100000000000
0000000010000000000000000000000000000000010000000000000000011111111111000000000000
0000000010000000000000000000000000000000010000000000000000001111111110000000000000
0000000011000000000000000000000000000000010000000000000000000011110000000000000000
0000000011111111111111111111111111111111110000000000000000000000000000000000000000
0000000001111111111111111111111111111111110000000000000000000000000000000000000000
0000000000000000000000000000000000000000000000000000000000000000000000000000000000
0000000000000000000000000000000000000000000000000000000000000000000000000000000000
0000000000000000000000000000000000000000000000000000000000000000000000000000000000
0000000000000000000000000000000000000000000000000000000000000000000000000000000000
0000000000000000000000000000000000000000000000000000000000000000000000000000000000
0000000000000000000000000000000000000000000000000000000000000000000000000000000000
0000000000000000000000000000000000000000000000000000000000000000000000000000000000

0000000000000000000000000000000000000000000000000000000000000000000000000000000000
0000000000000000000000000000000000000000000000000000000000000000000000000000000000
0000000000000000000000000000000000000000000000000000000000000000000000000000000000
0000000000000000000000000000000000000000000000000000000000000000000000000000000000
0000000000000000000000000000000000000000000000000000000000000000000000000000000000
0000000000000000000000000000000000000000000000000000000000000000000000000000000000
0000000000000000000000000000000000000000000000000000000000000000000000000000000000
0000000000000000000000000000000000000000000000000000000000000000000000000000000000
0000000000000000000000000000000000000000000000000000000000000000000000000000000000
0000000001111111111111111110000000000000000000000000000000000000111110000000000000
0000000001111111111111111110000000000000000000000000000000000011111111110000000000
0000000001000000000000000110000000000000000000000000000000000110000000111000000000
0000000001000000000000000110000000000000000000000000000000001100000000001100000000
0000000001000000000000000110000000000000000000000000000000011000000000001100000000
0000000001000000000000000110000000000000000000000000000000110000000000000110000000
0000000001000000000000000110000000000000000000000000000000110000000000000010000000
0000000001000000000000000110000000000000000000000000000000100000000000000011000000
0000000001000000000000000110000000000000000000000000000000100000000000000011000000
0000000001000000000000000110000000000000000000000000000000100000000000000011000000
0000000001000000000000000110000000000000000000000000000000100000000000000011000000
0000000001000000000000000110000000000000000000000000000000110000000000000010000000
0000000001000000000000000110000000000000000000000000000000110000000000000110000000
0000000001000000000000000110000000000000000000000000000000011000000000000100000000
0000000001000000000000000110000000000000000000000000000000011100000000001100000000
0000000001000000000000000110000000000000000000000000000000001110000000111000000000
0000000001100000000000000110000000000000000000000000000000000011111111110000000000
0000000001111111111111111110000000000000000000000000000000000001111111000000000000
0000000000000000000000000000000000000000000000000000000000000000000000000000000000
0000000000000000000000000000000000000000000000000000000000000000000000000000000000
0000000000000000000000000000000000000000000000000000000000000000000000000000000000
0000000000000000000000000000000000000000000000000000000000000000000000000000000000
0000000000000000000000000000000000000000000000000000000000000000000000000000000000
0000000000000000000000000000000000000000000000000000000000000000000000000000000000
0000000000000000000000000000000000000000000000000000000000000000000000000000000000
0000000000000000000000000000000000000000000000000000000000000000000000000000000000
0000000000000000000000000000000000000000000000000000000000000000000000000000000000
0000000000000000000000000000000000000000000000000000000000000000000000000000000000
0000000000000000000000000000000000000000000000000000000000000000000000000000000000
0000000000000000000000000000000000000000000000000000000000000000000000000000000000
0000000000000000000000000000000000000000000000000000000000000000000000000000000000
0000000000000000000000000000000000000000000000000000000000000000000000000000000000
0000000000000000000000000000000000000000000000000000000000000000000000000000000000
0000000000000000000000000000000000000000000000000000000000000000000000000000000000
0000000000000000000000000000000000000000000000000000000000000000000000000000000000
0000000000000000000000000000000000000000000000000000000000000000000000000000000000
0000000000000000000000000000000000000000000000000000000000000000000000000000000000
0000000000000000000000000000000000000000000000000000000000000000000000000000000000
0000000000000000000000000000000000000000000000000000000000000000000000000000000000
0000000000000000000000000000000000000000000000000000000000000000000000000000000000
0000000000000000000000000000000000000000000000000000000000000000000000000000000000
0000000000000000000000000000000000000000000000000000000000000000000000000000000000
0000000000000000000000000000000000000000000000000000000000000000000000000000000000
0000000000000000000000000000000000000000000000000000000000000000000000000000000000
0000000000000000000000000000000000000000000000000000000000000000000000000000000000
0000000000000000000000000000000000000000000000000000000000000000000000000000000000
0000000000000000000000000000000000000000000000000000000000000000000000000000000000
0000000000000000000000000000000000000000000000000000000000000000000000000000000000
0000000000000000000000000000000000000000000000000000000000000000000000000000000000
0000000000000000000000000000000000000000110000000000000000000000000000000000000000
0000000000000000000000000000000000000000110000000000000000000000000000000000000000
0000000000000000000000000000000000000001111000000000000000000000000000000000000000
0000000000000000000000000000000000000001001000000000000000000000000000000000000000
0000000000000000000000000000000000000011001100000000000000000000000000000000000000
0000000000000000000000000000000000000011000100000000000000000000000000000000000000
0000000000000000000000000000000000000110000110000000000000000000000000000000000000
0000000000000000000000000000000000000110000010000000000000000000000000000000000000
0000000000000000000000000000000000001100000011000000000000000000000000000000000000
0000000000000000000000000000000000001100000001000000000000000000000000000000000000
0000000000000000000000000000000000011000000001100000000000000000000000000000000000
0000000000000000000000000000000000011000000000100000000000000000000000000000000000
0000000000000000000000000000000000110000000000110000000000000000000000000000000000
0000000000000000000000000000000000110000000000010000000000000000000000000000000000
0000000000000000000000000000000001100000000000011000000000000000000000000000000000
0000000000000000000000000000000001000000000000001000000000000000000000000000000000
0000000000000000000000000000000011111111111111111100000000000000000000000000000000
0000000000000000000000000000000011111111111111111100000000000000000000000000000000
0000000000000000000000000000000000000000000000000000000000000000000000000000000000
0000000000000000000000000000000000000000000000000000000000000000000000000000000000
0000000000000000000000000000000000000000000000000000000000000000000000000000000000
0000000000000000000000000000000000000000000000000000000000000000000000000000000000
0000000000000000000000000000000000000000000000000000000000000000000000000000000000
0000000000000000000000000000000000000000000000000000000000000000000000000000000000

== Output ==
0000000000000000000000000000000000000000000000000000000000000000000000000000000000
0000000000000000000000000000000000000000000000000000000000000000000000000000000000
0000000000000000000000000000000000000000000000000000000000000000000000000000000000
0000000000000000000000000000000000000000000000000000000000000000000000000000000000
0000000000000000000000000000000000000000000000000000000000000000000000000000000000
0000000000000000000000000000000000000000000000000000000000000000000000000000000000
0000000000000000000000000000000000000000000000000000000000000000000000000000000000
0000000000000000000000000000000000000000000000000000000000000000000000000000000000
0000000111111111111111111111111111111111110000000000000000000001111000000000000000
0000000110000000000000000000000000000000110000000000000000000111111110000000000000
0000000110000000000000000000000000000000110000000000000000001111111111100000000000
0000000110000000000000000000000000000000110000000000000000011111111111110000000000
0000000110000000000000000000000000000000110000000000000000111111111111110000000000
0000000110000000000000000000000000000000110000000000000001111111111111111000000000
0000000110000000000000000000000000000000110000000000000001111111111111111000000000
0000000110000000000000000000000000000000110000000000000001111111111111111000000000
0000000110000000000000000000000000000000110000000000000001111111111111111000000000
0000000110000000000000000000000000000000110000000000000001111111111111111000000000
0000000110000000000000000000000000000000110000000000000001111111111111111000000000
0000000110000000000000000000000000000000110000000000000001111111111111111000000000
0000000110000000000000000000000000000000110000000000000000111111111111110000000000
0000000110000000000000000000000000000000110000000000000000011111111111110000000000
0000000110000000000000000000000000000000110000000000000000001111111111100000000000
0000000110000000000000000000000000000000110000000000000000000111111110000000000000
0000000110000000000000000000000000000000110000000000000000000001111000000000000000
0000000110000000000000000000000000000000110000000000000000000000000000000000000000
0000000110000000000000000000000000000000110000000000000000000000000000000000000000
0000000110000000000000000000000000000000110000000000000000000000000000000000000000
0000000110000000000000000000000000000000110000000000000000000000000000000000000000
0000000110000000000000000000000000000000110000000000000000000000000000000000000000
0000000110000000000000000000000000000000110000000000000000000000000000000000000000
0000000110000000000000000000000000000000110000000000000000000000000000000000000000
0000000110000000000000000000000000000000110000000000000000000000000000000000000000
0000000110000000000000000000000000000000110000000000000000000000000000000000000000
0000000110000000000000000000000000000000110000000000000000000000000000000000000000
0000000110000000000000000000000000000000110000000000000000000000000000000000000000
0000000110000000000000000000000000000000110000000000000000000000000000000000000000
0000000110000000000000000000000000000000110000000000000000000000000000000000000000
0000000110000000000000000000000000000000110000000000000000000000000000000000000000
0000000110000000000000000000000000000000110000000000000000000000000000000000000000
0000000111011111111111111111111111111110110000000000000000000000000000000000000000
0000000011111111111111111111111111111111110000000000000000000000000000000000000000
0000000000000000000000000000000000000000000000000000000000000000000000000000000000
0000000000000000000000000000000000000000000000000000000000000000000000000000000000
0000000000000000000000000000000000000000000000000000000000000000000000000000000000
0000000000000000000000000000000000000000000000000000000000000000000000000000000000
0000000000000000000000000000000000000000000000000000000000000000000000000000000000
0000000000000000000000000000000000000000000000000000000000000000000000000000000000
0000000000000000000000000000000000000000000000000000000000000000000000000000000000
0000000000000000000000000000000000000000000000000000000000000000000000000000000000
0000000000000000000000000000000000000000000000000000000000000000000000000000000000
0000000000000000000000000000000000000000000000000000000000000000000000000000000000
0000000000000000000000000000000000000000000000000000000000000000000000000000000000
0000000000000000000000000000000000000000000000000000000000000000000000000000000000
0000000000000000000000000000000000000000000000000000000000000000000000000000000000
0000000000000000000000000000000000000000000000000000000000000000000000000000000000
0000000000000000000000000000000000000000000000000000000000000000000000000000000000
0000000000000000000000000000000000000001100000000000000000000000000000000000000000
0000000000000000000000000000000000000011100000000000000000000000000000000000000000
0000000000000000000000000000000000000011110000000000000000000000000000000000000000
0000000000000000000000000000000000000110110000000000000000000000000000000000000000
0000000000000000000000000000000000000100011000000000000000000000000000000000000000
0000000000000000000000000000000000001100011000000000000000000000000000000000000000
0000000000000000000000000000000000001000001100000000000000000000000000000000000000
0000000000000000000000000000000000011000001100000000000000000000000000000000000000
0000000000000000000000000000000000010000000110000000000000000000000000000000000000
0000000000000000000000000000000000110000000110000000000000000000000000000000000000
0000000000000000000000000000000000100000000011000000000000000000000000000000000000
0000000000000000000000000000000001100000000011000000000000000000000000000000000000
0000000000000000000000000000000001000000000001100000000000000000000000000000000000
0000000000000000000000000000000011000000000001100000000000000000000000000000000000
0000000000000000000000000000000010000000000000110000000000000000000000000000000000
0000000000000000000000000000000110000000000000110000000000000000000000000000000000
0000000000000000000000000000000111111111111111111000000000000000000000000000000000
0000000000000000000000000000000000000000000000000000000000000000000000000000000000
0000000000000000000000000000000000000000000000000000000000000000000000000000000000
0000000000000000000000000000000000000000000000000000000000000000000000000000000000
0000000000000000000000000000000000000000000000000000000000000000000000000000000000
0000000000000000000000000000000000000000000000000000000000000000000000000000000000
0000000000000000000000000000000000000000000000000000000000000000000000000000000000
0000000000000000000000000000000000000000000000000000000000000000000000000000000000
0000000000000000000000000000000000000000000000000000000000000000000000000000000000

0000000000000000000000000000000000000000000000000000000000000000000000000000000000
0000000000000000000000000000000000000000000000000000000000000000000000000000000000
0000000000000000000000000000000000000000000000000000000000000000000000000000000000
0000000000000000000000000000000000000000000000000000000000000000000000000000000000
0000000000000000000000000000000000000000000000000000000000000000000000000000000000
0000000000000000000000000000000000000000000000000000000000000000000000000000000000
0000000000000000000000000000000000000000000000000000000000000000000000000000000000
0000000000000000000000000000000000000000000000000000000000000000000000000000000000
0000000011111111111111111111111111111111110000000000000000000001111000000000000000
0000000010000000000000000000000000000000110000000000000000000111111110000000000000
0000000010000000000000000000000000000000010000000000000000011111111111100000000000
0000000010000000000000000000000000000000110000000000000000011111111111110000000000
0000000010000000000000000000000000000000110000000000000000111111111111110000000000
0000000010000000000000000000000000000000110000000000000001111111111111111000000000
0000000010000000000000000000000000000000110000000000000001111111111111111000000000
0000000010000000000000000000000000000000110000000000000001111111111111111000000000
0000000010000000000000000000000000000000110000000000000001111111111111111000000000
0000000010000000000000000000000000000000110000000000000001111111111111111000000000
0000000010000000000000000000000000000000110000000000000001111111111111111000000000
0000000010000000000000000000000000000000110000000000000001111111111111111000000000
0000000010000000000000000000000000000000110000000000000000111111111111110000000000
0000000010000000000000000000000000000000110000000000000000011111111111110000000000
0000000010000000000000000000000000000000110000000000000000011111111111100000000000
0000000010000000000000000000000000000000110000000000000000000111111110000000000000
0000000010000000000000000000000000000000110000000000000000000001111000000000000000
0000000010000000000000000000000000000000110000000000000000000000000000000000000000
0000000010000000000000000000000000000000110000000000000000000000000000000000000000
0000000010000000000000000000000000000000110000000000000000000000000000000000000000
0000000010000000000000000000000000000000110000000000000000000000000000000000000000
0000000010000000000000000000000000000000110000000000000000000000000000000000000000
0000000010000000000000000000000000000000110000000000000000000000000000000000000000
0000000010000000000000000000000000000000110000000000000000000000000000000000000000
0000000010000000000000000000000000000000110000000000000000000000000000000000000000
0000000010000000000000000000000000000000110000000000000000000000000000000000000000
0000000010000000000000000000000000000000110000000000000000000000000000000000000000
0000000010000000000000000000000000000000110000000000000000000000000000000000000000
0000000010000000000000000000000000000000110000000000000000000000000000000000000000
0000000010000000000000000000000000000000110000000000000000000000000000000000000000
0000000010000000000000000000000000000000110000000000000000000000000000000000000000
0000000010000000000000000000000000000000010000000000000000000000000000000000000000
0000000011011111111111111111111111111110110000000000000000000000000000000000000000
0000000011111111111111111111111111111111110000000000000000000000000000000000000000
0000000000000000000000000000000000000000000000000000000000000000000000000000000000
0000000000000000000000000000000000000000000000000000000000000000000000000000000000
0000000000000000000000000000000000000000000000000000000000000000000000000000000000
0000000000000000000000000000000000000000000000000000000000000000000000000000000000
0000000000000000000000000000000000000000000000000000000000000000000000000000000000
0000000000000000000000000000000000000000000000000000000000000000000000000000000000
0000000000000000000000000000000000000000000000000000000000000000000000000000000000
0000000000000000000000000000000000000000000000000000000000000000000000000000000000
0000000000000000000000000000000000000000000000000000000000000000000000000000000000
0000000000000000000000000000000000000000000000000000000000000000000000000000000000
0000000000000000000000000000000000000000000000000000000000000000000000000000000000
0000000000000000000000000000000000000000000000000000000000000000000000000000000000
0000000000000000000000000000000000000000000000000000000000000000000000000000000000
0000000000000000000000000000000000000000000000000000000000000000000000000000000000
0000000000000000000000000000000111111111111111110000000000000000000000000000000000
0000000000000000000000000000000111111111111111111000000000000000000000000000000000
0000000000000000000000000000000110000000000000110000000000000000000000000000000000
0000000000000000000000000000000010000000000000110000000000000000000000000000000000
0000000000000000000000000000000011000000000001100000000000000000000000000000000000
0000000000000000000000000000000001100000000001100000000000000000000000000000000000
0000000000000000000000000000000001100000000011000000000000000000000000000000000000
0000000000000000000000000000000000110000000011000000000000000000000000000000000000
0000000000000000000000000000000000110000000110000000000000000000000000000000000000
0000000000000000000000000000000000011000000110000000000000000000000000000000000000
0000000000000000000000000000000000011000001100000000000000000000000000000000000000
0000000000000000000000000000000000001100001100000000000000000000000000000000000000
0000000000000000000000000000000000001100011000000000000000000000000000000000000000
0000000000000000000000000000000000000110011000000000000000000000000000000000000000
0000000000000000000000000000000000000110110000000000000000000000000000000000000000
0000000000000000000000000000000000000011110000000000000000000000000000000000000000
0000000000000000000000000000000000000011100000000000000000000000000000000000000000
0000000000000000000000000000000000000001100000000000000000000000000000000000000000
0000000000000000000000000000000000000000000000000000000000000000000000000000000000
0000000000000000000000000000000000000000000000000000000000000000000000000000000000
0000000000000000000000000000000000000000000000000000000000000000000000000000000000
0000000000000000000000000000000000000000000000000000000000000000000000000000000000
0000000000000000000000000000000000000000000000000000000000000000000000000000000000
0000000000000000000000000000000000000000000000000000000000000000000000000000000000
0000000000000000000000000000000000000000000000000000000000000000000000000000000000
0000000000000000000000000000000000000000000000000000000000000000000000000000000000

0000000000000000000000000000000000000000000000000000000000000000000000000000000000
0000000000000000000000000000000000000000000000000000000000000000000000000000000000
0000000000000000000000000000000000000000000000000000000000000000000000000000000000
0000000000000000000000000000000000000000000000000000000000000000000000000000000000
0000000000000000000000000000000000000000000000000000000000000000000000000000000000
0000000000000000000000000000000000000000000000000000000000000000000000000000000000
0000000000000000000000000000000000000000000000000000000000000000000000000000000000
0000000000000000000000000000000000000000000000000000000000000000000000000000000000
0000000011111111111111111100000000000000000000000000000000000001111000000000000000
0000000010000000000000001100000000000000000000000000000000000111111110000000000000
0000000010000000000000001100000000000000000000000000000000001111111111100000000000
0000000010000000000000001100000000000000000000000000000000011111111111110000000000
0000000010000000000000001100000000000000000000000000000000111111111111110000000000
0000000010000000000000001100000000000000000000000000000001111111111111111000000000
0000000010000000000000001100000000000000000000000000000001111111111111111000000000
0000000010000000000000001100000000000000000000000000000001111111111111111000000000
0000000010000000000000001100000000000000000000000000000001111111111111111000000000
0000000010000000000000001100000000000000000000000000000001111111111111111000000000
0000000010000000000000001100000000000000000000000000000001111111111111111000000000
0000000010000000000000001100000000000000000000000000000001111111111111111000000000
0000000010000000000000001100000000000000000000000000000000111111111111110000000000
0000000010000000000000001100000000000000000000000000000000011111111111110000000000
0000000010000000000000001100000000000000000000000000000000001111111111100000000000
0000000010000000000000001100000000000000000000000000000000000111111110000000000000
0000000011111111111111111100000000000000000000000000000000000001111000000000000000
0000000011111111111111111000000000000000000000000000000000000000000000000000000000
0000000000000000000000000000000000000000000000000000000000000000000000000000000000
0000000000000000000000000000000000000000000000000000000000000000000000000000000000
0000000000000000000000000000000000000000000000000000000000000000000000000000000000
0000000000000000000000000000000000000000000000000000000000000000000000000000000000
0000000000000000000000000000000000000000000000000000000000000000000000000000000000
0000000000000000000000000000000000000000000000000000000000000000000000000000000000
0000000000000000000000000000000000000000000000000000000000000000000000000000000000
0000000000000000000000000000000000000000000000000000000000000000000000000000000000
0000000000000000000000000000000000000000000000000000000000000000000000000000000000
0000000000000000000000000000000000000000000000000000000000000000000000000000000000
0000000000000000000000000000000000000000000000000000000000000000000000000000000000
0000000000000000000000000000000000000000000000000000000000000000000000000000000000
0000000000000000000000000000000000000000000000000000000000000000000000000000000000
0000000000000000000000000000000000000000000000000000000000000000000000000000000000
0000000000000000000000000000000000000000000000000000000000000000000000000000000000
0000000000000000000000000000000000000000000000000000000000000000000000000000000000
0000000000000000000000000000000000000000000000000000000000000000000000000000000000
0000000000000000000000000000000000000000000000000000000000000000000000000000000000
0000000000000000000000000000000000000000000000000000000000000000000000000000000000
0000000000000000000000000000000000000000000000000000000000000000000000000000000000
0000000000000000000000000000000000000000000000000000000000000000000000000000000000
0000000000000000000000000000000000000000000000000000000000000000000000000000000000
0000000000000000000000000000000000000000000000000000000000000000000000000000000000
0000000000000000000000000000000000000000000000000000000000000000000000000000000000
0000000000000000000000000000000000000000000000000000000000000000000000000000000000
0000000000000000000000000000000000000000000000000000000000000000000000000000000000
0000000000000000000000000000000000000000000000000000000000000000000000000000000000
0000000000000000000000000000000000000000000000000000000000000000000000000000000000
0000000000000000000000000000000000000000000000000000000000000000000000000000000000
0000000000000000000000000000000000000000000000000000000000000000000000000000000000
0000000000000000000000000000000111111111111111110000000000000000000000000000000000
0000000000000000000000000000000111111111111111111000000000000000000000000000000000
0000000000000000000000000000000110000000000000110000000000000000000000000000000000
0000000000000000000000000000000011000000000000110000000000000000000000000000000000
0000000000000000000000000000000011000000000001100000000000000000000000000000000000
0000000000000000000000000000000001100000000001100000000000000000000000000000000000
0000000000000000000000000000000001100000000011000000000000000000000000000000000000
0000000000000000000000000000000000110000000011000000000000000000000000000000000000
0000000000000000000000000000000000110000000110000000000000000000000000000000000000
0000000000000000000000000000000000011000000110000000000000000000000000000000000000
0000000000000000000000000000000000011000001100000000000000000000000000000000000000
0000000000000000000000000000000000001100001100000000000000000000000000000000000000
0000000000000000000000000000000000001100011000000000000000000000000000000000000000
0000000000000000000000000000000000000110011000000000000000000000000000000000000000
0000000000000000000000000000000000000110010000000000000000000000000000000000000000
0000000000000000000000000000000000000011110000000000000000000000000000000000000000
0000000000000000000000000000000000000011100000000000000000000000000000000000000000
0000000000000000000000000000000000000001100000000000000000000000000000000000000000
0000000000000000000000000000000000000000000000000000000000000000000000000000000000
0000000000000000000000000000000000000000000000000000000000000000000000000000000000
0000000000000000000000000000000000000000000000000000000000000000000000000000000000
0000000000000000000000000000000000000000000000000000000000000000000000000000000000
0000000000000000000000000000000000000000000000000000000000000000000000000000000000
0000000000000000000000000000000000000000000000000000000000000000000000000000000000
0000000000000000000000000000000000000000000000000000000000000000000000000000000000
0000000000000000000000000000000000000000000000000000000000000000000000000000000000

0000000000000000000000000000000000000000000000000000000000000000000000000000000000
0000000000000000000000000000000000000000000000000000000000000000000000000000000000
0000000000000000000000000000000000000000000000000000000000000000000000000000000000
0000000000000000000000000000000000000000000000000000000000000000000000000000000000
0000000000000000000000000000000000000000000000000000000000000000000000000000000000
0000000000000000000000000000000000000000000000000000000000000000000000000000000000
0000000000000000000000000000000000000000000000000000000000000000000000000000000000
0000000000000000000000000000000000000000000000000000000000000000000000000000000000
0000000011111111111111111111111111111111110000000000000000000111111110000000000000
0000000010000000000000000000000000000000010000000000000000001110000111100000000000
0000000010000000000000000000000000000000010000000000000000011000000001110000000000
0000000010000000000000000000000000000000010000000000000000110000000000011000000000
0000000010000000000000000000000000000000010000000000000001100000000000011000000000
0000000010000000000000000000000000000000010000000000000001100000000000001100000000
0000000010000000000000000000000000000000010000000000000011000000000000001100000000
0000000010000000000000000000000000000000010000000000000011000000000000000100000000
0000000010000000000000000000000000000000010000000000000011000000000000000100000000
0000000010000000000000000000000000000000010000000000000011000000000000000100000000
0000000010000000000000000000000000000000010000000000000011000000000000001100000000
0000000010000000000000000000000000000000010000000000000001000000000000001100000000
0000000010000000000000000000000000000000010000000000000001100000000000001000000000
0000000010000000000000000000000000000000010000000000000000110000000000011000000000
0000000010000000000000000000000000000000010000000000000000111000000000110000000000
0000000010000000000000000000000000000000010000000000000000001110000011100000000000
0000000010000000000000000000000000000000010000000000000000000111111111000000000000
0000000010000000000000000000000000000000010000000000000000000000111000000000000000
0000000010000000000000000000000000000000010000000000000000000000000000000000000000
0000000010000000000000000000000000000000010000000000000000000000000000000000000000
0000000010000000000000000000000000000000010000000000000000000000000000000000000000
0000000010000000000000000000000000000000010000000000000000000000000000000000000000
0000000010000000000000000000000000000000010000000000000000000000000000000000000000
0000000010000000000000000000000000000000010000000000000000000000000000000000000000
0000000010000000000000000000000000000000010000000000000000000000000000000000000000
0000000010000000000000000000000000000000010000000000000000000000000000000000000000
0000000010000000000000000000000000000000010000000000000000000000000000000000000000
0000000010000000000000000000000000000000010000000000000000000000000000000000000000
0000000010000000000000000000000000000000010000000000000000000000000000000000000000
0000000010000000000000000000000000000000010000000000000000000000000000000000000000
0000000010000000000000000000000000000000010000000000000000000000000000000000000000
0000000010000000000000000000000000000000010000000000000000000000000000000000000000
0000000011011111111111111111111111111110110000000000000000000000000000000000000000
0000000011111111111111111111111111111111110000000000000000000000000000000000000000
0000000000000000000000000000000000000000000000000000000000000000000000000000000000
0000000000000000000000000000000000000000000000000000000000000000000000000000000000
0000000000000000000000000000000000000000000000000000000000000000000000000000000000
0000000000000000000000000000000000000000000000000000000000000000000000000000000000
0000000000000000000000000000000000000000000000000000000000000000000000000000000000
0000000000000000000000000000000000000000000000000000000000000000000000000000000000
0000000000000000000000000000000000000000000000000000000000000000000000000000000000
0000000000000000000000000000000000000000000000000000000000000000000000000000000000
0000000000000000000000000000000000000000000000000000000000000000000000000000000000
0000000000000000000000000000000000000000000000000000000000000000000000000000000000
0000000000000000000000000000000000000000000000000000000000000000000000000000000000
0000000000000000000000000000000000000000000000000000000000000000000000000000000000
0000000000000000000000000000000000000000000000000000000000000000000000000000000000
0000000000000000000000000000000000000000000000000000000000000000000000000000000000
0000000000000000000000000000000111111111111111110000000000000000000000000000000000
0000000000000000000000000000000111111111111111111000000000000000000000000000000000
0000000000000000000000000000000110000000000000010000000000000000000000000000000000
0000000000000000000000000000000010000000000000110000000000000000000000000000000000
0000000000000000000000000000000011000000000000100000000000000000000000000000000000
0000000000000000000000000000000001000000000001100000000000000000000000000000000000
0000000000000000000000000000000001100000000001000000000000000000000000000000000000
0000000000000000000000000000000000110000000011000000000000000000000000000000000000
0000000000000000000000000000000000110000000010000000000000000000000000000000000000
0000000000000000000000000000000000011000000110000000000000000000000000000000000000
0000000000000000000000000000000000011000001100000000000000000000000000000000000000
0000000000000000000000000000000000001100001100000000000000000000000000000000000000
0000000000000000000000000000000000001100011000000000000000000000000000000000000000
0000000000000000000000000000000000000110011000000000000000000000000000000000000000
0000000000000000000000000000000000000110010000000000000000000000000000000000000000
0000000000000000000000000000000000000011110000000000000000000000000000000000000000
0000000000000000000000000000000000000011100000000000000000000000000000000000000000
0000000000000000000000000000000000000001100000000000000000000000000000000000000000
0000000000000000000000000000000000000000000000000000000000000000000000000000000000
0000000000000000000000000000000000000000000000000000000000000000000000000000000000
0000000000000000000000000000000000000000000000000000000000000000000000000000000000
0000000000000000000000000000000000000000000000000000000000000000000000000000000000
0000000000000000000000000000000000000000000000000000000000000000000000000000000000
0000000000000000000000000000000000000000000000000000000000000000000000000000000000
0000000000000000000000000000000000000000000000000000000000000000000000000000000000
0000000000000000000000000000000000000000000000000000000000000000000000000000000000

0000000000000000000000000000000000000000000000000000000000000000000000000000000000
0000000000000000000000000000000000000000000000000000000000000000000000000000000000
0000000000000000000000000000000000000000000000000000000000000000000000000000000000
0000000000000000000000000000000000000000000000000000000000000000000000000000000000
0000000000000000000000000000000000000000000000000000000000000000000000000000000000
0000000000000000000000000000000000000000000000000000000000000000000000000000000000
0000000000000000000000000000000000000000000000000000000000000000000000000000000000
0000000000000000000000000000000000000000000000000000000000000000000000000000000000
0000000011111111111111111100000000000000000000000000000000000111111110000000000000
0000000010000000000000001100000000000000000000000000000000001110000111100000000000
0000000010000000000000001100000000000000000000000000000000011000000000110000000000
0000000010000000000000001100000000000000000000000000000000110000000000011000000000
0000000010000000000000001100000000000000000000000000000001100000000000001000000000
0000000010000000000000001100000000000000000000000000000001100000000000001100000000
0000000010000000000000001100000000000000000000000000000001000000000000001100000000
0000000010000000000000001100000000000000000000000000000011000000000000000100000000
0000000010000000000000001100000000000000000000000000000011000000000000000100000000
0000000010000000000000001100000000000000000000000000000011000000000000000100000000
0000000010000000000000001100000000000000000000000000000001000000000000000100000000
0000000010000000000000001100000000000000000000000000000001100000000000001100000000
0000000010000000000000001100000000000000000000000000000001100000000000001000000000
0000000010000000000000001100000000000000000000000000000000110000000000011000000000
0000000010000000000000001100000000000000000000000000000000011000000000110000000000
0000000010000000000000001100000000000000000000000000000000001110000011100000000000
0000000011111111111111111100000000000000000000000000000000000111111111000000000000
0000000011111111111111111000000000000000000000000000000000000000111000000000000000
0000000000000000000000000000000000000000000000000000000000000000000000000000000000
0000000000000000000000000000000000000000000000000000000000000000000000000000000000
0000000000000000000000000000000000000000000000000000000000000000000000000000000000
0000000000000000000000000000000000000000000000000000000000000000000000000000000000
0000000000000000000000000000000000000000000000000000000000000000000000000000000000
0000000000000000000000000000000000000000000000000000000000000000000000000000000000
0000000000000000000000000000000000000000000000000000000000000000000000000000000000
0000000000000000000000000000000000000000000000000000000000000000000000000000000000
0000000000000000000000000000000000000000000000000000000000000000000000000000000000
0000000000000000000000000000000000000000000000000000000000000000000000000000000000
0000000000000000000000000000000000000000000000000000000000000000000000000000000000
0000000000000000000000000000000000000000000000000000000000000000000000000000000000
0000000000000000000000000000000000000000000000000000000000000000000000000000000000
0000000000000000000000000000000000000000000000000000000000000000000000000000000000
0000000000000000000000000000000000000000000000000000000000000000000000000000000000
0000000000000000000000000000000000000000000000000000000000000000000000000000000000
0000000000000000000000000000000000000000000000000000000000000000000000000000000000
0000000000000000000000000000000000000000000000000000000000000000000000000000000000
0000000000000000000000000000000000000000000000000000000000000000000000000000000000
0000000000000000000000000000000000000000000000000000000000000000000000000000000000
0000000000000000000000000000000000000000000000000000000000000000000000000000000000
0000000000000000000000000000000000000000000000000000000000000000000000000000000000
0000000000000000000000000000000000000000000000000000000000000000000000000000000000
0000000000000000000000000000000000000000000000000000000000000000000000000000000000
0000000000000000000000000000000000000000000000000000000000000000000000000000000000
0000000000000000000000000000000000000000000000000000000000000000000000000000000000
0000000000000000000000000000000000000000000000000000000000000000000000000000000000
0000000000000000000000000000000000000000000000000000000000000000000000000000000000
0000000000000000000000000000000000000000000000000000000000000000000000000000000000
0000000000000000000000000000000000000000000000000000000000000000000000000000000000
0000000000000000000000000000000000000000000000000000000000000000000000000000000000
0000000000000000000000000000000000000001100000000000000000000000000000000000000000
0000000000000000000000000000000000000011100000000000000000000000000000000000000000
0000000000000000000000000000000000000011110000000000000000000000000000000000000000
0000000000000000000000000000000000000110010000000000000000000000000000000000000000
0000000000000000000000000000000000000110011000000000000000000000000000000000000000
0000000000000000000000000000000000001100011000000000000000000000000000000000000000
0000000000000000000000000000000000001100001100000000000000000000000000000000000000
0000000000000000000000000000000000011000001100000000000000000000000000000000000000
0000000000000000000000000000000000011000000110000000000000000000000000000000000000
0000000000000000000000000000000000110000000110000000000000000000000000000000000000
0000000000000000000000000000000000100000000011000000000000000000000000000000000000
0000000000000000000000000000000001100000000011000000000000000000000000000000000000
0000000000000000000000000000000001000000000001100000000000000000000000000000000000
0000000000000000000000000000000011000000000001100000000000000000000000000000000000
0000000000000000000000000000000010000000000000110000000000000000000000000000000000
0000000000000000000000000000000110000000000000110000000000000000000000000000000000
0000000000000000000000000000000111111111111111111000000000000000000000000000000000
0000000000000000000000000000000000000000000000000000000000000000000000000000000000
0000000000000000000000000000000000000000000000000000000000000000000000000000000000
0000000000000000000000000000000000000000000000000000000000000000000000000000000000
0000000000000000000000000000000000000000000000000000000000000000000000000000000000
0000000000000000000000000000000000000000000000000000000000000000000000000000000000
0000000000000000000000000000000000000000000000000000000000000000000000000000000000
0000000000000000000000000000000000000000000000000000000000000000000000000000000000
0000000000000000000000000000000000000000000000000000000000000000000000000000000000

0000000000000000000000000000000000000000000000000000000000000000000000000000000000
0000000000000000000000000000000000000000000000000000000000000000000000000000000000
0000000000000000000000000000000000000000000000000000000000000000000000000000000000
0000000000000000000000000000000000000000000000000000000000000000000000000000000000
0000000000000000000000000000000000000000000000000000000000000000000000000000000000
0000000000000000000000000000000000000000000000000000000000000000000000000000000000
0000000000000000000000000000000000000000000000000000000000000000000000000000000000
0000000000000000000000000000000000000000000000000000000000000000000000000000000000
0000000011111111111111111100000000000000000000000000000000000111111110000000000000
0000000010000000000000001100000000000000000000000000000000001110000011100000000000
0000000010000000000000001100000000000000000000000000000000011000000000110000000000
0000000010000000000000001100000000000000000000000000000000110000000000011000000000
0000000010000000000000001100000000000000000000000000000001100000000000001000000000
0000000010000000000000001100000000000000000000000000000001100000000000001100000000
0000000010000000000000001100000000000000000000000000000001000000000000000100000000
0000000010000000000000001100000000000000000000000000000011000000000000000100000000
0000000010000000000000001100000000000000000000000000000011000000000000000100000000
0000000010000000000000001100000000000000000000000000000011000000000000000100000000
0000000010000000000000001100000000000000000000000000000001000000000000000100000000
0000000010000000000000001100000000000000000000000000000001100000000000001100000000
0000000010000000000000001100000000000000000000000000000001100000000000001100000000
0000000010000000000000001100000000000000000000000000000000110000000000011000000000
0000000010000000000000001100000000000000000000000000000000011000000000110000000000
0000000010000000000000001100000000000000000000000000000000001110000011100000000000
0000000011111111111111111100000000000000000000000000000000000111111111000000000000
0000000011111111111111111000000000000000000000000000000000000000111000000000000000
0000000000000000000000000000000000000000000000000000000000000000000000000000000000
0000000000000000000000000000000000000000000000000000000000000000000000000000000000
0000000000000000000000000000000000000000000000000000000000000000000000000000000000
0000000000000000000000000000000000000000000000000000000000000000000000000000000000
0000000000000000000000000000000000000000000000000000000000000000000000000000000000
0000000000000000000000000000000000000000000000000000000000000000000000000000000000
0000000000000000000000000000000000000000000000000000000000000000000000000000000000
0000000000000000000000000000000000000000000000000000000000000000000000000000000000
0000000000000000000000000000000000000000000000000000000000000000000000000000000000
0000000000000000000000000000000000000000000000000000000000000000000000000000000000
0000000000000000000000000000000000000000000000000000000000000000000000000000000000
0000000000000000000000000000000000000000000000000000000000000000000000000000000000
0000000000000000000000000000000000000000000000000000000000000000000000000000000000
0000000000000000000000000000000000000000000000000000000000000000000000000000000000
0000000000000000000000000000000000000000000000000000000000000000000000000000000000
0000000000000000000000000000000000000000000000000000000000000000000000000000000000
0000000000000000000000000000000000000000000000000000000000000000000000000000000000
0000000000000000000000000000000000000000000000000000000000000000000000000000000000
0000000000000000000000000000000000000000000000000000000000000000000000000000000000
0000000000000000000000000000000000000000000000000000000000000000000000000000000000
0000000000000000000000000000000000000000000000000000000000000000000000000000000000
0000000000000000000000000000000000000000000000000000000000000000000000000000000000
0000000000000000000000000000000000000000000000000000000000000000000000000000000000
0000000000000000000000000000000000000000000000000000000000000000000000000000000000
0000000000000000000000000000000000000000000000000000000000000000000000000000000000
0000000000000000000000000000000000000000000000000000000000000000000000000000000000
0000000000000000000000000000000000000000000000000000000000000000000000000000000000
0000000000000000000000000000000000000000000000000000000000000000000000000000000000
0000000000000000000000000000000000000000000000000000000000000000000000000000000000
0000000000000000000000000000000000000000000000000000000000000000000000000000000000
0000000000000000000000000000000011111111111111110000000000000000000000000000000000
0000000000000000000000000000000111111111111111111000000000000000000000000000000000
0000000000000000000000000000000110000000000000110000000000000000000000000000000000
0000000000000000000000000000000011000000000000110000000000000000000000000000000000
0000000000000000000000000000000011000000000000100000000000000000000000000000000000
0000000000000000000000000000000001100000000001100000000000000000000000000000000000
0000000000000000000000000000000001100000000001000000000000000000000000000000000000
0000000000000000000000000000000000110000000011000000000000000000000000000000000000
0000000000000000000000000000000000110000000010000000000000000000000000000000000000
0000000000000000000000000000000000011000000110000000000000000000000000000000000000
0000000000000000000000000000000000011000000100000000000000000000000000000000000000
0000000000000000000000000000000000001100001100000000000000000000000000000000000000
0000000000000000000000000000000000001100001000000000000000000000000000000000000000
0000000000000000000000000000000000000110011000000000000000000000000000000000000000
0000000000000000000000000000000000000110010000000000000000000000000000000000000000
0000000000000000000000000000000000000011110000000000000000000000000000000000000000
0000000000000000000000000000000000000011100000000000000000000000000000000000000000
0000000000000000000000000000000000000001100000000000000000000000000000000000000000
0000000000000000000000000000000000000000000000000000000000000000000000000000000000
0000000000000000000000000000000000000000000000000000000000000000000000000000000000
0000000000000000000000000000000000000000000000000000000000000000000000000000000000
0000000000000000000000000000000000000000000000000000000000000000000000000000000000
0000000000000000000000000000000000000000000000000000000000000000000000000000000000
0000000000000000000000000000000000000000000000000000000000000000000000000000000000
0000000000000000000000000000000000000000000000000000000000000000000000000000000000
0000000000000000000000000000000000000000000000000000000000000000000000000000000000

