== Attributes ==
title=2x1 Basic Problem 12
type= 2x1
result=6
window_size=(82, 82)

== Input ==
0000000000000000000000000000000000000000000000000000000000000000000000000000000000
0000000000000000000000000000000000000000000000000000000000000000000000000000000000
0000000000000000000000000000000000000000000000000000000000000000000000000000000000
0000000000000000000000000000000000000000000000000000000000000000000000000000000000
0000000000000000000000000000000000000000000000000000000000000000000000000000000000
0000000000000000000000000000000001111111111111110000000000000000000000000000000000
0000000000000000000000000000011111111100000011111111000000000000000000000000000000
0000000000000000000000000001111100000000000000000111111000000000000000000000000000
0000000000000000000000000111100000000000000000000000011110000000000000000000000000
0000000000000000000000011100000000000000000000000000000111100000000000000000000000
0000000000000000000001110000000000000000000000000000000001110000000000000000000000
0000000000000000000011000000000000000000000000000000000000011100000000000000000000
0000000000000000001110000000000000000000000000000000000000001110000000000000000000
0000000000000000011100000000000000000000000000000000000000000011000000000000000000
0000000000000000110000000000000000000000000000000000000000000001100000000000000000
0000000000000001100000000000000000000000000000000000000000000000111000000000000000
0000000000000011000000000000000000000000000000000000000000000000011000000000000000
0000000000000110000000000000000000000000000000000000000000000000001100000000000000
0000000000001100000000000000000000000000000000000000000000000000000110000000000000
0000000000011000001111111111111111111111111111111111111111111111000011000000000000
0000000000011000001100000000000000000000000000000000000000000011000001100000000000
0000000000110000001100000000000000000000000000000000000000000011000001100000000000
0000000001100000001100000000000000000000000000000000000000000011000000110000000000
0000000001100000001100000000000000000000000000000000000000000011000000011000000000
0000000011000000001100000000000000000000000000000000000000000011000000011000000000
0000000011000000001100000000000000000000000000000000000000000011000000001100000000
0000000110000000001100000000000000000000000000000000000000000011000000001100000000
0000000110000000001100000000000000000000110000000000000000000011000000000100000000
0000001100000000001100000000000000000001110000000000000000000011000000000110000000
0000001100000000001100000000000000000001111000000000000000000011000000000010000000
0000001000000000001100000000000000000011011000000000000000000011000000000011000000
0000011000000000001100000000000000000011001100000000000000000011000000000011000000
0000011000000000001100000000000000000110001100000000000000000011000000000011000000
0000011000000000001100000000000000000110000110000000000000000011000000000001000000
0000010000000000001100000000000000001100000110000000000000000011000000000001100000
0000010000000000001100000000000000001100000011000000000000000011000000000001100000
0000110000000000001100000000000000011000000011000000000000000011000000000001100000
0000110000000000001100000000000000011000000001100000000000000011000000000001100000
0000110000000000001100000000000000110000000001100000000000000011000000000001100000
0000110000000000001100000000000000110000000000110000000000000011000000000000100000
0000110000000000001100000000000001100000000000110000000000000011000000000000100000
0000110000000000001100000000000001100000000000011000000000000011000000000000100000
0000110000000000001100000000000011000000000000011000000000000011000000000000100000
0000110000000000001100000000000011000000000000001100000000000011000000000000100000
0000110000000000001100000000000110000000000000001100000000000011000000000001100000
0000110000000000001100000000000110000000000000000110000000000011000000000001100000
0000010000000000001100000000001100000000000000000110000000000011000000000001100000
0000010000000000001100000000001100000000000000000011000000000011000000000001100000
0000011000000000001100000000011000000000000000000011000000000011000000000001000000
0000011000000000001100000000011000000000000000000001100000000011000000000001000000
0000011000000000001100000000110000000000000000000001100000000011000000000011000000
0000001000000000001100000000110000000000000000000000110000000011000000000011000000
0000001100000000001100000001100000000000000000000000110000000011000000000010000000
0000001100000000001100000001100000000000000000000000011000000011000000000110000000
0000000100000000001100000011111111111111111111111111111000000011000000000110000000
0000000110000000001100000011111111111111111111111111111000000011000000000100000000
0000000110000000001100000000000000000000000000000000000000000011000000001100000000
0000000011000000001100000000000000000000000000000000000000000011000000001000000000
0000000011000000001100000000000000000000000000000000000000000011000000011000000000
0000000001100000001100000000000000000000000000000000000000000011000000110000000000
0000000000110000001100000000000000000000000000000000000000000011000000110000000000
0000000000110000001000000000000000000000000000000000000000000011000001100000000000
0000000000011000001100000000000000000000000000000000000000000011000011000000000000
0000000000001100001111111111111111111111111111111111111111111110000011000000000000
0000000000000110000000000000000000000000000000000000000000000000000110000000000000
0000000000000111000000000000000000000000000000000000000000000000001100000000000000
0000000000000011100000000000000000000000000000000000000000000000011000000000000000
0000000000000001110000000000000000000000000000000000000000000000110000000000000000
0000000000000000111000000000000000000000000000000000000000000011100000000000000000
0000000000000000001100000000000000000000000000000000000000000111000000000000000000
0000000000000000000111000000000000000000000000000000000000001100000000000000000000
0000000000000000000011100000000000000000000000000000000000111000000000000000000000
0000000000000000000000111000000000000000000000000000000011110000000000000000000000
0000000000000000000000001110000000000000000000000000001111000000000000000000000000
0000000000000000000000000011110000000000000000000001111100000000000000000000000000
0000000000000000000000000000111111000000000000011111100000000000000000000000000000
0000000000000000000000000000000111111111111111111100000000000000000000000000000000
0000000000000000000000000000000000001111111110000000000000000000000000000000000000
0000000000000000000000000000000000000000000000000000000000000000000000000000000000
0000000000000000000000000000000000000000000000000000000000000000000000000000000000
0000000000000000000000000000000000000000000000000000000000000000000000000000000000
0000000000000000000000000000000000000000000000000000000000000000000000000000000000

0000000000000000000000000000000000000000000000000000000000000000000000000000000000
0000000000000000000000000000000000000000000000000000000000000000000000000000000000
0000000000000000000000000000000000000000000000000000000000000000000000000000000000
0000000000000000000000000000000000000000000000000000000000000000000000000000000000
0000000000000000000000000000000000000000000000000000000000000000000000000000000000
0000011111111111111111111111111111111111111111111111111111111111111111111111110000
0000011111111111111111111111111111111111111111111111111111111111111111111111110000
0000010000000000000000000000000000000000000000000000000000000000000000000000110000
0000010000000000000000000000000000000000000000000000000000000000000000000000110000
0000010000000000000000000000000000000000000000000000000000000000000000000000110000
0000010000000000000000000000000000000000000000000000000000000000000000000000110000
0000010000000000000000000000000000000000000000000000000000000000000000000000110000
0000010000000000000000000000000000000000000000000000000000000000000000000000110000
0000010000000000000000000000000000000000010000000000000000000000000000000000110000
0000010000000000000000000000000000000000110000000000000000000000000000000000110000
0000010000000000000000000000000000000001111000000000000000000000000000000000110000
0000010000000000000000000000000000000001101000000000000000000000000000000000110000
0000010000000000000000000000000000000011001100000000000000000000000000000000110000
0000010000000000000000000000000000000011000100000000000000000000000000000000110000
0000010000000000000000000000000000000110000110000000000000000000000000000000110000
0000010000000000000000000000000000000110000010000000000000000000000000000000110000
0000010000000000000000000000000000001100000011000000000000000000000000000000110000
0000010000000000000000000000000000001100000001000000000000000000000000000000110000
0000010000000000000000000000000000011000000001100000000000000000000000000000110000
0000010000000000000000000000000000011000000000100000000000000000000000000000110000
0000010000000000000000000000000000110000000000110000000000000000000000000000110000
0000010000000000000000000000000000110000000000010000000000000000000000000000110000
0000010000000000000000000000000001100000000000011000000000000000000000000000110000
0000010000000000000000000000000001100000000000001000000000000000000000000000110000
0000010000000000000000000000000011000000000000001100000000000000000000000000110000
0000010000000000000000000000000011000000000000000100000000000000000000000000110000
0000010000000000000000000000000110000000000000000110000000000000000000000000110000
0000010000000000000000000000000110000000000000000010000000000000000000000000110000
0000010000000000000000000000001100000000000000000011000000000000000000000000110000
0000010000000000000000000000001100000000000000000001000000000000000000000000110000
0000010000000000000000000000011000000000000000000001100000000000000000000000110000
0000010000000000000000000000011000000000000000000000100000000000000000000000110000
0000010000000000000000000000110000000111111111000000110000000000000000000000110000
0000010000000000000000000000110000111111000111110000010000000000000000000000110000
0000010000000000000000000001100001110000000000111100011000000000000000000000110000
0000010000000000000000000001100111000000000000001110001000000000000000000000110000
0000010000000000000000000011001110000000000000000011001100000000000000000000110000
0000010000000000000000000011011100000000000000000001100100000000000000000000110000
0000010000000000000000000110011000000000000000000001100110000000000000000000110000
0000010000000000000000000110110000000000000000000000110010000000000000000000110000
0000010000000000000000001100100000000000000000000000010011000000000000000000110000
0000010000000000000000001101100000000000000000000000011001000000000000000000110000
0000010000000000000000011001100000000000000000000000011001100000000000000000110000
0000010000000000000000011001000000000000000000000000001000100000000000000000110000
0000010000000000000000110001000000000000000000000000001100110000000000000000110000
0000010000000000000000110001000000000000000000000000001100010000000000000000110000
0000010000000000000001100001000000000000000000000000001100011000000000000000110000
0000010000000000000001100001000000000000000000000000001100001000000000000000110000
0000010000000000000011000001000000000000000000000000001000001100000000000000110000
0000010000000000000011000001100000000000000000000000001000000100000000000000110000
0000010000000000000110000001100000000000000000000000011000000110000000000000110000
0000010000000000000110000001100000000000000000000000011000000010000000000000110000
0000010000000000001100000000110000000000000000000000110000000011000000000000110000
0000010000000000001100000000110000000000000000000000110000000001000000000000110000
0000010000000000011000000000011000000000000000000001100000000001100000000000110000
0000010000000000011000000000001100000000000000000011000000000000100000000000110000
0000010000000000110000000000000110000000000000000110000000000000110000000000110000
0000010000000000110000000000000011100000000000011100000000000000010000000000110000
0000010000000001100000000000000001111000000001111000000000000000011000000000110000
0000010000000001100000000000000000011111111111100000000000000000001000000000110000
0000010000000011000000000000000000000011111100000000000000000000001100000000110000
0000010000000011000000000000000000000000000000000000000000000000000100000000110000
0000010000000110000000000000000000000000000000000000000000000000000110000000110000
0000010000000111111111111111111111111111111111111111111111111111111110000000110000
0000010000000011111111111111111111111111111111111111111111111111111100000000110000
0000010000000000000000000000000000000000000000000000000000000000000000000000110000
0000010000000000000000000000000000000000000000000000000000000000000000000000110000
0000010000000000000000000000000000000000000000000000000000000000000000000000110000
0000010000000000000000000000000000000000000000000000000000000000000000000000110000
0000010000000000000000000000000000000000000000000000000000000000000000000000110000
0000010000000000000000000000000000000000000000000000000000000000000000000000110000
0000011111111111111111111111111111111111111111111111111111111111111111111111110000
0000011111111111111111111111111111111111111111111111111111111111111111111111100000
0000000000000000000000000000000000000000000000000000000000000000000000000000000000
0000000000000000000000000000000000000000000000000000000000000000000000000000000000
0000000000000000000000000000000000000000000000000000000000000000000000000000000000
0000000000000000000000000000000000000000000000000000000000000000000000000000000000

0000000000000000000000000000000000000000000000000000000000000000000000000000000000
0000000000000000000000000000000000000000000000000000000000000000000000000000000000
0000000000000000000000000000000000000000000000000000000000000000000000000000000000
0000000000000000000000000000000000000000000000000000000000000000000000000000000000
0000000000000000000000000000000000000000000000000000000000000000000000000000000000
0000011111111111111111111111111111111111111111111111111111111111111111111111110000
0000010000000000000000000000000000000000000000000000000000000000000000000000110000
0000010000000000000000000000000000000000000000000000000000000000000000000000110000
0000010000000000000000000000000000000000000000000000000000000000000000000000110000
0000010000000000000000000000000000000000000000000000000000000000000000000000110000
0000010000000000000000000000000000000000000000000000000000000000000000000000110000
0000010000000000000000000000000000000000000000000000000000000000000000000000110000
0000010000000000000000000000000000000000000000000000000000000000000000000000110000
0000010000000000000000000000000000000000110000000000000000000000000000000000110000
0000010000000000000000000000000000000000110000000000000000000000000000000000110000
0000010000000000000000000000000000000001111000000000000000000000000000000000110000
0000010000000000000000000000000000000001101000000000000000000000000000000000110000
0000010000000000000000000000000000000011001100000000000000000000000000000000110000
0000010000000000000000000000000000000011000100000000000000000000000000000000110000
0000010000000000000000000000000000000110000110000000000000000000000000000000110000
0000010000000000000000000000000000000110000010000000000000000000000000000000110000
0000010000000000000000000000000000001100000011000000000000000000000000000000110000
0000010000000000000000000000000000001100000001000000000000000000000000000000110000
0000010000000000000000000000000000011000000001100000000000000000000000000000110000
0000010000000000000000000000000000011000000000100000000000000000000000000000110000
0000010000000000000000000000000000110000000000110000000000000000000000000000110000
0000010000000000000000000000000000110000000000010000000000000000000000000000110000
0000010000000000000000000000000001100000000000011000000000000000000000000000110000
0000010000000000000000000000000001100000000000001000000000000000000000000000110000
0000010000000000000000000000000011000000000000001100000000000000000000000000110000
0000010000000000000000000000000011000000000000000100000000000000000000000000110000
0000010000000000000000000000000110000000000000000110000000000000000000000000110000
0000010000000000000000000000000110000000000000000010000000000000000000000000110000
0000010000000000000000000000001100000000000000000011000000000000000000000000110000
0000010000000000000000000000001100000000000000000001000000000000000000000000110000
0000010000000000000000000000011000000000000000000001100000000000000000000000110000
0000010000000000000000000000011000000000000000000000100000000000000000000000110000
0000010000000000000000000000110000000111111111000000110000000000000000000000110000
0000010000000000000000000000110000111111000111110000010000000000000000000000110000
0000010000000000000000000001100001110000000000111100011000000000000000000000110000
0000010000000000000000000001100111000000000000001110001000000000000000000000110000
0000010000000000000000000011001110000000000000000011001100000000000000000000110000
0000010000000000000000000011001100000000000000000001100100000000000000000000110000
0000010000000000000000000110011000000000000000000001100110000000000000000000110000
0000010000000000000000000110110000000000000000000000110010000000000000000000110000
0000010000000000000000001100110000000000000000000000010011000000000000000000110000
0000010000000000000000001101100000000000000000000000011001000000000000000000110000
0000010000000000000000011001100000000000000000000000011001100000000000000000110000
0000010000000000000000011001100000000000000000000000001000100000000000000000110000
0000010000000000000000110001000000000000000000000000001100110000000000000000110000
0000010000000000000000110001000000000000000000000000001100010000000000000000110000
0000010000000000000001100001000000000000000000000000001100011000000000000000110000
0000010000000000000001100001000000000000000000000000001100001000000000000000110000
0000010000000000000011000001000000000000000000000000001000001100000000000000110000
0000010000000000000011000001100000000000000000000000001000000100000000000000110000
0000010000000000000110000001100000000000000000000000011000000110000000000000110000
0000010000000000000110000000100000000000000000000000011000000010000000000000110000
0000010000000000001100000000110000000000000000000000110000000011000000000000110000
0000010000000000001100000000010000000000000000000000110000000001000000000000110000
0000010000000000011000000000011000000000000000000001100000000001100000000000110000
0000010000000000011000000000001100000000000000000011000000000000100000000000110000
0000010000000000110000000000000110000000000000000110000000000000110000000000110000
0000010000000000110000000000000011100000000000011100000000000000010000000000110000
0000010000000001100000000000000001111000000001111000000000000000011000000000110000
0000010000000001100000000000000000011111111111100000000000000000001000000000110000
0000010000000011000000000000000000000011111100000000000000000000001100000000110000
0000010000000011000000000000000000000000000000000000000000000000000100000000110000
0000010000000110000000000000000000000000000000000000000000000000000110000000110000
0000010000000111111111111111111111111111111111111111111111111111111110000000110000
0000010000000011111111111111111111111111111111111111111111111111111100000000110000
0000010000000000000000000000000000000000000000000000000000000000000000000000110000
0000010000000000000000000000000000000000000000000000000000000000000000000000110000
0000010000000000000000000000000000000000000000000000000000000000000000000000110000
0000010000000000000000000000000000000000000000000000000000000000000000000000110000
0000010000000000000000000000000000000000000000000000000000000000000000000000110000
0000010000000000000000000000000000000000000000000000000000000000000000000000110000
0000011111111111111111111111111111111111111111111111111111111111111111111111110000
0000011111111111111111111111111111111111111111111111111111111111111111111111100000
0000000000000000000000000000000000000000000000000000000000000000000000000000000000
0000000000000000000000000000000000000000000000000000000000000000000000000000000000
0000000000000000000000000000000000000000000000000000000000000000000000000000000000
0000000000000000000000000000000000000000000000000000000000000000000000000000000000

== Output ==
0000000000000000000000000000000000000000000000000000000000000000000000000000000000
0000000000000000000000000000000000000000000000000000000000000000000000000000000000
0000000000000000000000000000000000000000000000000000000000000000000000000000000000
0000000000000000000000000000000000000000000000000000000000000000000000000000000000
0000000000000000000000000000000000000000000000000000000000000000000000000000000000
0000111111111111111111111111111111111111111111111111111111111111111111111111100000
0000110000000000000000000000000000000000000000000000000000000000000000000000100000
0000110000000000000000000000000000000000000000000000000000000000000000000000100000
0000110000000000000000000000000000000000000000000000000000000000000000000000100000
0000110000000000000000000000000000000000000000000000000000000000000000000000100000
0000110000000000000000000000000000000000000000000000000000000000000000000000100000
0000110000000000000000000000000000000000000000000000000000000000000000000000100000
0000110000000000000000000000000000000000000000000000000000000000000000000000100000
0000110000000000000000000000000000000000000000000000000000000000000000000000100000
0000110000000000000000000000000000000000000000000000000000000000000000000000100000
0000110000000000000000000000000000000000000000000000000000000000000000000000100000
0000110000000000000000000000000000000000000000000000000000000000000000000000100000
0000110000000000000000000000000000000000000000000000000000000000000000000000100000
0000110000000000000000000000000000000000000000000000000000000000000000000000100000
0000110000000000000000000000000000000000000000000000000000000000000000000000100000
0000110000000000000000000000000000000000000000000000000000000000000000000000100000
0000110000000000000000000000000000011111111111100000000000000000000000000000100000
0000110000000000000000000000000011111100000011111000000000000000000000000000100000
0000110000000000000000000000001111000000000000001110000000000000000000000000100000
0000110000000000000000000000011100000000000000000011100000000000000000000000100000
0000110000000000000000000000110000000000000000000001110000000000000000000000100000
0000110000000000000000000001100000000000000000000000011000000000000000000000100000
0000110000000000000000000011000000000000000000000000001100000000000000000000100000
0000110000000000000000000110000000000000000000000000000110000000000000000000100000
0000110000000000000000001100000000000000100000000000000011000000000000000000100000
0000110000000000000000011000000000000000110000000000000011000000000000000000100000
0000110000000000000000011000000000000001110000000000000001100000000000000000100000
0000110000000000000000110000000000000001011000000000000000100000000000000000100000
0000110000000000000000110000000000000011001000000000000000110000000000000000100000
0000110000000000000001100000000000000010001100000000000000110000000000000000100000
0000110000000000000001100000000000000110000100000000000000010000000000000000100000
0000110000000000000001100000000000000100000110000000000000011000000000000000100000
0000110000000000000001000000000000001100000010000000000000011000000000000000100000
0000110000000000000001000000000000001000000011000000000000011000000000000000100000
0000110000000000000011000000000000011000000001000000000000001000000000000000100000
0000110000000000000011000000000000010000000001100000000000001000000000000000100000
0000110000000000000011000000000000110000000000100000000000001000000000000000100000
0000110000000000000011000000000000100000000000110000000000001000000000000000100000
0000110000000000000001000000000001100000000000010000000000011000000000000000100000
0000110000000000000001000000000001000000000000011000000000011000000000000000100000
0000110000000000000001100000000011000000000000001000000000011000000000000000100000
0000110000000000000001100000000010000000000000001100000000010000000000000000100000
0000110000000000000001100000000110000000000000000100000000110000000000000000100000
0000110000000000000000110000000100000000000000000110000000110000000000000000100000
0000110000000000000000110000001100000000000000000010000000100000000000000000100000
0000110000000000000000011000001000000000000000000011000001100000000000000000100000
0000110000000000000000011000011111111111111111111111000011000000000000000000100000
0000110000000000000000001100011111111111111111111111000011000000000000000000100000
0000110000000000000000000110000000000000000000000000000110000000000000000000100000
0000110000000000000000000011000000000000000000000000001100000000000000000000100000
0000110000000000000000000011100000000000000000000000011000000000000000000000100000
0000110000000000000000000000110000000000000000000001110000000000000000000000100000
0000110000000000000000000000011100000000000000000011100000000000000000000000100000
0000110000000000000000000000001111000000000000001110000000000000000000000000100000
0000110000000000000000000000000011111000000011111000000000000000000000000000100000
0000110000000000000000000000000000011111111111100000000000000000000000000000100000
0000110000000000000000000000000000000000000000000000000000000000000000000000100000
0000110000000000000000000000000000000000000000000000000000000000000000000000100000
0000110000000000000000000000000000000000000000000000000000000000000000000000100000
0000110000000000000000000000000000000000000000000000000000000000000000000000100000
0000110000000000000000000000000000000000000000000000000000000000000000000000100000
0000110000000000000000000000000000000000000000000000000000000000000000000000100000
0000110000000000000000000000000000000000000000000000000000000000000000000000100000
0000110000000000000000000000000000000000000000000000000000000000000000000000100000
0000110000000000000000000000000000000000000000000000000000000000000000000000100000
0000110000000000000000000000000000000000000000000000000000000000000000000000100000
0000110000000000000000000000000000000000000000000000000000000000000000000000100000
0000110000000000000000000000000000000000000000000000000000000000000000000000100000
0000110000000000000000000000000000000000000000000000000000000000000000000000100000
0000110000000000000000000000000000000000000000000000000000000000000000000000100000
0000110000000000000000000000000000000000000000000000000000000000000000000000100000
0000111111111111111111111111111111111111111111111111111111111111111111111111100000
0000011111111111111111111111111111111111111111111111111111111111111111111111000000
0000000000000000000000000000000000000000000000000000000000000000000000000000000000
0000000000000000000000000000000000000000000000000000000000000000000000000000000000
0000000000000000000000000000000000000000000000000000000000000000000000000000000000
0000000000000000000000000000000000000000000000000000000000000000000000000000000000

0000000000000000000000000000000000000000000000000000000000000000000000000000000000
0000000000000000000000000000000000000000000000000000000000000000000000000000000000
0000000000000000000000000000000000000000000000000000000000000000000000000000000000
0000000000000000000000000000000000000000000000000000000000000000000000000000000000
0000000000000000000000000000000000000000000000000000000000000000000000000000000000
0000111111111111111111111111111111111111111111111111111111111111111111111111100000
0000110000000000000000000000000000000000000000000000000000000000000000000000100000
0000110000000000000000000000000000000000000000000000000000000000000000000000100000
0000110000000000000000000000000000000000000000000000000000000000000000000000100000
0000110000000000000000000000000000000000000000000000000000000000000000000000100000
0000110000000000000000000000000000000000000000000000000000000000000000000000100000
0000110000000000000000000000000000000000000000000000000000000000000000000000100000
0000110000000000000000000000000000000000000000000000000000000000000000000000100000
0000110000000000000000000000000000000000110000000000000000000000000000000000100000
0000110000000000000000000000000000000000110000000000000000000000000000000000100000
0000110000000000000000000000000000000001111000000000000000000000000000000000100000
0000110000000000000000000000000000000001001000000000000000000000000000000000100000
0000110000000000000000000000000000000011001100000000000000000000000000000000100000
0000110000000000000000000000000000000010000100000000000000000000000000000000100000
0000110000000000000000000000000000000110000110000000000000000000000000000000100000
0000110000000000000000000000000000000100000010000000000000000000000000000000100000
0000110000000000000000000000000000001100000011000000000000000000000000000000100000
0000110000000000000000000000000000001000000001000000000000000000000000000000100000
0000110000000000000000000000000000011000000001100000000000000000000000000000100000
0000110000000000000000000000000000010000000000100000000000000000000000000000100000
0000110000000000000000000000000000110000000000110000000000000000000000000000100000
0000110000000000000000000000000000100000000000010000000000000000000000000000100000
0000110000000000000000000000000001100000000000011000000000000000000000000000100000
0000110000000000000000000000000001000000000000001000000000000000000000000000100000
0000110000000000000000000000000011000000000000001100000000000000000000000000100000
0000110000000000000000000000000010000000000000000100000000000000000000000000100000
0000110000000000000000000000000110000000000000000110000000000000000000000000100000
0000110000000000000000000000000100000000000000000010000000000000000000000000100000
0000110000000000000000000000001100000000000000000011000000000000000000000000100000
0000110000000000000000000000001000000000000000000001000000000000000000000000100000
0000110000000000000000000000011000000000000000000001100000000000000000000000100000
0000110000000000000000000000010000000000000000000000100000000000000000000000100000
0000110000000000000000000000110000001111111111000000110000000000000000000000100000
0000110000000000000000000000100000111100000011110000010000000000000000000000100000
0000110000000000000000000001100011100000000000011100011000000000000000000000100000
0000110000000000000000000001000110000000000000001110001000000000000000000000100000
0000110000000000000000000011001100000000000000000011001100000000000000000000100000
0000110000000000000000000010011000000000000000000001100100000000000000000000100000
0000110000000000000000000110010000000000000000000001100110000000000000000000100000
0000110000000000000000000100110000000000000000000000110010000000000000000000100000
0000110000000000000000001100100000000000000000000000110011000000000000000000100000
0000110000000000000000001001100000000000000000000000011001000000000000000000100000
0000110000000000000000011001000000000000000000000000011001100000000000000000100000
0000110000000000000000010001000000000000000000000000001000100000000000000000100000
0000110000000000000000110011000000000000000000000000001000110000000000000000100000
0000110000000000000000100011000000000000000000000000001000010000000000000000100000
0000110000000000000001100011000000000000000000000000001000011000000000000000100000
0000110000000000000001000011000000000000000000000000001000001000000000000000100000
0000110000000000000011000001000000000000000000000000001000001100000000000000100000
0000110000000000000010000001000000000000000000000000011000000100000000000000100000
0000110000000000000110000001100000000000000000000000011000000110000000000000100000
0000110000000000000100000001100000000000000000000000010000000010000000000000100000
0000110000000000001100000000110000000000000000000000110000000011000000000000100000
0000110000000000001000000000110000000000000000000001100000000001000000000000100000
0000110000000000011000000000011000000000000000000001100000000001100000000000100000
0000110000000000010000000000001100000000000000000011000000000000100000000000100000
0000110000000000110000000000000110000000000000001110000000000000110000000000100000
0000110000000000100000000000000011100000000000011100000000000000010000000000100000
0000110000000001100000000000000000111100000011110000000000000000011000000000100000
0000110000000001000000000000000000001111111111000000000000000000001000000000100000
0000110000000011000000000000000000000000110000000000000000000000001100000000100000
0000110000000010000000000000000000000000000000000000000000000000000100000000100000
0000110000000110000000000000000000000000000000000000000000000000000110000000100000
0000110000000111111111111111111111111111111111111111111111111111111110000000100000
0000110000000000000000000000000000000000000000000000000000000000000000000000100000
0000110000000000000000000000000000000000000000000000000000000000000000000000100000
0000110000000000000000000000000000000000000000000000000000000000000000000000100000
0000110000000000000000000000000000000000000000000000000000000000000000000000100000
0000110000000000000000000000000000000000000000000000000000000000000000000000100000
0000110000000000000000000000000000000000000000000000000000000000000000000000100000
0000110000000000000000000000000000000000000000000000000000000000000000000000100000
0000111111111111111111111111111111111111111111111111111111111111111111111111100000
0000011111111111111111111111111111111111111111111111111111111111111111111111000000
0000000000000000000000000000000000000000000000000000000000000000000000000000000000
0000000000000000000000000000000000000000000000000000000000000000000000000000000000
0000000000000000000000000000000000000000000000000000000000000000000000000000000000
0000000000000000000000000000000000000000000000000000000000000000000000000000000000

0000000000000000000000000000000000000000000000000000000000000000000000000000000000
0000000000000000000000000000000000000000000000000000000000000000000000000000000000
0000000000000000000000000000000000000000000000000000000000000000000000000000000000
0000000000000000000000000000000000000000000000000000000000000000000000000000000000
0000000000000000000000000000000000000000000000000000000000000000000000000000000000
0000000000000000000000000000000001111111111111111000000000000000000000000000000000
0000000000000000000000000000011111110000000000111111100000000000000000000000000000
0000000000000000000000000001111000000000000000000001111000000000000000000000000000
0000000000000000000000001111000000000000000000000000001111000000000000000000000000
0000000000000000000000011100000000000000000000000000000011100000000000000000000000
0000000000000000000001110000000000000000000000000000000000111000000000000000000000
0000000000000000000011000000000000000000000000000000000000001100000000000000000000
0000000000000000001110000000000000000000000000000000000000000111000000000000000000
0000000000000000011100000000000000000000000000000000000000000011100000000000000000
0000000000000000110000000000000000000000000000000000000000000000110000000000000000
0000000000000001100000000000000000000000000000000000000000000000011000000000000000
0000000000000011000000000000000000000000000000000000000000000000001100000000000000
0000000000000110000000000000000000000000000000000000000000000000000110000000000000
0000000000001100000111111111111111111111111111111111111111111110000011000000000000
0000000000001000001111111111111111111111111111111111111111111111000011000000000000
0000000000011000001100000000000000000000000000000000000000000011000001100000000000
0000000000110000001100000000000000000000000000000000000000000011000000110000000000
0000000001100000001100000000000000000000000000000000000000000011000000010000000000
0000000001100000001100000000000000000000000000000000000000000011000000011000000000
0000000011000000001100000000000000000000000000000000000000000011000000001100000000
0000000011000000001100000000000000000000000000000000000000000011000000001100000000
0000000110000000001100000000000000000000000000000000000000000011000000000100000000
0000000110000000001100000000000000000000110000000000000000000011000000000110000000
0000000100000000001100000000000000000001110000000000000000000011000000000010000000
0000001100000000001100000000000000000001111000000000000000000011000000000011000000
0000001100000000001100000000000000000011001000000000000000000011000000000011000000
0000001000000000001100000000000000000011001100000000000000000011000000000001000000
0000011000000000001100000000000000000110000100000000000000000011000000000001000000
0000011000000000001100000000000000000110000110000000000000000011000000000001100000
0000011000000000001100000000000000001100000010000000000000000011000000000001100000
0000010000000000001100000000000000001100000011000000000000000011000000000001100000
0000010000000000001100000000000000011000000001000000000000000011000000000000100000
0000010000000000001100000000000000011000000001100000000000000011000000000000100000
0000110000000000001100000000000000110000000000100000000000000011000000000000100000
0000110000000000001100000000000000110000000000110000000000000011000000000000100000
0000110000000000001100000000000001100000000000010000000000000011000000000000100000
0000110000000000001100000000000001100000000000011000000000000011000000000000100000
0000110000000000001100000000000011000000000000001000000000000011000000000000100000
0000110000000000001100000000000011000000000000001100000000000011000000000000100000
0000010000000000001100000000000110000000000000000100000000000011000000000000100000
0000010000000000001100000000000110000000000000000110000000000011000000000000100000
0000010000000000001100000000001100000000000000000010000000000011000000000001100000
0000011000000000001100000000001100000000000000000011000000000011000000000001100000
0000011000000000001100000000011000000000000000000001000000000011000000000001100000
0000011000000000001100000000011000000000000000000001100000000011000000000001000000
0000001000000000001100000000110000000000000000000000100000000011000000000001000000
0000001100000000001100000000110000000000000000000000110000000011000000000011000000
0000001100000000001100000001100000000000000000000000010000000011000000000011000000
0000000100000000001100000001100000000000000000000000011000000011000000000010000000
0000000110000000001100000001111111111111111111111111111000000011000000000110000000
0000000110000000001100000000111111111111111111111111110000000011000000000100000000
0000000011000000001100000000000000000000000000000000000000000011000000001100000000
0000000011000000001100000000000000000000000000000000000000000011000000001100000000
0000000001100000001100000000000000000000000000000000000000000011000000011000000000
0000000001100000001100000000000000000000000000000000000000000011000000010000000000
0000000000110000001100000000000000000000000000000000000000000011000000110000000000
0000000000011000001100000000000000000000000000000000000000000011000001100000000000
0000000000011000001111111111111111111111111111111111111111111111000011000000000000
0000000000001100000111111111111111111111111111111111111111111110000011000000000000
0000000000000110000000000000000000000000000000000000000000000000000110000000000000
0000000000000011000000000000000000000000000000000000000000000000001100000000000000
0000000000000001100000000000000000000000000000000000000000000000011000000000000000
0000000000000000110000000000000000000000000000000000000000000000110000000000000000
0000000000000000011000000000000000000000000000000000000000000011100000000000000000
0000000000000000001110000000000000000000000000000000000000000111000000000000000000
0000000000000000000111000000000000000000000000000000000000001100000000000000000000
0000000000000000000001110000000000000000000000000000000000111000000000000000000000
0000000000000000000000111100000000000000000000000000000011100000000000000000000000
0000000000000000000000001111000000000000000000000000001111000000000000000000000000
0000000000000000000000000011111000000000000000000001111100000000000000000000000000
0000000000000000000000000000011111110000000000111111100000000000000000000000000000
0000000000000000000000000000000011111111111111111100000000000000000000000000000000
0000000000000000000000000000000000000001111000000000000000000000000000000000000000
0000000000000000000000000000000000000000000000000000000000000000000000000000000000
0000000000000000000000000000000000000000000000000000000000000000000000000000000000
0000000000000000000000000000000000000000000000000000000000000000000000000000000000
0000000000000000000000000000000000000000000000000000000000000000000000000000000000

0000000000000000000000000000000000000000000000000000000000000000000000000000000000
0000000000000000000000000000000000000000000000000000000000000000000000000000000000
0000000000000000000000000000000000000000000000000000000000000000000000000000000000
0000000000000000000000000000000000000000000000000000000000000000000000000000000000
0000000000000000000000000000000000000000000000000000000000000000000000000000000000
0000000000000000000000000000000001111111111111111000000000000000000000000000000000
0000000000000000000000000000011111110000000000111111100000000000000000000000000000
0000000000000000000000000001111000000000000000000001111000000000000000000000000000
0000000000000000000000001111000000000000000000000000001111000000000000000000000000
0000000000000000000000011100000000000000000000000000000011100000000000000000000000
0000000000000000000001110000000000000000000000000000000000111000000000000000000000
0000000000000000000011000000000000000000000000000000000000001100000000000000000000
0000000000000000001110000000000000000000000000000000000000000111000000000000000000
0000000000000000011100000000000000000000000000000000000000000011100000000000000000
0000000000000000110000000000000000000000000000000000000000000000110000000000000000
0000000000000001100000000000000000000000000000000000000000000000011000000000000000
0000000000000011000000000000000000000000000000000000000000000000001100000000000000
0000000000000110000000000000000000000000000000000000000000000000000110000000000000
0000000000001100000000000000000000000000000000000000000000000000000011000000000000
0000000000001100000000000000000000000000110000000000000000000000000011000000000000
0000000000011000000000000000000000000001111000000000000000000000000001100000000000
0000000000110000000000000000000000000001111000000000000000000000000000110000000000
0000000000100000000000000000000000000011001100000000000000000000000000010000000000
0000000001100000000000000000000000000011001100000000000000000000000000011000000000
0000000011000000000000000000000000000110000110000000000000000000000000001100000000
0000000011000000000000000000000000000110000110000000000000000000000000001100000000
0000000010000000000000000000000000001100000011000000000000000000000000000110000000
0000000110000000000000000000000000001100000011000000000000000000000000000110000000
0000000100000000000000000000000000011000000001100000000000000000000000000010000000
0000001100000000000000000000000000011000000001100000000000000000000000000011000000
0000001100000000000000000000000000110000000000110000000000000000000000000011000000
0000001000000000000000000000000000110000000000110000000000000000000000000001000000
0000001000000000000000000000000001100000000000011000000000000000000000000001100000
0000011000000000000000000000000001100000000000011000000000000000000000000001100000
0000011000000000000000000000000011000000000000001100000000000000000000000001100000
0000011000000000000000000000000011000000000000001100000000000000000000000001100000
0000010000000000000000000000000110000000000000000110000000000000000000000000100000
0000010000000000000000000000000110000000000000000110000000000000000000000000100000
0000010000000000000000000000001100000000000000000011000000000000000000000000100000
0000010000000000000000000000001100000000000000000011000000000000000000000000110000
0000110000000000000000000000011000000000000000000001100000000000000000000000110000
0000110000000000000000000000011000000000000000000001100000000000000000000000110000
0000010000000000000000000000110000000000000000000000110000000000000000000000110000
0000010000000000000000000000110000111111111111110000110000000000000000000000100000
0000010000000000000000000001100001111111111111111000011000000000000000000000100000
0000010000000000000000000001100001100000000000011000011000000000000000000000100000
0000011000000000000000000011000001100000000000011000001100000000000000000001100000
0000011000000000000000000011000001100000000000011000001100000000000000000001100000
0000011000000000000000000110000001100000000000011000000110000000000000000001100000
0000011000000000000000000110000001100000000000011000000110000000000000000001100000
0000001000000000000000001100000001100000000000011000000011000000000000000001000000
0000001100000000000000001100000001100000000000011000000011000000000000000011000000
0000001100000000000000011000000001100000000000011000000001100000000000000011000000
0000000100000000000000011000000001100000000000011000000001100000000000000010000000
0000000110000000000000110000000001100000000000011000000000110000000000000110000000
0000000110000000000000110000000001100000000000011000000000110000000000000110000000
0000000011000000000001100000000001100000000000011000000000011000000000001100000000
0000000011000000000001100000000001111111111111111000000000011000000000001100000000
0000000001100000000011000000000000111111111111110000000000001100000000011000000000
0000000000100000000011000000000000000000000000000000000000001100000000011000000000
0000000000110000000110000000000000000000000000000000000000000110000000110000000000
0000000000011000000110000000000000000000000000000000000000000110000001100000000000
0000000000001100001111111111111111111111111111111111111111111111000001100000000000
0000000000001100000111111111111111111111111111111111111111111110000011000000000000
0000000000000110000000000000000000000000000000000000000000000000000110000000000000
0000000000000011000000000000000000000000000000000000000000000000001100000000000000
0000000000000001100000000000000000000000000000000000000000000000011000000000000000
0000000000000000110000000000000000000000000000000000000000000000110000000000000000
0000000000000000011100000000000000000000000000000000000000000001100000000000000000
0000000000000000001110000000000000000000000000000000000000000111000000000000000000
0000000000000000000011000000000000000000000000000000000000001110000000000000000000
0000000000000000000001110000000000000000000000000000000000111000000000000000000000
0000000000000000000000011100000000000000000000000000000011110000000000000000000000
0000000000000000000000001111000000000000000000000000001111000000000000000000000000
0000000000000000000000000011111000000000000000000001111100000000000000000000000000
0000000000000000000000000000011111110000000000111111100000000000000000000000000000
0000000000000000000000000000000011111111111111111100000000000000000000000000000000
0000000000000000000000000000000000000001111000000000000000000000000000000000000000
0000000000000000000000000000000000000000000000000000000000000000000000000000000000
0000000000000000000000000000000000000000000000000000000000000000000000000000000000
0000000000000000000000000000000000000000000000000000000000000000000000000000000000
0000000000000000000000000000000000000000000000000000000000000000000000000000000000

0000000000000000000000000000000000000000000000000000000000000000000000000000000000
0000000000000000000000000000000000000000000000000000000000000000000000000000000000
0000000000000000000000000000000000000000000000000000000000000000000000000000000000
0000000000000000000000000000000000000000000000000000000000000000000000000000000000
0000000000000000000000000000000000000000000000000000000000000000000000000000000000
0000000000000000000000000000000000000000110000000000000000000000000000000000000000
0000000000000000000000000000000000000000111000000000000000000000000000000000000000
0000000000000000000000000000000000000001111000000000000000000000000000000000000000
0000000000000000000000000000000000000001001100000000000000000000000000000000000000
0000000000000000000000000000000000000011001100000000000000000000000000000000000000
0000000000000000000000000000000000000010000110000000000000000000000000000000000000
0000000000000000000000000000000000000110000110000000000000000000000000000000000000
0000000000000000000000000000000000000100000011000000000000000000000000000000000000
0000000000000000000000000000000000001100000011000000000000000000000000000000000000
0000000000000000000000000000000000001000000001100000000000000000000000000000000000
0000000000000000000000000000000000011000000001100000000000000000000000000000000000
0000000000000000000000000000000000010000000000110000000000000000000000000000000000
0000000000000000000000000000000000110000000000110000000000000000000000000000000000
0000000000000000000000000000000000100000000000011000000000000000000000000000000000
0000000000000000000000000000000001100000000000011000000000000000000000000000000000
0000000000000000000000000000000001000000000000001100000000000000000000000000000000
0000000000000000000000000000000011000000000000001100000000000000000000000000000000
0000000000000000000000000000000010000000000000000110000000000000000000000000000000
0000000000000000000000000000000110000000000000000110000000000000000000000000000000
0000000000000000000000000000000100000000000000000011000000000000000000000000000000
0000000000000000000000000000001100000000000000000011000000000000000000000000000000
0000000000000000000000000000001000000000000000000001100000000000000000000000000000
0000000000000000000000000000011000000000000000000001100000000000000000000000000000
0000000000000000000000000000010000000000000000000000110000000000000000000000000000
0000000000000000000000000000110000000000000000000000110000000000000000000000000000
0000000000000000000000000000100000000000000000000000011000000000000000000000000000
0000000000000000000000000001100000000000000000000000011000000000000000000000000000
0000000000000000000000000001000000000000000000000000001100000000000000000000000000
0000000000000000000000000011000000000000000000000000001100000000000000000000000000
0000000000000000000000000010000000000000000000000000000110000000000000000000000000
0000000000000000000000000110000000000000000000000000000110000000000000000000000000
0000000000000000000000000100000000000000000000000000000011000000000000000000000000
0000000000000000000000001100000000000000000000000000000011000000000000000000000000
0000000000000000000000001000000000000000000000000000000001100000000000000000000000
0000000000000000000000011000000000000000000000000000000001100000000000000000000000
0000000000000000000000010001111111111111111111111111111000110000000000000000000000
0000000000000000000000110001111111111111111111111111111100110000000000000000000000
0000000000000000000000100001000000000000000000000000001100011000000000000000000000
0000000000000000000001100001000000000000000000000000001100011000000000000000000000
0000000000000000000001000001000000000000000000000000001100001100000000000000000000
0000000000000000000011000001000000000000000000000000001100001100000000000000000000
0000000000000000000010000001000000000011111100000000001100000110000000000000000000
0000000000000000000110000001000000001111111111000000001100000110000000000000000000
0000000000000000000100000001000000011000000001100000001100000011000000000000000000
0000000000000000001100000001000000110000000000110000001100000011000000000000000000
0000000000000000001000000001000001100000000000011000001100000001100000000000000000
0000000000000000011000000001000001000000000000001000001100000001100000000000000000
0000000000000000010000000001000011000000000000001100001100000000110000000000000000
0000000000000000110000000001000011000000000000001100001100000000110000000000000000
0000000000000000100000000001000011000000000000001100001100000000011000000000000000
0000000000000001100000000001000011000000000000001100001100000000011000000000000000
0000000000000001000000000001000011000000000000001100001100000000001100000000000000
0000000000000011000000000001000011000000000000001100001100000000001100000000000000
0000000000000010000000000001000001100000000000011000001100000000000110000000000000
0000000000000110000000000001000001100000000000011000001100000000000110000000000000
0000000000000100000000000001000000110000000000110000001100000000000011000000000000
0000000000001100000000000001000000011100000011100000001100000000000011000000000000
0000000000001000000000000001000000001111111111000000001100000000000001100000000000
0000000000011000000000000001000000000011111100000000001100000000000001100000000000
0000000000010000000000000001000000000000000000000000001100000000000000110000000000
0000000000110000000000000001000000000000000000000000001100000000000000110000000000
0000000000100000000000000001000000000000000000000000001100000000000000011000000000
0000000001100000000000000001000000000000000000000000001100000000000000011000000000
0000000001000000000000000001111111111111111111111111111100000000000000001100000000
0000000011000000000000000000000000000000000000000000000000000000000000001100000000
0000000010000000000000000000000000000000000000000000000000000000000000000110000000
0000000110000000000000000000000000000000000000000000000000000000000000000110000000
0000000100000000000000000000000000000000000000000000000000000000000000000011000000
0000001100000000000000000000000000000000000000000000000000000000000000000011000000
0000001000000000000000000000000000000000000000000000000000000000000000000001100000
0000011000000000000000000000000000000000000000000000000000000000000000000001100000
0000011111111111111111111111111111111111111111111111111111111111111111111111110000
0000001111111111111111111111111111111111111111111111111111111111111111111111100000
0000000000000000000000000000000000000000000000000000000000000000000000000000000000
0000000000000000000000000000000000000000000000000000000000000000000000000000000000
0000000000000000000000000000000000000000000000000000000000000000000000000000000000
0000000000000000000000000000000000000000000000000000000000000000000000000000000000

0000000000000000000000000000000000000000000000000000000000000000000000000000000000
0000000000000000000000000000000000000000000000000000000000000000000000000000000000
0000000000000000000000000000000000000000000000000000000000000000000000000000000000
0000000000000000000000000000000000000000000000000000000000000000000000000000000000
0000000000000000000000000000000000000000000000000000000000000000000000000000000000
0000000000000000000000000000000000000000110000000000000000000000000000000000000000
0000000000000000000000000000000000000000111000000000000000000000000000000000000000
0000000000000000000000000000000000000001111000000000000000000000000000000000000000
0000000000000000000000000000000000000001001100000000000000000000000000000000000000
0000000000000000000000000000000000000011001100000000000000000000000000000000000000
0000000000000000000000000000000000000010000110000000000000000000000000000000000000
0000000000000000000000000000000000000110000110000000000000000000000000000000000000
0000000000000000000000000000000000000100000011000000000000000000000000000000000000
0000000000000000000000000000000000001100000011000000000000000000000000000000000000
0000000000000000000000000000000000001000000001100000000000000000000000000000000000
0000000000000000000000000000000000011000000001100000000000000000000000000000000000
0000000000000000000000000000000000010000000000110000000000000000000000000000000000
0000000000000000000000000000000000110000000000110000000000000000000000000000000000
0000000000000000000000000000000000100000000000011000000000000000000000000000000000
0000000000000000000000000000000001100000000000011000000000000000000000000000000000
0000000000000000000000000000000001000000000000001100000000000000000000000000000000
0000000000000000000000000000000011000000000000001100000000000000000000000000000000
0000000000000000000000000000000010000000000000000110000000000000000000000000000000
0000000000000000000000000000000110000000000000000110000000000000000000000000000000
0000000000000000000000000000000100000000000000000011000000000000000000000000000000
0000000000000000000000000000001100000000000000000011000000000000000000000000000000
0000000000000000000000000000001000000000000000000001100000000000000000000000000000
0000000000000000000000000000011000000000000000000001100000000000000000000000000000
0000000000000000000000000000010000000000000000000000110000000000000000000000000000
0000000000000000000000000000110000000000000000000000110000000000000000000000000000
0000000000000000000000000000100000000000000000000000011000000000000000000000000000
0000000000000000000000000001100000000000000000000000011000000000000000000000000000
0000000000000000000000000001000000000000000000000000001100000000000000000000000000
0000000000000000000000000011000000000000000000000000001100000000000000000000000000
0000000000000000000000000010000000000001111000000000000110000000000000000000000000
0000000000000000000000000110000000011111111111110000000110000000000000000000000000
0000000000000000000000000100000011111000000001111100000011000000000000000000000000
0000000000000000000000001100001111000000000000001111000011000000000000000000000000
0000000000000000000000001000011100000000000000000011100001100000000000000000000000
0000000000000000000000011000110000000000000000000000111001100000000000000000000000
0000000000000000000000010001100000000000000000000000011100110000000000000000000000
0000000000000000000000110011000000000000000000000000001110110000000000000000000000
0000000000000000000000100110000000000000000000000000000110011000000000000000000000
0000000000000000000001101100001111111111111111111111100011011000000000000000000000
0000000000000000000001001000011111111111111111111111100001101100000000000000000000
0000000000000000000011011000011000000000000000000001100001101100000000000000000000
0000000000000000000010010000011000000000000000000001100000110110000000000000000000
0000000000000000000110110000011000000000000000000001100000110110000000000000000000
0000000000000000000100100000011000000000000000000001100000011011000000000000000000
0000000000000000001101100000011000000000000000000001100000011011000000000000000000
0000000000000000001001100000011000000000000000000001100000011001100000000000000000
0000000000000000011001100000011000000000000000000001100000001001100000000000000000
0000000000000000010001100000011000000000000000000001100000001000110000000000000000
0000000000000000110001000000011000000000000000000001100000001100110000000000000000
0000000000000000100001000000011000000000000000000001100000001100011000000000000000
0000000000000001100001000000011000000000000000000001100000001100011000000000000000
0000000000000001000001000000011000000000000000000001100000001000001100000000000000
0000000000000011000001100000011000000000000000000001100000001000001100000000000000
0000000000000010000001100000011000000000000000000001100000001000000110000000000000
0000000000000110000001100000011000000000000000000001100000011000000110000000000000
0000000000000100000000100000011000000000000000000001100000011000000011000000000000
0000000000001100000000110000011000000000000000000001100000010000000011000000000000
0000000000001000000000110000011000000000000000000001100000110000000001100000000000
0000000000011000000000011000011000000000000000000001100000110000000001100000000000
0000000000010000000000011000011000000000000000000001100001100000000000110000000000
0000000000110000000000001100011111111111111111111111100001100000000000110000000000
0000000000100000000000001100001111111111111111111111000011000000000000011000000000
0000000001100000000000000110000000000000000000000000000110000000000000011000000000
0000000001000000000000000011000000000000000000000000001100000000000000001100000000
0000000011000000000000000001100000000000000000000000011000000000000000001100000000
0000000010000000000000000000111000000000000000000000110000000000000000000110000000
0000000110000000000000000000011110000000000000000011100000000000000000000110000000
0000000100000000000000000000000111100000000000011110000000000000000000000011000000
0000001100000000000000000000000001111110000111111000000000000000000000000011000000
0000001000000000000000000000000000001111111111000000000000000000000000000001100000
0000011000000000000000000000000000000000000000000000000000000000000000000001100000
0000011111111111111111111111111111111111111111111111111111111111111111111111110000
0000001111111111111111111111111111111111111111111111111111111111111111111111100000
0000000000000000000000000000000000000000000000000000000000000000000000000000000000
0000000000000000000000000000000000000000000000000000000000000000000000000000000000
0000000000000000000000000000000000000000000000000000000000000000000000000000000000
0000000000000000000000000000000000000000000000000000000000000000000000000000000000

