== Attributes ==
title=2x1 Challenge Problem 06
type= 2x1
result=2
window_size=(82, 82)

== Input ==
0000000000000000000000000000000000000000000000000000000000000000000000000000000000
0000000000000000000000000000000000000000000000000000000000000000000000000000000000
0000000000000000000000000000000000000000000000000000000000000000000000000000000000
0000000000000000000000000000000000000000000000000000000000000000000000000000000000
0000000000000000000000000000000000000000000000000000000000000000000000000000000000
0000000000000000000000000000000000000000000000000000000000000000000000000000000000
0000000000000000000000000000000000000000000000000000000000000000000000000000000000
0000000000000000000000000000000000000000000000000000000000000000000000000000000000
0000000000000000000000000000000000000000000000000000000000000000000000000000000000
0000000000000000000000000000000000000000000000000000000000000000000000000000000000
0000000000000000000000000000000000000000000000000000000000000000000000000000000000
0000000000000000000000000000000000000000000000000000000000000000000000000000000000
0000000000000000000000000000000000000000000000000000000000000000000000000000000000
0000000000000110000000000000000000000000000000000000000000000000000000000000000000
0000000000001111100000000000000000000000000000000000000000000000000000000000000000
0000000000001101111000000000000000000000000000000000000000000000000000000000000000
0000000000001100011110000000000000000000000000000000000000000000000000000000000000
0000000000001100000111100000000000000000000000000000000000000000000000000000000000
0000000000001100000001111000000000000000000000000000000000000000000000000000000000
0000000000001100000000011110000000000000000000000000000000000000000000000000000000
0000000000001100000000000111100000000000000000000000000000000000000000000000000000
0000000000001100000000000001111000000000000000000000000000000000000000000000000000
0000000000001100000000000000011110000000000000000000000000000000000000000000000000
0000000000001100000000000000000111100000000000000000000000000000000000000000000000
0000000000001100000000000000000001111000000000000000000000000000000000000000000000
0000000000001100000000000000000000011110000000000000000000000000000000000000000000
0000000000001100000000000000000000000111100000000000000000000000000000000000000000
0000000000001100000000000000000000000001111000000000000000000000000000000000000000
0000000000001100000000000000000000000000011110000000000000000000000000000000000000
0000000000001100000000000000000000000000000111100000000000000000000000000000000000
0000000000001100000000000000000000000000000001111000000000000000000000000000000000
0000000000001100000000000000000000000000000000011110000000000000000000000000000000
0000000000001100000000000000000000000000000000000111100000000000000000000000000000
0000000000001100000000000000000000000000000000000001111000000000000000000000000000
0000000000001100000000000000000000000000000000000000011110000000000000000000000000
0000000000001100000000000000000000000000000000000000000111100000000000000000000000
0000000000001100000000000000000000000000000000000000000001111000000000000000000000
0000000000001100000000000000000000000000000000000000000000011110000000000000000000
0000000000001100000000000000000000000000000000000000000000000111100000000000000000
0000000000001100000000000000000000000000000000000000000000000001111000000000000000
0000000000001100000000000000000000000000000000000000000000000000011110000000000000
0000000000001100000000000000000000000000000000000000000000000000001110000000000000
0000000000001100000000000000000000000000000000000000000000000000111100000000000000
0000000000001100000000000000000000000000000000000000000000000011110000000000000000
0000000000001100000000000000000000000000000000000000000000001111000000000000000000
0000000000001100000000000000000000000000000000000000000000111100000000000000000000
0000000000001100000000000000000000000000000000000000000011110000000000000000000000
0000000000001100000000000000000000000000000000000000001111000000000000000000000000
0000000000001100000000000000000000000000000000000000111100000000000000000000000000
0000000000001100000000000000000000000000000000000011110000000000000000000000000000
0000000000001100000000000000000000000000000000001111000000000000000000000000000000
0000000000001100000000000000000000000000000000111100000000000000000000000000000000
0000000000001100000000000000000000000000000011110000000000000000000000000000000000
0000000000001100000000000000000000000000001111000000000000000000000000000000000000
0000000000001100000000000000000000000000111000000000000000000000000000000000000000
0000000000001100000000000000000000000011100000000000000000000000000000000000000000
0000000000001100000000000000000000001110000000000000000000000000000000000000000000
0000000000001100000000000000000000111000000000000000000000000000000000000000000000
0000000000001100000000000000000011100000000000000000000000000000000000000000000000
0000000000001100000000000000001110000000000000000000000000000000000000000000000000
0000000000001100000000000000111000000000000000000000000000000000000000000000000000
0000000000001100000000000011100000000000000000000000000000000000000000000000000000
0000000000001100000000001110000000000000000000000000000000000000000000000000000000
0000000000001100000000111000000000000000000000000000000000000000000000000000000000
0000000000001100000011100000000000000000000000000000000000000000000000000000000000
0000000000001100001110000000000000000000000000000000000000000000000000000000000000
0000000000001100111000000000000000000000000000000000000000000000000000000000000000
0000000000001111100000000000000000000000000000000000000000000000000000000000000000
0000000000001110000000000000000000000000000000000000000000000000000000000000000000
0000000000000000000000000000000000000000000000000000000000000000000000000000000000
0000000000000000000000000000000000000000000000000000000000000000000000000000000000
0000000000000000000000000000000000000000000000000000000000000000000000000000000000
0000000000000000000000000000000000000000000000000000000000000000000000000000000000
0000000000000000000000000000000000000000000000000000000000000000000000000000000000
0000000000000000000000000000000000000000000000000000000000000000000000000000000000
0000000000000000000000000000000000000000000000000000000000000000000000000000000000
0000000000000000000000000000000000000000000000000000000000000000000000000000000000
0000000000000000000000000000000000000000000000000000000000000000000000000000000000
0000000000000000000000000000000000000000000000000000000000000000000000000000000000
0000000000000000000000000000000000000000000000000000000000000000000000000000000000
0000000000000000000000000000000000000000000000000000000000000000000000000000000000
0000000000000000000000000000000000000000000000000000000000000000000000000000000000

0000000000000000000000000000000000000000000000000000000000000000000000000000000000
0000000000000000000000000000000000000000000000000000000000000000000000000000000000
0000000000000000000000000000000000000000000000000000000000000000000000000000000000
0000000000000000000000000000000000000000000000000000000000000000000000000000000000
0000000000000000000000000000000000000000000000000000000000000000000000000000000000
0000000000000000000000000000000000000000000000000000000000000000000000000000000000
0000000000000000000000000000000000000000000000000000000000000000000000000000000000
0000000000000000000000000000000000000000000000000000000000000000000000000000000000
0000000000000000000000000000000000000000000000000000000000000000000000000000000000
0000000000000000000000000000000000000000000000000000000000000000000000000000000000
0000000000000000000000000000000000000000000000000000000000000000000000000000000000
0000000000000000000000000000000000000000000000000000000000000000000000000000000000
0000000000000000000000000000000000000000000000000000000000000000000000000000000000
0000000000000000000000000000000000000000000000000000000000000000000110000000000000
0000000000000000000000000000000000000000000000000000000000000000011111000000000000
0000000000000000000000000000000000000000000000000000000000000001111111000000000000
0000000000000000000000000000000000000000000000000000000000000111100011000000000000
0000000000000000000000000000000000000000000000000000000000011110000011000000000000
0000000000000000000000000000000000000000000000000000000001111000000011000000000000
0000000000000000000000000000000000000000000000000000000111100000000011000000000000
0000000000000000000000000000000000000000000000000000011110000000000011000000000000
0000000000000000000000000000000000000000000000000001111000000000000011000000000000
0000000000000000000000000000000000000000000000000111100000000000000011000000000000
0000000000000000000000000000000000000000000000011110000000000000000011000000000000
0000000000000000000000000000000000000000000001111000000000000000000011000000000000
0000000000000000000000000000000000000000000111100000000000000000000011000000000000
0000000000000000000000000000000000000000011110000000000000000000000011000000000000
0000000000000000000000000000000000000001111000000000000000000000000011000000000000
0000000000000000000000000000000000000111100000000000000000000000000011000000000000
0000000000000000000000000000000000011110000000000000000000000000000011000000000000
0000000000000000000000000000000001111000000000000000000000000000000011000000000000
0000000000000000000000000000000111100000000000000000000000000000000011000000000000
0000000000000000000000000000011110000000000000000000000000000000000011000000000000
0000000000000000000000000001111000000000000000000000000000000000000011000000000000
0000000000000000000000000111100000000000000000000000000000000000000011000000000000
0000000000000000000000011110000000000000000000000000000000000000000011000000000000
0000000000000000000001111000000000000000000000000000000000000000000011000000000000
0000000000000000000111100000000000000000000000000000000000000000000011000000000000
0000000000000000011110000000000000000000000000000000000000000000000011000000000000
0000000000000001111000000000000000000000000000000000000000000000000011000000000000
0000000000000111100000000000000000000000000000000000000000000000000011000000000000
0000000000000111100000000000000000000000000000000000000000000000000011000000000000
0000000000000011110000000000000000000000000000000000000000000000000011000000000000
0000000000000000111100000000000000000000000000000000000000000000000011000000000000
0000000000000000001111000000000000000000000000000000000000000000000011000000000000
0000000000000000000011110000000000000000000000000000000000000000000011000000000000
0000000000000000000000111100000000000000000000000000000000000000000011000000000000
0000000000000000000000000111000000000000000000000000000000000000000011000000000000
0000000000000000000000000001110000000000000000000000000000000000000011000000000000
0000000000000000000000000000011100000000000000000000000000000000000011000000000000
0000000000000000000000000000000111000000000000000000000000000000000011000000000000
0000000000000000000000000000000001110000000000000000000000000000000011000000000000
0000000000000000000000000000000000011100000000000000000000000000000011000000000000
0000000000000000000000000000000000000111000000000000000000000000000011000000000000
0000000000000000000000000000000000000001110000000000000000000000000011000000000000
0000000000000000000000000000000000000000011100000000000000000000000011000000000000
0000000000000000000000000000000000000000000111000000000000000000000011000000000000
0000000000000000000000000000000000000000000001110000000000000000000011000000000000
0000000000000000000000000000000000000000000000011100000000000000000011000000000000
0000000000000000000000000000000000000000000000000111000000000000000011000000000000
0000000000000000000000000000000000000000000000000001110000000000000011000000000000
0000000000000000000000000000000000000000000000000000011100000000000011000000000000
0000000000000000000000000000000000000000000000000000000111000000000011000000000000
0000000000000000000000000000000000000000000000000000000001110000000011000000000000
0000000000000000000000000000000000000000000000000000000000011100000011000000000000
0000000000000000000000000000000000000000000000000000000000000111000011000000000000
0000000000000000000000000000000000000000000000000000000000000001110011000000000000
0000000000000000000000000000000000000000000000000000000000000000011111000000000000
0000000000000000000000000000000000000000000000000000000000000000000111000000000000
0000000000000000000000000000000000000000000000000000000000000000000000000000000000
0000000000000000000000000000000000000000000000000000000000000000000000000000000000
0000000000000000000000000000000000000000000000000000000000000000000000000000000000
0000000000000000000000000000000000000000000000000000000000000000000000000000000000
0000000000000000000000000000000000000000000000000000000000000000000000000000000000
0000000000000000000000000000000000000000000000000000000000000000000000000000000000
0000000000000000000000000000000000000000000000000000000000000000000000000000000000
0000000000000000000000000000000000000000000000000000000000000000000000000000000000
0000000000000000000000000000000000000000000000000000000000000000000000000000000000
0000000000000000000000000000000000000000000000000000000000000000000000000000000000
0000000000000000000000000000000000000000000000000000000000000000000000000000000000
0000000000000000000000000000000000000000000000000000000000000000000000000000000000
0000000000000000000000000000000000000000000000000000000000000000000000000000000000

0000000000000000000000000000000000000000000000000000000000000000000000000000000000
0000000000000000000000000000000000000000000000000000000000000000000000000000000000
0000000000000000000000000000000000000000000000000000000000000000000000000000000000
0000000000000000000000000000000000000000000000000000000000000000000000000000000000
0000000000000000000000000000000000000000000000000000000000000000000000000000000000
0000000000000000000000000000000000000000000000000000000000000000000000000000000000
0000000000000000000000000000000000000000000000000000000000000000000000000000000000
0000000000000000000000000000000000000000000000000000000000000000000000000000000000
0000000000000000000000000000000000000000000000000000000000000000000000000000000000
0000000000000000000000000000000000000000000000000000000000000000000000000000000000
0000000000000000000000000000000000000000000000000000000000000000000000000000000000
0000000000000000000000000000000000000000000000000000000000000000000000000000000000
0000000000000000000000000000000000000000000000000000000000000000000000000000000000
0000000000000000000000000000000000000000010000000000000000000000000000000000000000
0000000000000000000000000000000000000000111000000000000000000000000000000000000000
0000000000000000000000000000000000000000111000000000000000000000000000000000000000
0000000000000000000000000000000000000001101100000000000000000000000000000000000000
0000000000000000000000000000000000000001001100000000000000000000000000000000000000
0000000000000000000000000000000000000011000110000000000000000000000000000000000000
0000000000000000000000000000000000000010000110000000000000000000000000000000000000
0000000000000000000000000000000000000110000011000000000000000000000000000000000000
0000000000000000000000000000000000000100000011000000000000000000000000000000000000
0000000000000000000000000000000000001100000001100000000000000000000000000000000000
0000000000000000000000000000000000001000000001100000000000000000000000000000000000
0000000000000000000000000000000000011000000000110000000000000000000000000000000000
0000000000000000000000000000000000010000000000110000000000000000000000000000000000
0000000000000000000000000000000000110000000000011000000000000000000000000000000000
0000000000000000000000000000000001100000000000011000000000000000000000000000000000
0000000000000000000000000000000001100000000000001100000000000000000000000000000000
0000000000000000000000000000000011000000000000001100000000000000000000000000000000
0000000000000000000000000000000011000000000000000110000000000000000000000000000000
0000000000000000000000000000000110000000000000000110000000000000000000000000000000
0000000000000000000000000000000110000000000000000011000000000000000000000000000000
0000000000000000000000000000001100000000000000000011000000000000000000000000000000
0000000000000000000000000000001100000000000000000001100000000000000000000000000000
0000000000000000000000000000011000000000000000000001100000000000000000000000000000
0000000000000000000000000000011000000000000000000000110000000000000000000000000000
0000000000000000000000000000110000000000000000000000110000000000000000000000000000
0000000000000000000000000000110000000000000000000000011000000000000000000000000000
0000000000000000000000000001100000000000000000000000011000000000000000000000000000
0000000000000000000000000001100000000000000000000000001100000000000000000000000000
0000000000000000000000000011000000000000000000000000001100000000000000000000000000
0000000000000000000000000011000000000000000000000000000110000000000000000000000000
0000000000000000000000000110000000000000000000000000000110000000000000000000000000
0000000000000000000000000110000000000000000000000000000011000000000000000000000000
0000000000000000000000001100000000000000000000000000000011000000000000000000000000
0000000000000000000000001100000000000000000000000000000001100000000000000000000000
0000000000000000000000011000000000000000000000000000000001100000000000000000000000
0000000000000000000000011000000000000000000000000000000000110000000000000000000000
0000000000000000000000110000000000000000000000000000000000110000000000000000000000
0000000000000000000000110000000000000000000000000000000000011000000000000000000000
0000000000000000000001100000000000000000000000000000000000011000000000000000000000
0000000000000000000001100000000000000000000000000000000000001100000000000000000000
0000000000000000000011000000000000000000000000000000000000001100000000000000000000
0000000000000000000011000000000000000000000000000000000000000110000000000000000000
0000000000000000000110000000000000000000000000000000000000000110000000000000000000
0000000000000000000110000000000000000000000000000000000000000011000000000000000000
0000000000000000001100000000000000000000000000000000000000000011000000000000000000
0000000000000000001100000000000000000000000000000000000000000001100000000000000000
0000000000000000011000000000000000000000000000000000000000000001100000000000000000
0000000000000000011000000000000000000000000000000000000000000000110000000000000000
0000000000000000110000000000000000000000000000000000000000000000110000000000000000
0000000000000000110000000000000000000000000000000000000000000000011000000000000000
0000000000000001100000000000000000000000000000000000000000000000011000000000000000
0000000000000001100000000000000000000000000000000000000000000000001100000000000000
0000000000000011000000000000000000000000000000000000000000000000001100000000000000
0000000000000011000000000000000000000000000000000000000000000000000110000000000000
0000000000000111000000000000000000000000000000000000000000000000000110000000000000
0000000000000111111111111111111111111111111111111111111111111111111111000000000000
0000000000000000000000000000000000000000000000000000000000000000000000000000000000
0000000000000000000000000000000000000000000000000000000000000000000000000000000000
0000000000000000000000000000000000000000000000000000000000000000000000000000000000
0000000000000000000000000000000000000000000000000000000000000000000000000000000000
0000000000000000000000000000000000000000000000000000000000000000000000000000000000
0000000000000000000000000000000000000000000000000000000000000000000000000000000000
0000000000000000000000000000000000000000000000000000000000000000000000000000000000
0000000000000000000000000000000000000000000000000000000000000000000000000000000000
0000000000000000000000000000000000000000000000000000000000000000000000000000000000
0000000000000000000000000000000000000000000000000000000000000000000000000000000000
0000000000000000000000000000000000000000000000000000000000000000000000000000000000
0000000000000000000000000000000000000000000000000000000000000000000000000000000000
0000000000000000000000000000000000000000000000000000000000000000000000000000000000

== Output ==
0000000000000000000000000000000000000000000000000000000000000000000000000000000000
0000000000000000000000000000000000000000000000000000000000000000000000000000000000
0000000000000000000000000000000000000000000000000000000000000000000000000000000000
0000000000000000000000000000000000000000000000000000000000000000000000000000000000
0000000000000000000000000000000000000000000000000000000000000000000000000000000000
0000000000000000000000000000000000000000000000000000000000000000000000000000000000
0000000000000000000000000000000000000000000000000000000000000000000000000000000000
0000000000000000000000000000000000000000000000000000000000000000000000000000000000
0000000000000000000000000000000000000000000000000000000000000000000000000000000000
0000000000000000000000000000000000000000000000000000000000000000000000000000000000
0000000000000000000000000000000000000000000000000000000000000000000000000000000000
0000000000000000000000000000000000000000000000000000000000000000000000000000000000
0000000000000000000000000000000000000000000000000000000000000000000000000000000000
0000000000000110000000000000000000000000000000000000000000000000000000000000000000
0000000000001111100000000000000000000000000000000000000000000000000000000000000000
0000000000001100111000000000000000000000000000000000000000000000000000000000000000
0000000000001100001110000000000000000000000000000000000000000000000000000000000000
0000000000001100000011100000000000000000000000000000000000000000000000000000000000
0000000000001100000000111000000000000000000000000000000000000000000000000000000000
0000000000001100000000001110000000000000000000000000000000000000000000000000000000
0000000000001100000000000011100000000000000000000000000000000000000000000000000000
0000000000001100000000000000111000000000000000000000000000000000000000000000000000
0000000000001100000000000000001110000000000000000000000000000000000000000000000000
0000000000001100000000000000000011100000000000000000000000000000000000000000000000
0000000000001100000000000000000000111000000000000000000000000000000000000000000000
0000000000001100000000000000000000001110000000000000000000000000000000000000000000
0000000000001100000000000000000000000011100000000000000000000000000000000000000000
0000000000001100000000000000000000000000111000000000000000000000000000000000000000
0000000000001100000000000000000000000000001110000000000000000000000000000000000000
0000000000001100000000000000000000000000000011100000000000000000000000000000000000
0000000000001100000000000000000000000000000000111000000000000000000000000000000000
0000000000001100000000000000000000000000000000001110000000000000000000000000000000
0000000000001100000000000000000000000000000000000011100000000000000000000000000000
0000000000001100000000000000000000000000000000000000111000000000000000000000000000
0000000000001100000000000000000000000000000000000000001110000000000000000000000000
0000000000001100000000000000000000000000000000000000000011100000000000000000000000
0000000000001100000000000000000000000000000000000000000000111000000000000000000000
0000000000001100000000000000000000000000000000000000000000001110000000000000000000
0000000000001100000000000000000000000000000000000000000000000011100000000000000000
0000000000001100000000000000000000000000000000000000000000000000111000000000000000
0000000000001100000000000000000000000000000000000000000000000000001110000000000000
0000000000001100000000000000000000000000000000000000000000000000011110000000000000
0000000000001100000000000000000000000000000000000000000000000001111000000000000000
0000000000001100000000000000000000000000000000000000000000000111100000000000000000
0000000000001100000000000000000000000000000000000000000000011110000000000000000000
0000000000001100000000000000000000000000000000000000000001111000000000000000000000
0000000000001100000000000000000000000000000000000000000111100000000000000000000000
0000000000001100000000000000000000000000000000000000011110000000000000000000000000
0000000000001100000000000000000000000000000000000001111000000000000000000000000000
0000000000001100000000000000000000000000000000000111100000000000000000000000000000
0000000000001100000000000000000000000000000000011110000000000000000000000000000000
0000000000001100000000000000000000000000000001111000000000000000000000000000000000
0000000000001100000000000000000000000000000111100000000000000000000000000000000000
0000000000001100000000000000000000000000011110000000000000000000000000000000000000
0000000000001100000000000000000000000001111000000000000000000000000000000000000000
0000000000001100000000000000000000000111100000000000000000000000000000000000000000
0000000000001100000000000000000000011110000000000000000000000000000000000000000000
0000000000001100000000000000000001111000000000000000000000000000000000000000000000
0000000000001100000000000000000111100000000000000000000000000000000000000000000000
0000000000001100000000000000011110000000000000000000000000000000000000000000000000
0000000000001100000000000001111000000000000000000000000000000000000000000000000000
0000000000001100000000000111100000000000000000000000000000000000000000000000000000
0000000000001100000000011110000000000000000000000000000000000000000000000000000000
0000000000001100000001111000000000000000000000000000000000000000000000000000000000
0000000000001100000111100000000000000000000000000000000000000000000000000000000000
0000000000001100011110000000000000000000000000000000000000000000000000000000000000
0000000000001101111000000000000000000000000000000000000000000000000000000000000000
0000000000001111100000000000000000000000000000000000000000000000000000000000000000
0000000000000110000000000000000000000000000000000000000000000000000000000000000000
0000000000000000000000000000000000000000000000000000000000000000000000000000000000
0000000000000000000000000000000000000000000000000000000000000000000000000000000000
0000000000000000000000000000000000000000000000000000000000000000000000000000000000
0000000000000000000000000000000000000000000000000000000000000000000000000000000000
0000000000000000000000000000000000000000000000000000000000000000000000000000000000
0000000000000000000000000000000000000000000000000000000000000000000000000000000000
0000000000000000000000000000000000000000000000000000000000000000000000000000000000
0000000000000000000000000000000000000000000000000000000000000000000000000000000000
0000000000000000000000000000000000000000000000000000000000000000000000000000000000
0000000000000000000000000000000000000000000000000000000000000000000000000000000000
0000000000000000000000000000000000000000000000000000000000000000000000000000000000
0000000000000000000000000000000000000000000000000000000000000000000000000000000000
0000000000000000000000000000000000000000000000000000000000000000000000000000000000

0000000000000000000000000000000000000000000000000000000000000000000000000000000000
0000000000000000000000000000000000000000000000000000000000000000000000000000000000
0000000000000000000000000000000000000000000000000000000000000000000000000000000000
0000000000000000000000000000000000000000000000000000000000000000000000000000000000
0000000000000000000000000000000000000000000000000000000000000000000000000000000000
0000000000000000000000000000000000000000000000000000000000000000000000000000000000
0000000000000000000000000000000000000000000000000000000000000000000000000000000000
0000000000000000000000000000000000000000000000000000000000000000000000000000000000
0000000000000000000000000000000000000000000000000000000000000000000000000000000000
0000000000000000000000000000000000000000000000000000000000000000000000000000000000
0000000000000000000000000000000000000000000000000000000000000000000000000000000000
0000000000000000000000000000000000000000000000000000000000000000000000000000000000
0000000000000000000000000000000000000000000000000000000000000000000000000000000000
0000000000000000000000000000000000000000011000000000000000000000000000000000000000
0000000000000000000000000000000000000000011100000000000000000000000000000000000000
0000000000000000000000000000000000000000111100000000000000000000000000000000000000
0000000000000000000000000000000000000000110110000000000000000000000000000000000000
0000000000000000000000000000000000000001100110000000000000000000000000000000000000
0000000000000000000000000000000000000001100011000000000000000000000000000000000000
0000000000000000000000000000000000000011000011000000000000000000000000000000000000
0000000000000000000000000000000000000011000001100000000000000000000000000000000000
0000000000000000000000000000000000000110000001100000000000000000000000000000000000
0000000000000000000000000000000000000110000000110000000000000000000000000000000000
0000000000000000000000000000000000001100000000110000000000000000000000000000000000
0000000000000000000000000000000000001100000000011000000000000000000000000000000000
0000000000000000000000000000000000011000000000011000000000000000000000000000000000
0000000000000000000000000000000000011000000000001100000000000000000000000000000000
0000000000000000000000000000000000110000000000001100000000000000000000000000000000
0000000000000000000000000000000000110000000000000110000000000000000000000000000000
0000000000000000000000000000000001100000000000000110000000000000000000000000000000
0000000000000000000000000000000001100000000000000011000000000000000000000000000000
0000000000000000000000000000000011000000000000000011000000000000000000000000000000
0000000000000000000000000000000011000000000000000001100000000000000000000000000000
0000000000000000000000000000000110000000000000000001100000000000000000000000000000
0000000000000000000000000000000110000000000000000000110000000000000000000000000000
0000000000000000000000000000001100000000000000000000110000000000000000000000000000
0000000000000000000000000000001100000000000000000000011000000000000000000000000000
0000000000000000000000000000011000000000000000000000011000000000000000000000000000
0000000000000000000000000000011000000000000000000000001100000000000000000000000000
0000000000000000000000000000110000000000000000000000001100000000000000000000000000
0000000000000000000000000000110000000000000000000000000110000000000000000000000000
0000000000000000000000000001100000000000000000000000000110000000000000000000000000
0000000000000000000000000001100000000000000000000000000011000000000000000000000000
0000000000000000000000000011000000000000000000000000000011000000000000000000000000
0000000000000000000000000011000000000000000000000000000001100000000000000000000000
0000000000000000000000000110000000000000000000000000000001100000000000000000000000
0000000000000000000000000110000000000000000000000000000000110000000000000000000000
0000000000000000000000001100000000000000000000000000000000110000000000000000000000
0000000000000000000000001100000000000000000000000000000000011000000000000000000000
0000000000000000000000011000000000000000000000000000000000011000000000000000000000
0000000000000000000000011000000000000000000000000000000000001100000000000000000000
0000000000000000000000110000000000000000000000000000000000001100000000000000000000
0000000000000000000000110000000000000000000000000000000000000110000000000000000000
0000000000000000000001100000000000000000000000000000000000000110000000000000000000
0000000000000000000001100000000000000000000000000000000000000011000000000000000000
0000000000000000000011000000000000000000000000000000000000000011000000000000000000
0000000000000000000011000000000000000000000000000000000000000001100000000000000000
0000000000000000000110000000000000000000000000000000000000000001100000000000000000
0000000000000000000110000000000000000000000000000000000000000000110000000000000000
0000000000000000001100000000000000000000000000000000000000000000110000000000000000
0000000000000000001100000000000000000000000000000000000000000000011000000000000000
0000000000000000011000000000000000000000000000000000000000000000011000000000000000
0000000000000000011000000000000000000000000000000000000000000000001100000000000000
0000000000000000110000000000000000000000000000000000000000000000001100000000000000
0000000000000000110000000000000000000000000000000000000000000000000110000000000000
0000000000000001100000000000000000000000000000000000000000000000000110000000000000
0000000000000001100000000000000000000000000000000000000000000000000011000000000000
0000000000000011111111111111111111111111111111111111111111111111111111000000000000
0000000000000011111111111111111111111111111111111111111111111111111111000000000000
0000000000000000000000000000000000000000000000000000000000000000000000000000000000
0000000000000000000000000000000000000000000000000000000000000000000000000000000000
0000000000000000000000000000000000000000000000000000000000000000000000000000000000
0000000000000000000000000000000000000000000000000000000000000000000000000000000000
0000000000000000000000000000000000000000000000000000000000000000000000000000000000
0000000000000000000000000000000000000000000000000000000000000000000000000000000000
0000000000000000000000000000000000000000000000000000000000000000000000000000000000
0000000000000000000000000000000000000000000000000000000000000000000000000000000000
0000000000000000000000000000000000000000000000000000000000000000000000000000000000
0000000000000000000000000000000000000000000000000000000000000000000000000000000000
0000000000000000000000000000000000000000000000000000000000000000000000000000000000
0000000000000000000000000000000000000000000000000000000000000000000000000000000000
0000000000000000000000000000000000000000000000000000000000000000000000000000000000

0000000000000000000000000000000000000000000000000000000000000000000000000000000000
0000000000000000000000000000000000000000000000000000000000000000000000000000000000
0000000000000000000000000000000000000000000000000000000000000000000000000000000000
0000000000000000000000000000000000000000000000000000000000000000000000000000000000
0000000000000000000000000000000000000000000000000000000000000000000000000000000000
0000000000000000000000000000000000000000000000000000000000000000000000000000000000
0000000000000000000000000000000000000000000000000000000000000000000000000000000000
0000000000000000000000000000000000000000000000000000000000000000000000000000000000
0000000000000000000000000000000000000000000000000000000000000000000000000000000000
0000000000000000000000000000000000000000000000000000000000000000000000000000000000
0000000000000000000000000000000000000000000000000000000000000000000000000000000000
0000000000000000000000000000000000000000000000000000000000000000000000000000000000
0000000000000000000000000000000000000000000000000000000000000000000000000000000000
0000000000000000000000000000000000000000000000000000000000000000001110000000000000
0000000000000000000000000000000000000000000000000000000000000000111110000000000000
0000000000000000000000000000000000000000000000000000000000000011110110000000000000
0000000000000000000000000000000000000000000000000000000000001111000010000000000000
0000000000000000000000000000000000000000000000000000000000111100000010000000000000
0000000000000000000000000000000000000000000000000000000011110000000010000000000000
0000000000000000000000000000000000000000000000000000001111000000000010000000000000
0000000000000000000000000000000000000000000000000000111100000000000010000000000000
0000000000000000000000000000000000000000000000000011110000000000000010000000000000
0000000000000000000000000000000000000000000000001111000000000000000010000000000000
0000000000000000000000000000000000000000000000111100000000000000000010000000000000
0000000000000000000000000000000000000000000011110000000000000000000010000000000000
0000000000000000000000000000000000000000001111000000000000000000000010000000000000
0000000000000000000000000000000000000000111100000000000000000000000010000000000000
0000000000000000000000000000000000000011110000000000000000000000000010000000000000
0000000000000000000000000000000000001111000000000000000000000000000010000000000000
0000000000000000000000000000000000111100000000000000000000000000000010000000000000
0000000000000000000000000000000011110000000000000000000000000000000010000000000000
0000000000000000000000000000001111000000000000000000000000000000000010000000000000
0000000000000000000000000000111100000000000000000000000000000000000010000000000000
0000000000000000000000000011110000000000000000000000000000000000000010000000000000
0000000000000000000000001111000000000000000000000000000000000000000010000000000000
0000000000000000000000111100000000000000000000000000000000000000000010000000000000
0000000000000000000011110000000000000000000000000000000000000000000010000000000000
0000000000000000001111000000000000000000000000000000000000000000000010000000000000
0000000000000000111100000000000000000000000000000000000000000000000010000000000000
0000000000000011110000000000000000000000000000000000000000000000000010000000000000
0000000000000111000000000000000000000000000000000000000000000000000010000000000000
0000000000000111100000000000000000000000000000000000000000000000000010000000000000
0000000000000001111000000000000000000000000000000000000000000000000010000000000000
0000000000000000011110000000000000000000000000000000000000000000000010000000000000
0000000000000000000111100000000000000000000000000000000000000000000010000000000000
0000000000000000000001111000000000000000000000000000000000000000000010000000000000
0000000000000000000000011110000000000000000000000000000000000000000010000000000000
0000000000000000000000000111100000000000000000000000000000000000000010000000000000
0000000000000000000000000001111000000000000000000000000000000000000010000000000000
0000000000000000000000000000011110000000000000000000000000000000000010000000000000
0000000000000000000000000000000111100000000000000000000000000000000010000000000000
0000000000000000000000000000000001111000000000000000000000000000000010000000000000
0000000000000000000000000000000000011110000000000000000000000000000010000000000000
0000000000000000000000000000000000000111100000000000000000000000000010000000000000
0000000000000000000000000000000000000001111000000000000000000000000010000000000000
0000000000000000000000000000000000000000011110000000000000000000000010000000000000
0000000000000000000000000000000000000000000111100000000000000000000010000000000000
0000000000000000000000000000000000000000000001111000000000000000000010000000000000
0000000000000000000000000000000000000000000000011110000000000000000010000000000000
0000000000000000000000000000000000000000000000000111100000000000000010000000000000
0000000000000000000000000000000000000000000000000001111000000000000010000000000000
0000000000000000000000000000000000000000000000000000011110000000000010000000000000
0000000000000000000000000000000000000000000000000000000111100000000010000000000000
0000000000000000000000000000000000000000000000000000000001111000000010000000000000
0000000000000000000000000000000000000000000000000000000000011110000010000000000000
0000000000000000000000000000000000000000000000000000000000000111100010000000000000
0000000000000000000000000000000000000000000000000000000000000001111110000000000000
0000000000000000000000000000000000000000000000000000000000000000011110000000000000
0000000000000000000000000000000000000000000000000000000000000000000110000000000000
0000000000000000000000000000000000000000000000000000000000000000000000000000000000
0000000000000000000000000000000000000000000000000000000000000000000000000000000000
0000000000000000000000000000000000000000000000000000000000000000000000000000000000
0000000000000000000000000000000000000000000000000000000000000000000000000000000000
0000000000000000000000000000000000000000000000000000000000000000000000000000000000
0000000000000000000000000000000000000000000000000000000000000000000000000000000000
0000000000000000000000000000000000000000000000000000000000000000000000000000000000
0000000000000000000000000000000000000000000000000000000000000000000000000000000000
0000000000000000000000000000000000000000000000000000000000000000000000000000000000
0000000000000000000000000000000000000000000000000000000000000000000000000000000000
0000000000000000000000000000000000000000000000000000000000000000000000000000000000
0000000000000000000000000000000000000000000000000000000000000000000000000000000000
0000000000000000000000000000000000000000000000000000000000000000000000000000000000

0000000000000000000000000000000000000000000000000000000000000000000000000000000000
0000000000000000000000000000000000000000000000000000000000000000000000000000000000
0000000000000000000000000000000000000000000000000000000000000000000000000000000000
0000000000000000000000000000000000000000000000000000000000000000000000000000000000
0000000000000000000000000000000000000000000000000000000000000000000000000000000000
0000000000000000000000000000000000000000000000000000000000000000000000000000000000
0000000000000000000000000000000000000000000000000000000000000000000000000000000000
0000000000000000000000000000000000000000000000000000000000000000000000000000000000
0000000000000000000000000000000000000000000000000000000000000000000000000000000000
0000000000000000000000000000000000000000000000000000000000000000000000000000000000
0000000000000000000000000000000000000000000000000000000000000000000000000000000000
0000000000000000000000000000000000000000000000000000000000000000000000000000000000
0000000000000000000000000000000000000000000000000000000000000000000000000000000000
0000000000000111000000000000000000000000000000000000000000000000000110000000000000
0000000000000111110000000000000000000000000000000000000000000000011110000000000000
0000000000000110111100000000000000000000000000000000000000000001110010000000000000
0000000000000100001111000000000000000000000000000000000000000111000010000000000000
0000000000000100000011110000000000000000000000000000000000011100000010000000000000
0000000000000100000000111100000000000000000000000000000001110000000010000000000000
0000000000000100000000001111000000000000000000000000000111000000000010000000000000
0000000000000100000000000011110000000000000000000000011100000000000010000000000000
0000000000000100000000000000111100000000000000000001110000000000000010000000000000
0000000000000100000000000000001111000000000000000111000000000000000010000000000000
0000000000000100000000000000000011110000000000011100000000000000000010000000000000
0000000000000100000000000000000000111100000001110000000000000000000010000000000000
0000000000000100000000000000000000001111000111000000000000000000000010000000000000
0000000000000100000000000000000000000011111100000000000000000000000010000000000000
0000000000000100000000000000000000000011111100000000000000000000000010000000000000
0000000000000100000000000000000000000111001111000000000000000000000010000000000000
0000000000000100000000000000000000011100000011110000000000000000000010000000000000
0000000000000100000000000000000001110000000000111100000000000000000010000000000000
0000000000000100000000000000000111000000000000001111000000000000000010000000000000
0000000000000100000000000000011100000000000000000011110000000000000010000000000000
0000000000000100000000000001110000000000000000000000111100000000000010000000000000
0000000000000100000000000111000000000000000000000000001111000000000010000000000000
0000000000000100000000011100000000000000000000000000000011110000000010000000000000
0000000000000100000001110000000000000000000000000000000000111100000010000000000000
0000000000000100000111000000000000000000000000000000000000001111000010000000000000
0000000000000100011100000000000000000000000000000000000000000011110010000000000000
0000000000000111110000000000000000000000000000000000000000000000111110000000000000
0000000000000111000000000000000000000000000000000000000000000000001110000000000000
0000000000000111100000000000000000000000000000000000000000000000001110000000000000
0000000000000111111000000000000000000000000000000000000000000000111110000000000000
0000000000000100011110000000000000000000000000000000000000000011100010000000000000
0000000000000100000111100000000000000000000000000000000000001110000010000000000000
0000000000000100000001111000000000000000000000000000000000111000000010000000000000
0000000000000100000000011110000000000000000000000000000011100000000010000000000000
0000000000000100000000000111100000000000000000000000001110000000000010000000000000
0000000000000100000000000001111000000000000000000000111000000000000010000000000000
0000000000000100000000000000011110000000000000000011100000000000000010000000000000
0000000000000100000000000000000111100000000000011110000000000000000010000000000000
0000000000000100000000000000000001111000000001111000000000000000000010000000000000
0000000000000100000000000000000000011110000111100000000000000000000010000000000000
0000000000000100000000000000000000000111111110000000000000000000000010000000000000
0000000000000100000000000000000000000001111100000000000000000000000010000000000000
0000000000000100000000000000000000000111111110000000000000000000000010000000000000
0000000000000100000000000000000000011110000111100000000000000000000010000000000000
0000000000000100000000000000000001111000000001111000000000000000000010000000000000
0000000000000100000000000000000111100000000000011110000000000000000010000000000000
0000000000000100000000000000011110000000000000000111100000000000000010000000000000
0000000000000100000000000001111000000000000000000001111000000000000010000000000000
0000000000000100000000000111100000000000000000000000011110000000000010000000000000
0000000000000100000000011110000000000000000000000000000111100000000010000000000000
0000000000000100000001111000000000000000000000000000000001111000000010000000000000
0000000000000100000111100000000000000000000000000000000000011110000010000000000000
0000000000000100011110000000000000000000000000000000000000000111100010000000000000
0000000000000111111000000000000000000000000000000000000000000001111010000000000000
0000000000000111100000000000000000000000000000000000000000000000011110000000000000
0000000000000110000000000000000000000000000000000000000000000000000110000000000000
0000000000000000000000000000000000000000000000000000000000000000000000000000000000
0000000000000000000000000000000000000000000000000000000000000000000000000000000000
0000000000000000000000000000000000000000000000000000000000000000000000000000000000
0000000000000000000000000000000000000000000000000000000000000000000000000000000000
0000000000000000000000000000000000000000000000000000000000000000000000000000000000
0000000000000000000000000000000000000000000000000000000000000000000000000000000000
0000000000000000000000000000000000000000000000000000000000000000000000000000000000
0000000000000000000000000000000000000000000000000000000000000000000000000000000000
0000000000000000000000000000000000000000000000000000000000000000000000000000000000
0000000000000000000000000000000000000000000000000000000000000000000000000000000000
0000000000000000000000000000000000000000000000000000000000000000000000000000000000
0000000000000000000000000000000000000000000000000000000000000000000000000000000000
0000000000000000000000000000000000000000000000000000000000000000000000000000000000

0000000000000000000000000000000000000000000000000000000000000000000000000000000000
0000000000000000000000000000000000000000000000000000000000000000000000000000000000
0000000000000000000000000000000000000000000000000000000000000000000000000000000000
0000000000000000000000000000000000000000000000000000000000000000000000000000000000
0000000000000000000000000000000000000000000000000000000000000000000000000000000000
0000000000000000000000000000000000000000000000000000000000000000000000000000000000
0000000000000000000000000000000000000000000000000000000000000000000000000000000000
0000000000000000000000000000000000000000000000000000000000000000000000000000000000
0000000000000000000000000000000000000000000000000000000000000000000000000000000000
0000000000000000000000000000000000000000000000000000000000000000000000000000000000
0000000000000000000000000000000000000000000000000000000000000000000000000000000000
0000000000000000000000000000000000000000000000000000000000000000000000000000000000
0000000000000000000000000000000000000000000000000000000000000000000000000000000000
0000000000000111111111111111111111111111111111111111111111111111111110000000000000
0000000000000110000000000000000000000001111000000000000000000000000110000000000000
0000000000000010000000000000000000000001111000000000000000000000001100000000000000
0000000000000011000000000000000000000011001000000000000000000000001100000000000000
0000000000000001000000000000000000000011001100000000000000000000011000000000000000
0000000000000001100000000000000000000110000100000000000000000000011000000000000000
0000000000000000100000000000000000000110000110000000000000000000110000000000000000
0000000000000000110000000000000000001100000010000000000000000000110000000000000000
0000000000000000010000000000000000001100000011000000000000000001100000000000000000
0000000000000000011000000000000000011000000001000000000000000001100000000000000000
0000000000000000001000000000000000011000000001100000000000000011000000000000000000
0000000000000000001100000000000000110000000000100000000000000011000000000000000000
0000000000000000000100000000000000110000000000110000000000000110000000000000000000
0000000000000000000110000000000001100000000000010000000000000110000000000000000000
0000000000000000000010000000000001100000000000011000000000001100000000000000000000
0000000000000000000011000000000011000000000000001000000000001100000000000000000000
0000000000000000000001000000000011000000000000001100000000011000000000000000000000
0000000000000000000001100000000110000000000000000100000000011000000000000000000000
0000000000000000000000100000000110000000000000000110000000110000000000000000000000
0000000000000000000000110000001100000000000000000010000000110000000000000000000000
0000000000000000000000010000001100000000000000000011000001100000000000000000000000
0000000000000000000000011000011000000000000000000001000001100000000000000000000000
0000000000000000000000001000011000000000000000000001100011000000000000000000000000
0000000000000000000000001100110000000000000000000000100011000000000000000000000000
0000000000000000000000000100110000000000000000000000110110000000000000000000000000
0000000000000000000000000111100000000000000000000000011110000000000000000000000000
0000000000000000000000000011100000000000000000000000011100000000000000000000000000
0000000000000000000000000011000000000000000000000000001100000000000000000000000000
0000000000000000000000000011000000000000000000000000011100000000000000000000000000
0000000000000000000000000111100000000000000000000000011100000000000000000000000000
0000000000000000000000000111100000000000000000000000111110000000000000000000000000
0000000000000000000000001100110000000000000000000000110010000000000000000000000000
0000000000000000000000001100010000000000000000000001100011000000000000000000000000
0000000000000000000000011000011000000000000000000001100001000000000000000000000000
0000000000000000000000011000001000000000000000000011000001100000000000000000000000
0000000000000000000000110000001100000000000000000011000000100000000000000000000000
0000000000000000000000110000000100000000000000000110000000110000000000000000000000
0000000000000000000001100000000110000000000000000110000000010000000000000000000000
0000000000000000000001100000000010000000000000001100000000011000000000000000000000
0000000000000000000011000000000011000000000000001100000000001000000000000000000000
0000000000000000000011000000000001000000000000011000000000001100000000000000000000
0000000000000000000110000000000001100000000000011000000000000100000000000000000000
0000000000000000000110000000000000100000000000110000000000000110000000000000000000
0000000000000000001100000000000000110000000000110000000000000010000000000000000000
0000000000000000001100000000000000010000000001100000000000000011000000000000000000
0000000000000000011000000000000000011000000001100000000000000001000000000000000000
0000000000000000011000000000000000001000000011000000000000000001100000000000000000
0000000000000000110000000000000000001100000011000000000000000000100000000000000000
0000000000000000110000000000000000000100000110000000000000000000110000000000000000
0000000000000001100000000000000000000110000110000000000000000000010000000000000000
0000000000000001100000000000000000000010001100000000000000000000011000000000000000
0000000000000011000000000000000000000011001100000000000000000000001000000000000000
0000000000000011000000000000000000000001011000000000000000000000001100000000000000
0000000000000110000000000000000000000001111000000000000000000000000100000000000000
0000000000000111111111111111111111111111111111111111111111111111111110000000000000
0000000000000111111111111111111111111111111111111111111111111111111110000000000000
0000000000000000000000000000000000000000000000000000000000000000000000000000000000
0000000000000000000000000000000000000000000000000000000000000000000000000000000000
0000000000000000000000000000000000000000000000000000000000000000000000000000000000
0000000000000000000000000000000000000000000000000000000000000000000000000000000000
0000000000000000000000000000000000000000000000000000000000000000000000000000000000
0000000000000000000000000000000000000000000000000000000000000000000000000000000000
0000000000000000000000000000000000000000000000000000000000000000000000000000000000
0000000000000000000000000000000000000000000000000000000000000000000000000000000000
0000000000000000000000000000000000000000000000000000000000000000000000000000000000
0000000000000000000000000000000000000000000000000000000000000000000000000000000000
0000000000000000000000000000000000000000000000000000000000000000000000000000000000
0000000000000000000000000000000000000000000000000000000000000000000000000000000000
0000000000000000000000000000000000000000000000000000000000000000000000000000000000

0000000000000000000000000000000000000000000000000000000000000000000000000000000000
0000000000000000000000000000000000000000000000000000000000000000000000000000000000
0000000000000000000000000000000000000000000000000000000000000000000000000000000000
0000000000000000000000000000000000000000000000000000000000000000000000000000000000
0000000000000000000000000000000000000000000000000000000000000000000000000000000000
0000000000000000000000000000000000000000000000000000000000000000000000000000000000
0000000000000000000000000000000000000000000000000000000000000000000000000000000000
0000000000000000000000000000000000000000000000000000000000000000000000000000000000
0000000000000000000000000000000000000000000000000000000000000000000000000000000000
0000000000000000000000000000000000000000000000000000000000000000000000000000000000
0000000000000000000000000000000000000000000000000000000000000000000000000000000000
0000000000000000000000000000000000000000000000000000000000000000000000000000000000
0000000000000000000000000000000000000000000000000000000000000000000000000000000000
0000000000000111111111111111111111111111111111111111111111111111111110000000000000
0000000000000110000000000000000000000000000000000000000000000000000110000000000000
0000000000000011000000000000000000000000000000000000000000000000000110000000000000
0000000000000011000000000000000000000000000000000000000000000000001100000000000000
0000000000000001100000000000000000000000000000000000000000000000001100000000000000
0000000000000001100000000000000000000000000000000000000000000000011000000000000000
0000000000000000110000000000000000000000000000000000000000000000011000000000000000
0000000000000000110000000000000000000000000000000000000000000000110000000000000000
0000000000000000011000000000000000000000000000000000000000000000110000000000000000
0000000000000000011000000000000000000000000000000000000000000001100000000000000000
0000000000000000001100000000000000000000000000000000000000000001100000000000000000
0000000000000000001100000000000000000000000000000000000000000011000000000000000000
0000000000000000000110000000000000000000000000000000000000000011000000000000000000
0000000000000000000110000000000000000000000000000000000000000110000000000000000000
0000000000000000000011000000000000000000000000000000000000000110000000000000000000
0000000000000000000011000000000000000000000000000000000000001100000000000000000000
0000000000000000000001100000000000000000000000000000000000001100000000000000000000
0000000000000000000001100000000000000000000000000000000000011000000000000000000000
0000000000000000000000110000000000000000000000000000000000011000000000000000000000
0000000000000000000000110000000000000000000000000000000000110000000000000000000000
0000000000000000000000011000000000000000000000000000000000110000000000000000000000
0000000000000000000000011000000000000000000000000000000001100000000000000000000000
0000000000000000000000001100000000000000000000000000000001100000000000000000000000
0000000000000000000000001100000000000000000000000000000011000000000000000000000000
0000000000000000000000000110000000000000000000000000000011000000000000000000000000
0000000000000000000000000110000000000000000000000000000110000000000000000000000000
0000000000000000000000000011000000000000000000000000000110000000000000000000000000
0000000000000000000000000011000000000000000000000000001100000000000000000000000000
0000000000000000000000000001100000000000000000000000001100000000000000000000000000
0000000000000000000000000001100000000000000000000000011000000000000000000000000000
0000000000000000000000000000110000000000000000000000011000000000000000000000000000
0000000000000000000000000000110000000000000000000000110000000000000000000000000000
0000000000000000000000000000011000000000000000000000110000000000000000000000000000
0000000000000000000000000000011000000000000000000001100000000000000000000000000000
0000000000000000000000000000001100000000000000000001100000000000000000000000000000
0000000000000000000000000000001100000000000000000011000000000000000000000000000000
0000000000000000000000000000000110000000000000000011000000000000000000000000000000
0000000000000000000000000000000110000000000000000110000000000000000000000000000000
0000000000000000000000000000000011000000000000000110000000000000000000000000000000
0000000000000000000000000000000011000000000000001100000000000000000000000000000000
0000000000000000000000000000000001100000000000001100000000000000000000000000000000
0000000000000000000000000000000001100000000000011000000000000000000000000000000000
0000000000000000000000000000000000110000000000011000000000000000000000000000000000
0000000000000000000000000000000000110000000000110000000000000000000000000000000000
0000000000000000000000000000000000011000000000110000000000000000000000000000000000
0000000000000000000000000000000000011000000001100000000000000000000000000000000000
0000000000000000000000000000000000001100000001100000000000000000000000000000000000
0000000000000000000000000000000000001100000011000000000000000000000000000000000000
0000000000000000000000000000000000000110000011000000000000000000000000000000000000
0000000000000000000000000000000000000110000110000000000000000000000000000000000000
0000000000000000000000000000000000000011000110000000000000000000000000000000000000
0000000000000000000000000000000000000011001100000000000000000000000000000000000000
0000000000000000000000000000000000000001101100000000000000000000000000000000000000
0000000000000000000000000000000000000001111000000000000000000000000000000000000000
0000000000000000000000000000000000000000111000000000000000000000000000000000000000
0000000000000000000000000000000000000000110000000000000000000000000000000000000000
0000000000000000000000000000000000000000000000000000000000000000000000000000000000
0000000000000000000000000000000000000000000000000000000000000000000000000000000000
0000000000000000000000000000000000000000000000000000000000000000000000000000000000
0000000000000000000000000000000000000000000000000000000000000000000000000000000000
0000000000000000000000000000000000000000000000000000000000000000000000000000000000
0000000000000000000000000000000000000000000000000000000000000000000000000000000000
0000000000000000000000000000000000000000000000000000000000000000000000000000000000
0000000000000000000000000000000000000000000000000000000000000000000000000000000000
0000000000000000000000000000000000000000000000000000000000000000000000000000000000
0000000000000000000000000000000000000000000000000000000000000000000000000000000000
0000000000000000000000000000000000000000000000000000000000000000000000000000000000
0000000000000000000000000000000000000000000000000000000000000000000000000000000000
0000000000000000000000000000000000000000000000000000000000000000000000000000000000

