== Attributes ==
title=12_const_triangle_h1
type= 2x2
result=3
window_size=(75, 75)

== Input ==
000000000000000000000000000000000000000000000000000000000000000000000000000
000000000000000000000000000000000000000000000000000000000000000000000000000
000000000000000000000000000000000000000000000000000000000000000000000000000
000000000000000000000000000000000000000000000000000000000000000000000000000
000000000000000000000000000000000000000000000000000000000000000000000000000
000000000000000000000000000000000000000000000000000000000000000000000000000
000000000000000000000000000000000000000000000000000000000000000000000000000
000000000000000000000000000000000000000000000000000000000000000000000000000
000000000000000000000000000000000000000000000000000000000000000000000000000
000000000000000000000000000000000000000000000000000000000000000000000000000
000000000000000000000000000000000000000000000000000000000000000000000000000
000000000000000000000000000000000000000000000000000000000000000000000000000
000000000000000000000000000000000000000000000000000000000000000000000000000
000000000000000000000000000000000000000000000000000000000000000000000000000
000000000000000000000000000000000000000000000000000000000000000000000000000
000000000000000000000000000000000000000000000000000000000000000000000000000
000000000000000000000000000000000000000000000000000000000000000000000000000
000000000000000000000000000000000000000000000000000000000000000000000000000
000000000000000000000000000000000000000000000000000000000000000000000000000
000000000000000000000000000000000000000000000000000000000000000000000000000
000000000000000000000000000000000000010000000000000000000000000000000000000
000000000000000000000000000000000000111000000000000000000000000000000000000
000000000000000000000000000000000001111100000000000000000000000000000000000
000000000000000000000000000000000011111110000000000000000000000000000000000
000000000000000000000000000000000111111111000000000000000000000000000000000
000000000000000000000000000000001111111111100000000000000000000000000000000
000000000000000000000000000000011111111111110000000000000000000000000000000
000000000000000000000000000000111111111111111000000000000000000000000000000
000000000000000000000000000001111111111111111100000000000000000000000000000
000000000000000000000000000011111111111111111110000000000000000000000000000
000000000000000000000000000111111111111111111111000000000000000000000000000
000000000000000000000000001111111111111111111111100000000000000000000000000
000000000000000000000000011111111111111111111111110000000000000000000000000
000000000000000000000000111111111111111111111111111000000000000000000000000
000000000000000000000001111111111111111111111111111100000000000000000000000
000000000000000000000011111111111111111111111111111110000000000000000000000
000000000000000000000111111111111111111111111111111111000000000000000000000
000000000000000000001100000000000000000000000000000001100000000000000000000
000000000000000000011000000000000000000000000000000000110000000000000000000
000000000000000000110000000000000000000000000000000000011000000000000000000
000000000000000001100000000000000000000000000000000000001100000000000000000
000000000000000011000000000000000000000000000000000000000110000000000000000
000000000000000110000000000000000000000000000000000000000011000000000000000
000000000000001100000000000000000000000000000000000000000001100000000000000
000000000000011000000000000000000000000000000000000000000000110000000000000
000000000000110000000000000000000000000000000000000000000000011000000000000
000000000001100000000000000000000000000000000000000000000000001100000000000
000000000011000000000000000000000000000000000000000000000000000110000000000
000000000110000000000000000000000000000000000000000000000000000011000000000
000000001100000000000000000000000000000000000000000000000000000001100000000
000000011000000000000000000000000000000000000000000000000000000000110000000
000000110000000000000000000000000000000000000000000000000000000000011000000
000001111111111111111111111111111111111111111111111111111111111111111100000
000011111111111111111111111111111111111111111111111111111111111111111110000
000000000000000000000000000000000000000000000000000000000000000000000000000
000000000000000000000000000000000000000000000000000000000000000000000000000
000000000000000000000000000000000000000000000000000000000000000000000000000
000000000000000000000000000000000000000000000000000000000000000000000000000
000000000000000000000000000000000000000000000000000000000000000000000000000
000000000000000000000000000000000000000000000000000000000000000000000000000
000000000000000000000000000000000000000000000000000000000000000000000000000
000000000000000000000000000000000000000000000000000000000000000000000000000
000000000000000000000000000000000000000000000000000000000000000000000000000
000000000000000000000000000000000000000000000000000000000000000000000000000
000000000000000000000000000000000000000000000000000000000000000000000000000
000000000000000000000000000000000000000000000000000000000000000000000000000
000000000000000000000000000000000000000000000000000000000000000000000000000
000000000000000000000000000000000000000000000000000000000000000000000000000
000000000000000000000000000000000000000000000000000000000000000000000000000
000000000000000000000000000000000000000000000000000000000000000000000000000
000000000000000000000000000000000000000000000000000000000000000000000000000
000000000000000000000000000000000000000000000000000000000000000000000000000
000000000000000000000000000000000000000000000000000000000000000000000000000
000000000000000000000000000000000000000000000000000000000000000000000000000
000000000000000000000000000000000000000000000000000000000000000000000000000

000000000000000000000000000000000000000000000000000000000000000000000000000
000000000000000000000000000000000000000000000000000000000000000000000000000
000000000000000000000000000000000000000000000000000000000000000000000000000
000000000000000000000000000000000000000000000000000000000000000000000000000
000000000000000000000000000000000000000000000000000000000000000000000000000
000000000000000000000000000000000000000000000000000000000000000000000000000
000000000000000000000000000000000000000000000000000000000000000000000000000
000000000000000000000000000000000000000000000000000000000000000000000000000
000000000000000000000000000000000000000000000000000000000000000000000000000
000000000000000000000000000000000000000000000000000000000000000000000000000
000000000000000000000000000000000000000000000000000000000000000000000000000
000000000000000000000000000000000000000000000000000000000000000000000000000
000000000000000000000000000000000000000000000000000000000000000000000000000
000000000000000000000000000000000000000000000000000000000000000000000000000
000000000000000000000000000000000000000000000000000000000000000000000000000
000000000000000000000000000000000000000000000000000000000000000000000000000
000000000000000000000000000000000000000000000000000000000000000000000000000
000000000000000000000000000000000000000000000000000000000000000000000000000
000000000000000000000000000000000000000000000000000000000000000000000000000
000000000000000000000000000000000000000000000000000000000000000000000000000
000000000000000000000000000000000000010000000000000000000000000000000000000
000000000000000000000000000000000000111000000000000000000000000000000000000
000000000000000000000000000000000001111100000000000000000000000000000000000
000000000000000000000000000000000011111110000000000000000000000000000000000
000000000000000000000000000000000111111111000000000000000000000000000000000
000000000000000000000000000000001111111111100000000000000000000000000000000
000000000000000000000000000000011111111111110000000000000000000000000000000
000000000000000000000000000000111111111111111000000000000000000000000000000
000000000000000000000000000001111111111111111100000000000000000000000000000
000000000000000000000000000011111111111111111110000000000000000000000000000
000000000000000000000000000111111111111111111111000000000000000000000000000
000000000000000000000000001111111111111111111111100000000000000000000000000
000000000000000000000000011111111111111111111111110000000000000000000000000
000000000000000000000000111111111111111111111111111000000000000000000000000
000000000000000000000001111111111111111111111111111100000000000000000000000
000000000000000000000011111111111111111111111111111110000000000000000000000
000000000000000000000111111111111111111111111111111111000000000000000000000
000000000000000000001100000000000000000000000000000001100000000000000000000
000000000000000000011000000000000000000000000000000000110000000000000000000
000000000000000000110000000000000000000000000000000000011000000000000000000
000000000000000001100000000000000000000000000000000000001100000000000000000
000000000000000011000000000000000000000000000000000000000110000000000000000
000000000000000110000000000000000000000000000000000000000011000000000000000
000000000000001100000000000000000000000000000000000000000001100000000000000
000000000000011000000000000000000000000000000000000000000000110000000000000
000000000000110000000000000000000000000000000000000000000000011000000000000
000000000001100000000000000000000000000000000000000000000000001100000000000
000000000011000000000000000000000000000000000000000000000000000110000000000
000000000110000000000000000000000000000000000000000000000000000011000000000
000000001100000000000000000000000000000000000000000000000000000001100000000
000000011000000000000000000000000000000000000000000000000000000000110000000
000000110000000000000000000000000000000000000000000000000000000000011000000
000001111111111111111111111111111111111111111111111111111111111111111100000
000011111111111111111111111111111111111111111111111111111111111111111110000
000000000000000000000000000000000000000000000000000000000000000000000000000
000000000000000000000000000000000000000000000000000000000000000000000000000
000000000000000000000000000000000000000000000000000000000000000000000000000
000000000000000000000000000000000000000000000000000000000000000000000000000
000000000000000000000000000000000000000000000000000000000000000000000000000
000000000000000000000000000000000000000000000000000000000000000000000000000
000000000000000000000000000000000000000000000000000000000000000000000000000
000000000000000000000000000000000000000000000000000000000000000000000000000
000000000000000000000000000000000000000000000000000000000000000000000000000
000000000000000000000000000000000000000000000000000000000000000000000000000
000000000000000000000000000000000000000000000000000000000000000000000000000
000000000000000000000000000000000000000000000000000000000000000000000000000
000000000000000000000000000000000000000000000000000000000000000000000000000
000000000000000000000000000000000000000000000000000000000000000000000000000
000000000000000000000000000000000000000000000000000000000000000000000000000
000000000000000000000000000000000000000000000000000000000000000000000000000
000000000000000000000000000000000000000000000000000000000000000000000000000
000000000000000000000000000000000000000000000000000000000000000000000000000
000000000000000000000000000000000000000000000000000000000000000000000000000
000000000000000000000000000000000000000000000000000000000000000000000000000
000000000000000000000000000000000000000000000000000000000000000000000000000

000000000000000000000000000000000000000000000000000000000000000000000000000
000000000000000000000000000000000000000000000000000000000000000000000000000
000000000000000000000000000000000000000000000000000000000000000000000000000
000000000000000000000000000000000000000000000000000000000000000000000000000
000000000000000000000000000000000000000000000000000000000000000000000000000
000000000000000000000000000000000000000000000000000000000000000000000000000
000000000000000000000000000000000000000000000000000000000000000000000000000
000000000000000000000000000000000000000000000000000000000000000000000000000
000000000000000000000000000000000000000000000000000000000000000000000000000
000000000000000000000000000000000000000000000000000000000000000000000000000
000000000000000000000000000000000000000000000000000000000000000000000000000
000000000000000000000000000000000000000000000000000000000000000000000000000
000000000000000000000000000000000000000000000000000000000000000000000000000
000000000000000000000000000000000000000000000000000000000000000000000000000
000000000000000000000000000000000000000000000000000000000000000000000000000
000000000000000000000000000000000000000000000000000000000000000000000000000
000000000000000000000000000000000000000000000000000000000000000000000000000
000000000000000000000000000000000000000000000000000000000000000000000000000
000000000000000000000000000000000000000000000000000000000000000000000000000
000000000000000000000000000000000000000000000000000000000000000000000000000
000000000000000000000000000000000000010000000000000000000000000000000000000
000000000000000000000000000000000000111000000000000000000000000000000000000
000000000000000000000000000000000001111100000000000000000000000000000000000
000000000000000000000000000000000011111110000000000000000000000000000000000
000000000000000000000000000000000111111111000000000000000000000000000000000
000000000000000000000000000000001111111111100000000000000000000000000000000
000000000000000000000000000000011111111111110000000000000000000000000000000
000000000000000000000000000000111111111111111000000000000000000000000000000
000000000000000000000000000001111111111111111100000000000000000000000000000
000000000000000000000000000011111111111111111110000000000000000000000000000
000000000000000000000000000111111111111111111111000000000000000000000000000
000000000000000000000000001111111111111111111111100000000000000000000000000
000000000000000000000000011111111111111111111111110000000000000000000000000
000000000000000000000000111111111111111111111111111000000000000000000000000
000000000000000000000001111111111111111111111111111100000000000000000000000
000000000000000000000011111111111111111111111111111110000000000000000000000
000000000000000000000111111111111111111111111111111111000000000000000000000
000000000000000000001100000000000000000000000000000001100000000000000000000
000000000000000000011000000000000000000000000000000000110000000000000000000
000000000000000000110000000000000000000000000000000000011000000000000000000
000000000000000001100000000000000000000000000000000000001100000000000000000
000000000000000011000000000000000000000000000000000000000110000000000000000
000000000000000110000000000000000000000000000000000000000011000000000000000
000000000000001100000000000000000000000000000000000000000001100000000000000
000000000000011000000000000000000000000000000000000000000000110000000000000
000000000000110000000000000000000000000000000000000000000000011000000000000
000000000001100000000000000000000000000000000000000000000000001100000000000
000000000011000000000000000000000000000000000000000000000000000110000000000
000000000110000000000000000000000000000000000000000000000000000011000000000
000000001100000000000000000000000000000000000000000000000000000001100000000
000000011000000000000000000000000000000000000000000000000000000000110000000
000000110000000000000000000000000000000000000000000000000000000000011000000
000001111111111111111111111111111111111111111111111111111111111111111100000
000011111111111111111111111111111111111111111111111111111111111111111110000
000000000000000000000000000000000000000000000000000000000000000000000000000
000000000000000000000000000000000000000000000000000000000000000000000000000
000000000000000000000000000000000000000000000000000000000000000000000000000
000000000000000000000000000000000000000000000000000000000000000000000000000
000000000000000000000000000000000000000000000000000000000000000000000000000
000000000000000000000000000000000000000000000000000000000000000000000000000
000000000000000000000000000000000000000000000000000000000000000000000000000
000000000000000000000000000000000000000000000000000000000000000000000000000
000000000000000000000000000000000000000000000000000000000000000000000000000
000000000000000000000000000000000000000000000000000000000000000000000000000
000000000000000000000000000000000000000000000000000000000000000000000000000
000000000000000000000000000000000000000000000000000000000000000000000000000
000000000000000000000000000000000000000000000000000000000000000000000000000
000000000000000000000000000000000000000000000000000000000000000000000000000
000000000000000000000000000000000000000000000000000000000000000000000000000
000000000000000000000000000000000000000000000000000000000000000000000000000
000000000000000000000000000000000000000000000000000000000000000000000000000
000000000000000000000000000000000000000000000000000000000000000000000000000
000000000000000000000000000000000000000000000000000000000000000000000000000
000000000000000000000000000000000000000000000000000000000000000000000000000
000000000000000000000000000000000000000000000000000000000000000000000000000

== Output ==
000000000000000000000000000000000000000000000000000000000000000000000000000
000000000000000000000000000000000000000000000000000000000000000000000000000
000000000000000000000000000000000000000000000000000000000000000000000000000
000000000000000000000000000000000000000000000000000000000000000000000000000
000000000000000000000000000000000000000000000000000000000000000000000000000
000000000000000000000000000000000000000000000000000000000000000000000000000
000000000000000000000000000000000000000000000000000000000000000000000000000
000000000000000000000000000000000000000000000000000000000000000000000000000
000000000000000000000000000000000000000000000000000000000000000000000000000
000000000000000000000000000000000000000000000000000000000000000000000000000
000000000000000000000000000000000000000000000000000000000000000000000000000
000000000001111111111111111111111111111111111111111111111111111100000000000
000000000001111111111111111111111111111111111111111111111111111100000000000
000000000001111111111111111111111111111111111111111111111111111100000000000
000000000001111111111111111111111111111111111111111111111111111100000000000
000000000001111111111111111111111111111111111111111111111111111100000000000
000000000001111111111111111111111111111111111111111111111111111100000000000
000000000001111111111111111111111111111111111111111111111111111100000000000
000000000001111111111111111111111111111111111111111111111111111100000000000
000000000001111111111111111111111111111111111111111111111111111100000000000
000000000001111111111111111111111111111111111111111111111111111100000000000
000000000001111111111111111111111111111111111111111111111111111100000000000
000000000001111111111111111111111111111111111111111111111111111100000000000
000000000001111111111111111111111111111111111111111111111111111100000000000
000000000001111111111111111111111111111111111111111111111111111100000000000
000000000001111111111111111111111111111111111111111111111111111100000000000
000000000001111111111111111111111111111111111111111111111111111100000000000
000000000001111111111111111111111111111111111111111111111111111100000000000
000000000001111111111111111111111111111111111111111111111111111100000000000
000000000001111111111111111111111111111111111111111111111111111100000000000
000000000001111111111111111111111111111111111111111111111111111100000000000
000000000001111111111111111111111111111111111111111111111111111100000000000
000000000001111111111111111111111111111111111111111111111111111100000000000
000000000001111111111111111111111111111111111111111111111111111100000000000
000000000001111111111111111111111111111111111111111111111111111100000000000
000000000001111111111111111111111111111111111111111111111111111100000000000
000000000001111111111111111111111111111111111111111111111111111100000000000
000000000001100000000000000000000000000000000000000000000000001100000000000
000000000001100000000000000000000000000000000000000000000000001100000000000
000000000001100000000000000000000000000000000000000000000000001100000000000
000000000001100000000000000000000000000000000000000000000000001100000000000
000000000001100000000000000000000000000000000000000000000000001100000000000
000000000001100000000000000000000000000000000000000000000000001100000000000
000000000001100000000000000000000000000000000000000000000000001100000000000
000000000001100000000000000000000000000000000000000000000000001100000000000
000000000001100000000000000000000000000000000000000000000000001100000000000
000000000001100000000000000000000000000000000000000000000000001100000000000
000000000001100000000000000000000000000000000000000000000000001100000000000
000000000001100000000000000000000000000000000000000000000000001100000000000
000000000001100000000000000000000000000000000000000000000000001100000000000
000000000001100000000000000000000000000000000000000000000000001100000000000
000000000001100000000000000000000000000000000000000000000000001100000000000
000000000001100000000000000000000000000000000000000000000000001100000000000
000000000001100000000000000000000000000000000000000000000000001100000000000
000000000001100000000000000000000000000000000000000000000000001100000000000
000000000001100000000000000000000000000000000000000000000000001100000000000
000000000001100000000000000000000000000000000000000000000000001100000000000
000000000001100000000000000000000000000000000000000000000000001100000000000
000000000001100000000000000000000000000000000000000000000000001100000000000
000000000001100000000000000000000000000000000000000000000000001100000000000
000000000001100000000000000000000000000000000000000000000000001100000000000
000000000001100000000000000000000000000000000000000000000000001100000000000
000000000001111111111111111111111111111111111111111111111111111100000000000
000000000001111111111111111111111111111111111111111111111111111100000000000
000000000000000000000000000000000000000000000000000000000000000000000000000
000000000000000000000000000000000000000000000000000000000000000000000000000
000000000000000000000000000000000000000000000000000000000000000000000000000
000000000000000000000000000000000000000000000000000000000000000000000000000
000000000000000000000000000000000000000000000000000000000000000000000000000
000000000000000000000000000000000000000000000000000000000000000000000000000
000000000000000000000000000000000000000000000000000000000000000000000000000
000000000000000000000000000000000000000000000000000000000000000000000000000
000000000000000000000000000000000000000000000000000000000000000000000000000
000000000000000000000000000000000000000000000000000000000000000000000000000
000000000000000000000000000000000000000000000000000000000000000000000000000

000000000000000000000000000000000000000000000000000000000000000000000000000
000000000000000000000000000000000000000000000000000000000000000000000000000
000000000000000000000000000000000000000000000000000000000000000000000000000
000000000000000000000000000000000000000000000000000000000000000000000000000
000000000000000000000000000000000000000000000000000000000000000000000000000
000000000000000000000000000000000000000000000000000000000000000000000000000
000000000000000000000000000000000000010000000000000000000000000000000000000
000000000000000000000000000000111111111111111000000000000000000000000000000
000000000000000000000000000111111111111111111111000000000000000000000000000
000000000000000000000000111111111111111111111111111000000000000000000000000
000000000000000000000011111111111111111111111111111110000000000000000000000
000000000000000000000111111111111111111111111111111111000000000000000000000
000000000000000000011111111111111111111111111111111111110000000000000000000
000000000000000000111111111111111111111111111111111111111000000000000000000
000000000000000001111111111111111111111111111111111111111100000000000000000
000000000000000011111111111111111111111111111111111111111110000000000000000
000000000000000111111111111111111111111111111111111111111111000000000000000
000000000000001111111111111111111111111111111111111111111111100000000000000
000000000000011111111111111111111111111111111111111111111111110000000000000
000000000000111111111111111111111111111111111111111111111111111000000000000
000000000000111111111111111111111111111111111111111111111111111000000000000
000000000001111111111111111111111111111111111111111111111111111100000000000
000000000011111111111111111111111111111111111111111111111111111110000000000
000000000011111111111111111111111111111111111111111111111111111110000000000
000000000111111111111111111111111111111111111111111111111111111111000000000
000000000111111111111111111111111111111111111111111111111111111111000000000
000000000111111111111111111111111111111111111111111111111111111111000000000
000000001111111111111111111111111111111111111111111111111111111111100000000
000000001111111111111111111111111111111111111111111111111111111111100000000
000000001111111111111111111111111111111111111111111111111111111111100000000
000000011111111111111111111111111111111111111111111111111111111111110000000
000000011111111111111111111111111111111111111111111111111111111111110000000
000000011111111111111111111111111111111111111111111111111111111111110000000
000000011111111111111111111111111111111111111111111111111111111111110000000
000000011111111111111111111111111111111111111111111111111111111111110000000
000000011111111111111111111111111111111111111111111111111111111111110000000
000000011111111111111111111111111111111111111111111111111111111111110000000
000000111000000000000000000000000000000000000000000000000000000000111000000
000000011000000000000000000000000000000000000000000000000000000000110000000
000000011000000000000000000000000000000000000000000000000000000000110000000
000000011000000000000000000000000000000000000000000000000000000000110000000
000000011000000000000000000000000000000000000000000000000000000000110000000
000000011000000000000000000000000000000000000000000000000000000000110000000
000000011000000000000000000000000000000000000000000000000000000000110000000
000000011000000000000000000000000000000000000000000000000000000000110000000
000000001100000000000000000000000000000000000000000000000000000001100000000
000000001100000000000000000000000000000000000000000000000000000001100000000
000000001100000000000000000000000000000000000000000000000000000001100000000
000000000110000000000000000000000000000000000000000000000000000011000000000
000000000110000000000000000000000000000000000000000000000000000011000000000
000000000111000000000000000000000000000000000000000000000000000111000000000
000000000011000000000000000000000000000000000000000000000000000110000000000
000000000011100000000000000000000000000000000000000000000000001110000000000
000000000001100000000000000000000000000000000000000000000000001100000000000
000000000000110000000000000000000000000000000000000000000000011000000000000
000000000000111000000000000000000000000000000000000000000000111000000000000
000000000000011100000000000000000000000000000000000000000001110000000000000
000000000000001110000000000000000000000000000000000000000011100000000000000
000000000000000111000000000000000000000000000000000000000111000000000000000
000000000000000011100000000000000000000000000000000000001110000000000000000
000000000000000001110000000000000000000000000000000000011100000000000000000
000000000000000000111000000000000000000000000000000000111000000000000000000
000000000000000000011110000000000000000000000000000011110000000000000000000
000000000000000000000111100000000000000000000000001111000000000000000000000
000000000000000000000011111000000000000000000000111110000000000000000000000
000000000000000000000000111111000000000000000111111000000000000000000000000
000000000000000000000000000111111111111111111111000000000000000000000000000
000000000000000000000000000000111111111111111000000000000000000000000000000
000000000000000000000000000000000000010000000000000000000000000000000000000
000000000000000000000000000000000000000000000000000000000000000000000000000
000000000000000000000000000000000000000000000000000000000000000000000000000
000000000000000000000000000000000000000000000000000000000000000000000000000
000000000000000000000000000000000000000000000000000000000000000000000000000
000000000000000000000000000000000000000000000000000000000000000000000000000
000000000000000000000000000000000000000000000000000000000000000000000000000

000000000000000000000000000000000000000000000000000000000000000000000000000
000000000000000000000000000000000000000000000000000000000000000000000000000
000000000000000000000000000000000000000000000000000000000000000000000000000
000000000000000000000000000000000000000000000000000000000000000000000000000
000000000000000000000000000000000000000000000000000000000000000000000000000
000000000000000000000000000000000000000000000000000000000000000000000000000
000000000000000000000000000000000000000000000000000000000000000000000000000
000000000000000000000000000000000000000000000000000000000000000000000000000
000000000000000000000000000000000000000000000000000000000000000000000000000
000000000000000000000000000000000000000000000000000000000000000000000000000
000000000000000000000000000000000000000000000000000000000000000000000000000
000000000000000000000000000000000000000000000000000000000000000000000000000
000000000000000000000000000000000000000000000000000000000000000000000000000
000000000000000000000000000000000000000000000000000000000000000000000000000
000000000000000000000000000000000000000000000000000000000000000000000000000
000000000000000000000000000000000000000000000000000000000000000000000000000
000000000000000000000000000000000000000000000000000000000000000000000000000
000000000000000000000000000000000000000000000000000000000000000000000000000
000000000000000000000000000000000000000000000000000000000000000000000000000
000000000000000000000000000000000000000000000000000000000000000000000000000
000000000000000000000000000000000000010000000000000000000000000000000000000
000000000000000000000000000000000000111000000000000000000000000000000000000
000000000000000000000000000000000001111100000000000000000000000000000000000
000000000000000000000000000000000011111110000000000000000000000000000000000
000000000000000000000000000000000111111111000000000000000000000000000000000
000000000000000000000000000000001111111111100000000000000000000000000000000
000000000000000000000000000000011111111111110000000000000000000000000000000
000000000000000000000000000000111111111111111000000000000000000000000000000
000000000000000000000000000001111111111111111100000000000000000000000000000
000000000000000000000000000011111111111111111110000000000000000000000000000
000000000000000000000000000111111111111111111111000000000000000000000000000
000000000000000000000000001111111111111111111111100000000000000000000000000
000000000000000000000000011111111111111111111111110000000000000000000000000
000000000000000000000000111111111111111111111111111000000000000000000000000
000000000000000000000001111111111111111111111111111100000000000000000000000
000000000000000000000011111111111111111111111111111110000000000000000000000
000000000000000000000111111111111111111111111111111111000000000000000000000
000000000000000000001100000000000000000000000000000001100000000000000000000
000000000000000000011000000000000000000000000000000000110000000000000000000
000000000000000000110000000000000000000000000000000000011000000000000000000
000000000000000001100000000000000000000000000000000000001100000000000000000
000000000000000011000000000000000000000000000000000000000110000000000000000
000000000000000110000000000000000000000000000000000000000011000000000000000
000000000000001100000000000000000000000000000000000000000001100000000000000
000000000000011000000000000000000000000000000000000000000000110000000000000
000000000000110000000000000000000000000000000000000000000000011000000000000
000000000001100000000000000000000000000000000000000000000000001100000000000
000000000011000000000000000000000000000000000000000000000000000110000000000
000000000110000000000000000000000000000000000000000000000000000011000000000
000000001100000000000000000000000000000000000000000000000000000001100000000
000000011000000000000000000000000000000000000000000000000000000000110000000
000000110000000000000000000000000000000000000000000000000000000000011000000
000001111111111111111111111111111111111111111111111111111111111111111100000
000011111111111111111111111111111111111111111111111111111111111111111110000
000000000000000000000000000000000000000000000000000000000000000000000000000
000000000000000000000000000000000000000000000000000000000000000000000000000
000000000000000000000000000000000000000000000000000000000000000000000000000
000000000000000000000000000000000000000000000000000000000000000000000000000
000000000000000000000000000000000000000000000000000000000000000000000000000
000000000000000000000000000000000000000000000000000000000000000000000000000
000000000000000000000000000000000000000000000000000000000000000000000000000
000000000000000000000000000000000000000000000000000000000000000000000000000
000000000000000000000000000000000000000000000000000000000000000000000000000
000000000000000000000000000000000000000000000000000000000000000000000000000
000000000000000000000000000000000000000000000000000000000000000000000000000
000000000000000000000000000000000000000000000000000000000000000000000000000
000000000000000000000000000000000000000000000000000000000000000000000000000
000000000000000000000000000000000000000000000000000000000000000000000000000
000000000000000000000000000000000000000000000000000000000000000000000000000
000000000000000000000000000000000000000000000000000000000000000000000000000
000000000000000000000000000000000000000000000000000000000000000000000000000
000000000000000000000000000000000000000000000000000000000000000000000000000
000000000000000000000000000000000000000000000000000000000000000000000000000
000000000000000000000000000000000000000000000000000000000000000000000000000
000000000000000000000000000000000000000000000000000000000000000000000000000

000000000000000000000000000000000000000000000000000000000000000000000000000
000000000000000000000000000000000000000000000000000000000000000000000000000
000000000000000000000000000000000000000000000000000000000000000000000000000
000000000000000000000000000000000000000000000000000000000000000000000000000
000000000000000000000000000000000000000000000000000000000000000000000000000
000000000000000000000000000000000000000000000000000000000000000000000000000
000000000000000000111111111111111111111111111111111111111000000000000000000
000000000000000000111111111111111111111111111111111111111000000000000000000
000000000000000000111111111111111111111111111111111111111000000000000000000
000000000000000000111111111111111111111111111111111111111000000000000000000
000000000000000000111111111111111111111111111111111111111000000000000000000
000000000000000000111111111111111111111111111111111111111000000000000000000
000000000000000000111111111111111111111111111111111111111000000000000000000
000000000000000000111111111111111111111111111111111111111000000000000000000
000000000000000000111111111111111111111111111111111111111000000000000000000
000000000000000000111111111111111111111111111111111111111000000000000000000
000000000000000000111111111111111111111111111111111111111000000000000000000
000000000000000000111111111111111111111111111111111111111000000000000000000
000000000000000000111111111111111111111111111111111111111000000000000000000
000000000000000000111111111111111111111111111111111111111000000000000000000
000000000000000000111111111111111111111111111111111111111000000000000000000
000000000000000000111111111111111111111111111111111111111000000000000000000
000000000000000000111111111111111111111111111111111111111000000000000000000
000000000000000000111111111111111111111111111111111111111000000000000000000
000000000000000000111111111111111111111111111111111111111000000000000000000
000000000000000000111111111111111111111111111111111111111000000000000000000
000000000000000000111111111111111111111111111111111111111000000000000000000
000000000000000000111111111111111111111111111111111111111000000000000000000
000000000000000000111111111111111111111111111111111111111000000000000000000
000000000000000000111111111111111111111111111111111111111000000000000000000
000000000000000000111111111111111111111111111111111111111000000000000000000
000000000000000000111111111111111111111111111111111111111000000000000000000
000000000000000000111111111111111111111111111111111111111000000000000000000
000000000000000000111111111111111111111111111111111111111000000000000000000
000000000000000000111111111111111111111111111111111111111000000000000000000
000000000000000000111111111111111111111111111111111111111000000000000000000
000000000000000000111111111111111111111111111111111111111000000000000000000
000000000000000000110000000000000000000000000000000000011000000000000000000
000000000000000000110000000000000000000000000000000000011000000000000000000
000000000000000000110000000000000000000000000000000000011000000000000000000
000000000000000000110000000000000000000000000000000000011000000000000000000
000000000000000000110000000000000000000000000000000000011000000000000000000
000000000000000000110000000000000000000000000000000000011000000000000000000
000000000000000000110000000000000000000000000000000000011000000000000000000
000000000000000000110000000000000000000000000000000000011000000000000000000
000000000000000000110000000000000000000000000000000000011000000000000000000
000000000000000000110000000000000000000000000000000000011000000000000000000
000000000000000000110000000000000000000000000000000000011000000000000000000
000000000000000000110000000000000000000000000000000000011000000000000000000
000000000000000000110000000000000000000000000000000000011000000000000000000
000000000000000000110000000000000000000000000000000000011000000000000000000
000000000000000000110000000000000000000000000000000000011000000000000000000
000000000000000000110000000000000000000000000000000000011000000000000000000
000000000000000000110000000000000000000000000000000000011000000000000000000
000000000000000000110000000000000000000000000000000000011000000000000000000
000000000000000000110000000000000000000000000000000000011000000000000000000
000000000000000000110000000000000000000000000000000000011000000000000000000
000000000000000000110000000000000000000000000000000000011000000000000000000
000000000000000000110000000000000000000000000000000000011000000000000000000
000000000000000000110000000000000000000000000000000000011000000000000000000
000000000000000000110000000000000000000000000000000000011000000000000000000
000000000000000000110000000000000000000000000000000000011000000000000000000
000000000000000000110000000000000000000000000000000000011000000000000000000
000000000000000000110000000000000000000000000000000000011000000000000000000
000000000000000000110000000000000000000000000000000000011000000000000000000
000000000000000000110000000000000000000000000000000000011000000000000000000
000000000000000000110000000000000000000000000000000000011000000000000000000
000000000000000000111111111111111111111111111111111111111000000000000000000
000000000000000000111111111111111111111111111111111111111000000000000000000
000000000000000000000000000000000000000000000000000000000000000000000000000
000000000000000000000000000000000000000000000000000000000000000000000000000
000000000000000000000000000000000000000000000000000000000000000000000000000
000000000000000000000000000000000000000000000000000000000000000000000000000
000000000000000000000000000000000000000000000000000000000000000000000000000
000000000000000000000000000000000000000000000000000000000000000000000000000

000000000000000000000000000000000000000000000000000000000000000000000000000
000000000000000000000000000000000000000000000000000000000000000000000000000
000000000000000000000000000000000000000000000000000000000000000000000000000
000000000000000000000000000000000000000000000000000000000000000000000000000
000000000000000000000000000000000000000000000000000000000000000000000000000
000000000000000000000000000000000000000000000000000000000000000000000000000
000000000000000000000000000000000000000000000000000000000000000000000000000
000000000000000000000000000000000000000000000000000000000000000000000000000
000000000000000000000000000000000000000000000000000000000000000000000000000
000000000000000000000000000000000000000000000000000000000000000000000000000
000000000000000000000000000000000000000000000000000000000000000000000000000
000000000000000000000000000000000000000000000000000000000000000000000000000
000000000000000000000000000000000000000000000000000000000000000000000000000
000000000000000000000000000000000000000000000000000000000000000000000000000
000000000000000000000000000000000000000000000000000000000000000000000000000
000000000000000000000000000000000000000000000000000000000000000000000000000
000000000000000000000000000000000000000000000000000000000000000000000000000
000000000000000000000000000000000000000000000000000000000000000000000000000
000000000000000000000000000000000000000000000000000000000000000000000000000
000000000000000000000000000000000000000000000000000000000000000000000000000
000000000000000000000000000000000000000000000000000000000000000000000000000
000011111111111111111111111111111111111111111111111111111111111111111110000
000001111111111111111111111111111111111111111111111111111111111111111100000
000000111111111111111111111111111111111111111111111111111111111111111000000
000000011111111111111111111111111111111111111111111111111111111111110000000
000000001111111111111111111111111111111111111111111111111111111111100000000
000000000111111111111111111111111111111111111111111111111111111111000000000
000000000011111111111111111111111111111111111111111111111111111110000000000
000000000001111111111111111111111111111111111111111111111111111100000000000
000000000000111111111111111111111111111111111111111111111111111000000000000
000000000000011111111111111111111111111111111111111111111111110000000000000
000000000000001111111111111111111111111111111111111111111111100000000000000
000000000000000111111111111111111111111111111111111111111111000000000000000
000000000000000011111111111111111111111111111111111111111110000000000000000
000000000000000001111111111111111111111111111111111111111100000000000000000
000000000000000000111111111111111111111111111111111111111000000000000000000
000000000000000000011111111111111111111111111111111111110000000000000000000
000000000000000000001100000000000000000000000000000001100000000000000000000
000000000000000000000110000000000000000000000000000011000000000000000000000
000000000000000000000011000000000000000000000000000110000000000000000000000
000000000000000000000001100000000000000000000000001100000000000000000000000
000000000000000000000000110000000000000000000000011000000000000000000000000
000000000000000000000000011000000000000000000000110000000000000000000000000
000000000000000000000000001100000000000000000001100000000000000000000000000
000000000000000000000000000110000000000000000011000000000000000000000000000
000000000000000000000000000011000000000000000110000000000000000000000000000
000000000000000000000000000001100000000000001100000000000000000000000000000
000000000000000000000000000000110000000000011000000000000000000000000000000
000000000000000000000000000000011000000000110000000000000000000000000000000
000000000000000000000000000000001100000001100000000000000000000000000000000
000000000000000000000000000000000110000011000000000000000000000000000000000
000000000000000000000000000000000011000110000000000000000000000000000000000
000000000000000000000000000000000001101100000000000000000000000000000000000
000000000000000000000000000000000000111000000000000000000000000000000000000
000000000000000000000000000000000000010000000000000000000000000000000000000
000000000000000000000000000000000000000000000000000000000000000000000000000
000000000000000000000000000000000000000000000000000000000000000000000000000
000000000000000000000000000000000000000000000000000000000000000000000000000
000000000000000000000000000000000000000000000000000000000000000000000000000
000000000000000000000000000000000000000000000000000000000000000000000000000
000000000000000000000000000000000000000000000000000000000000000000000000000
000000000000000000000000000000000000000000000000000000000000000000000000000
000000000000000000000000000000000000000000000000000000000000000000000000000
000000000000000000000000000000000000000000000000000000000000000000000000000
000000000000000000000000000000000000000000000000000000000000000000000000000
000000000000000000000000000000000000000000000000000000000000000000000000000
000000000000000000000000000000000000000000000000000000000000000000000000000
000000000000000000000000000000000000000000000000000000000000000000000000000
000000000000000000000000000000000000000000000000000000000000000000000000000
000000000000000000000000000000000000000000000000000000000000000000000000000
000000000000000000000000000000000000000000000000000000000000000000000000000
000000000000000000000000000000000000000000000000000000000000000000000000000
000000000000000000000000000000000000000000000000000000000000000000000000000
000000000000000000000000000000000000000000000000000000000000000000000000000
000000000000000000000000000000000000000000000000000000000000000000000000000

000000000000000000000000000000000000000000000000000000000000000000000000000
000000000000000000000000000000000000000000000000000000000000000000000000000
000000000000000000000000000000000000000000000000000000000000000000000000000
000000000000000000000000000000000000000000000000000000000000000000000000000
000000000000000000000000000000000000000000000000000000000000000000000000000
000000000000000000000000000000000000000000000000000000000000000000000000000
000000000000000000000000000000000000000000000000000000000000000000000000000
000000000000000000000000000000000000000000000000000000000000000000000000000
000000000000000000000000000000000000000000000000000000000000000000000000000
000000000000000000000000000000000000000000000000000000000000000000000000000
000000000000000000000000000000000000000000000000000000000000000000000000000
000000000000000000000000000000000000000000000000000000000000000000000000000
000000000000000000000000000000000000000000000000000000000000000000000000000
000000000000000000000000000000000000000000000000000000000000000000000000000
000000000000000000000000000000000000000000000000000000000000000000000000000
000000000000000000000000000000000000000000000000000000000000000000000000000
000000000000000000000000000000000000000000000000000000000000000000000000000
000000000000000000000000000000000000000000000000000000000000000000000000000
000000111111111111111111111111111111111111111111111111111111111111111000000
000000111111111111111111111111111111111111111111111111111111111111111000000
000000111111111111111111111111111111111111111111111111111111111111111000000
000000111111111111111111111111111111111111111111111111111111111111111000000
000000111111111111111111111111111111111111111111111111111111111111111000000
000000111111111111111111111111111111111111111111111111111111111111111000000
000000111111111111111111111111111111111111111111111111111111111111111000000
000000111111111111111111111111111111111111111111111111111111111111111000000
000000111111111111111111111111111111111111111111111111111111111111111000000
000000111111111111111111111111111111111111111111111111111111111111111000000
000000111111111111111111111111111111111111111111111111111111111111111000000
000000111111111111111111111111111111111111111111111111111111111111111000000
000000111111111111111111111111111111111111111111111111111111111111111000000
000000111111111111111111111111111111111111111111111111111111111111111000000
000000111111111111111111111111111111111111111111111111111111111111111000000
000000111111111111111111111111111111111111111111111111111111111111111000000
000000111111111111111111111111111111111111111111111111111111111111111000000
000000111111111111111111111111111111111111111111111111111111111111111000000
000000111111111111111111111111111111111111111111111111111111111111111000000
000000110000000000000000000000000000000000000000000000000000000000011000000
000000110000000000000000000000000000000000000000000000000000000000011000000
000000110000000000000000000000000000000000000000000000000000000000011000000
000000110000000000000000000000000000000000000000000000000000000000011000000
000000110000000000000000000000000000000000000000000000000000000000011000000
000000110000000000000000000000000000000000000000000000000000000000011000000
000000110000000000000000000000000000000000000000000000000000000000011000000
000000110000000000000000000000000000000000000000000000000000000000011000000
000000110000000000000000000000000000000000000000000000000000000000011000000
000000110000000000000000000000000000000000000000000000000000000000011000000
000000110000000000000000000000000000000000000000000000000000000000011000000
000000110000000000000000000000000000000000000000000000000000000000011000000
000000110000000000000000000000000000000000000000000000000000000000011000000
000000110000000000000000000000000000000000000000000000000000000000011000000
000000110000000000000000000000000000000000000000000000000000000000011000000
000000110000000000000000000000000000000000000000000000000000000000011000000
000000110000000000000000000000000000000000000000000000000000000000011000000
000000110000000000000000000000000000000000000000000000000000000000011000000
000000111111111111111111111111111111111111111111111111111111111111111000000
000000111111111111111111111111111111111111111111111111111111111111111000000
000000000000000000000000000000000000000000000000000000000000000000000000000
000000000000000000000000000000000000000000000000000000000000000000000000000
000000000000000000000000000000000000000000000000000000000000000000000000000
000000000000000000000000000000000000000000000000000000000000000000000000000
000000000000000000000000000000000000000000000000000000000000000000000000000
000000000000000000000000000000000000000000000000000000000000000000000000000
000000000000000000000000000000000000000000000000000000000000000000000000000
000000000000000000000000000000000000000000000000000000000000000000000000000
000000000000000000000000000000000000000000000000000000000000000000000000000
000000000000000000000000000000000000000000000000000000000000000000000000000
000000000000000000000000000000000000000000000000000000000000000000000000000
000000000000000000000000000000000000000000000000000000000000000000000000000
000000000000000000000000000000000000000000000000000000000000000000000000000
000000000000000000000000000000000000000000000000000000000000000000000000000
000000000000000000000000000000000000000000000000000000000000000000000000000
000000000000000000000000000000000000000000000000000000000000000000000000000
000000000000000000000000000000000000000000000000000000000000000000000000000
000000000000000000000000000000000000000000000000000000000000000000000000000

== SDRs ==
00001000010000000100000000000000
00000001110000000010000100000000
01001010011000100010001000100000
00011100000010000000000000100101
11000110100100000100001000010101
00101000000000000000001101000100
00000000000001101000010000000001
00101000000001000100000001001000
00000100000000100000101000000100
00100000000010000000000000000100
00100111000000001000000000100011
10001000000100101100000100001000
00000001100000000100000000000001
00000001000000110011100000000100
01100010000000010010100100001010
00000000100001010010110010000100
00000001000000100010000011000000
00010000000010000000000101010000
10101100000000110000010000111100
00000010101000001110100000001010
10000010000000000000000001100000
00010100011101000100000000100001
10001000001000100000000001000000
01101001001000000010000001000101
00001000110000000000010001000100
00100000000000100100110010000000
00000010000010010000010110000000
00001100001000000000000010000000
00001101000000000000100110000100
10010001000001000010000001000000
00100000100000100100001001001000
10000000000010000101000001000010

00001000010000000100000000000000
00000001110000000010000100000000
01001010011000100010001000100000
00011100000010000000000000100101
11000110100100000100001000010101
00101000000000000000001101000100
00000000000001101000010000000001
00101000000001000100000001001000
00000100000000100000101000000100
00100000000010000000000000000100
00100111000000001000000000100011
10001000000100101100000100001000
00000001100000000100000000000001
00000001000000110011100000000100
01100010000000010010100100001010
00000000100001010010110010000100
00000001000000100010000011000000
00010000000010000000000101010000
10101100000000110000010000111100
00000010101000001110100000001010
10000010000000000000000001100000
00010100011101000100000000100001
10001000001000100000000001000000
01101001001000000010000001000101
00001000110000000000010001000100
00100000000000100100110010000000
00000010000010010000010110000000
00001100001000000000000010000000
00001101000000000000100110000100
10010001000001000010000001000000
00100000100000100100001001001000
10000000000010000101000001000010

00001000010000000100000000000000
00000001110000000010000100000000
01001010011000100010001000100000
00011100000010000000000000100101
11000110100100000100001000010101
00101000000000000000001101000100
00000000000001101000010000000001
00101000000001000100000001001000
00000100000000100000101000000100
00100000000010000000000000000100
00100111000000001000000000100011
10001000000100101100000100001000
00000001100000000100000000000001
00000001000000110011100000000100
01100010000000010010100100001010
00000000100001010010110010000100
00000001000000100010000011000000
00010000000010000000000101010000
10101100000000110000010000111100
00000010101000001110100000001010
10000010000000000000000001100000
00010100011101000100000000100001
10001000001000100000000001000000
01101001001000000010000001000101
00001000110000000000010001000100
00100000000000100100110010000000
00000010000010010000010110000000
00001100001000000000000010000000
00001101000000000000100110000100
10010001000001000010000001000000
00100000100000100100001001001000
10000000000010000101000001000010

10100010010010010000100001000011
00001000000000000000000010000000
00000000000010100010011000000000
00010100000100000100010010100000
10000111000000100110000001000000
10000010000000001011000100100000
00110010000011100000000010001000
00001010001000001000011100000000
11000001000111000000100010000000
01000010000111101000010000100000
01001101000000001000001000100011
00010101001010001001110101000000
10000001000001000100010001100000
00010100000000000100000000001101
00000010000000001010000100010011
00001000100000000000000000000010
10000000000001000010101000000000
00000110011000100100000000001010
01000000111100110100000100000001
01000110110000000000000000000000
00000000000111100000100000000010
11000000011000010000000000100010
00000000000100001100000000001010
00000000101100000000100000010010
10001100100100010000100000010110
00001001110110010000001110000110
00110000001000000011110000000010
00000100001000100000010000000010
00000010000000000000000000000100
00000010001100000010000000010110
10000000010100000010000001001101
10010010000000001000000000010001

00100010010101011000001100000000
00100000000000010000010000000000
01000000000001101010000000100010
00010001000100000100010110000000
10000010010010000010010011001010
00100001000000001110110000001001
00010010000001010001000000000000
00001000010000000000000010000000
10100000000100000001100010000000
01001010000010001000000000100000
01000000100100001000101101001001
00000001000000001001000100100000
00000001010010000000000000100100
00001101010000000100100000000000
00000000100000001000110000000000
00000000000000000000100000000000
00001001000000111010101000000000
00001100011000000010000101001110
01001000000100110101010101100101
01100100000001101000000000000000
00000100000001000000100000000000
10000001101000001110010010000011
00000101010001000000000000100011
00000000000100000010100001010000
00000011110100000001000000000100
00111101101110010010000100110000
00101000001011000010000000000000
00100100000000001001000100010000
10010000000010000000000100100100
00000010101100000000000000100000
00000001110010001010000000101001
00000000001010011000000000000000

00001000010000000100000000000000
00000001110000000010000100000000
01001010011000100010001000100000
00011100000010000000000000100101
11000110100100000100001000010101
00101000000000000000001101000100
00000000000001101000010000000001
00101000000001000100000001001000
00000100000000100000101000000100
00100000000010000000000000000100
00100111000000001000000000100011
10001000000100101100000100001000
00000001100000000100000000000001
00000001000000110011100000000100
01100010000000010010100100001010
00000000100001010010110010000100
00000001000000100010000011000000
00010000000010000000000101010000
10101100000000110000010000111100
00000010101000001110100000001010
10000010000000000000000001100000
00010100011101000100000000100001
10001000001000100000000001000000
01101001001000000010000001000101
00001000110000000000010001000100
00100000000000100100110010000000
00000010000010010000010110000000
00001100001000000000000010000000
00001101000000000000100110000100
10010001000001000010000001000000
00100000100000100100001001001000
10000000000010000101000001000010

00100000000001000110000100000000
01110000100000000000000100000010
00011001000000000010011000000010
10100100000101000100000001000010
00000101000010100110001111000010
00000000000000000001110100000000
00010010000011010001000010100001
10100000010000000000010000000000
00100100000000101100101010000100
01001010000000100000001000100000
01010000110100101000100000000011
00010001000000001100000001001100
10000001011001001000100100000101
00001000001000000010100010001101
00110000000010001010000100011010
00000000000000001001100000000000
00100010000000011000101001000000
00000000110000000001000000001100
11001100100110010100000101101000
00000100000000000000100000100000
10001000000100100000100000010000
10010100111000001000100000000010
10110000000001000010010011000110
00000000000000000010100000000000
00000000000110100001000000000100
00101000110010000010101100100000
10000010110000010000000000010000
00000001000000000001000100000010
00011111000000000010000100011100
00010010000010000010000000000101
00100000110100000000100000100000
10000000000000000100000000000000

00000110010001010010101001100000
00100001010000010101000100000000
00000000111011100010001100100001
10000110110001000000000010100100
11000111010000001011001011010000
10000111000100001001100000001000
00000000010001110000000000001001
01000000001011100100111100010000
10100000100100100101101000000000
01000100001011101000000000100000
00111101100000011000101101101100
01000001000000011101100001101000
00110101100000000010010100111100
00010001011000011010000000010100
11000010000001000010010110001100
00010000000010000000100000000110
10110010000000100010000010000000
00101100010011010101100100010000
10000000111110000010000100100100
00000010000000000010000001000010
00010101000010010000101000100001
01010001001010001000000000100000
00000100001011100000110010100010
01000001101000011000010001001000
00000001100000000000010000010110
00101101000010100100000010010000
00100001101010000000000000000010
10010100000001100001000000000010
01100111000000100111000000100000
10001000100101000010001000101000
00000000010100100100000001000101
00100000000110000100100001011000

00000000011000000010000100000000
00110000000100010000000010000000
00010000110001000000000100100011
01000100010001101001011010110100
00000011010001100010000011000000
10000101000100001000100000001000
00011000000001100000000010001000
01001100110010001000100000011000
10100001000100100000110000000010
01001111100000001000000000000000
01010000100000001001010000001001
00001001000010000001100100101000
00110011110000000000010100101100
00011101011100000100000000010100
00000010100001000010000011010001
00000000100000000000000000000000
00001011000001100010000000001000
00001000010001000111000100000000
00000000010000001010010100000110
01000110000000001110000001000010
00000111001000110010001000000000
11000001001010001100000000101000
00000100000001000011000010000111
11000000001100101000110001010000
00000100010000010000100100010110
11000001101000110010100100010000
00111011001010000010100000001010
00000000000000100001010000000110
00110000000000100100000000001000
11001010101100000000001000000000
00000010100010101110000001001100
00000010100000010000000001001000

