== Attributes ==
title=19_const_rectangle_v1
type= 2x2
result=4
window_size=(75, 75)

== Input ==
000000000000000000000000000000000000000000000000000000000000000000000000000
000000000000000000000000000000000000000000000000000000000000000000000000000
000000000000000000000000000000000000000000000000000000000000000000000000000
000000000000000000000000000000000000000000000000000000000000000000000000000
000000000000000000000000000000000000000000000000000000000000000000000000000
000000000000000000000000000000000000000000000000000000000000000000000000000
000000000000000000111111111111111111111111111111111111111000000000000000000
000000000000000000111111111111111111111111111111111111111000000000000000000
000000000000000000111111111111111111100000000000000000011000000000000000000
000000000000000000111111111111111111100000000000000000011000000000000000000
000000000000000000111111111111111111100000000000000000011000000000000000000
000000000000000000111111111111111111100000000000000000011000000000000000000
000000000000000000111111111111111111100000000000000000011000000000000000000
000000000000000000111111111111111111100000000000000000011000000000000000000
000000000000000000111111111111111111100000000000000000011000000000000000000
000000000000000000111111111111111111100000000000000000011000000000000000000
000000000000000000111111111111111111100000000000000000011000000000000000000
000000000000000000111111111111111111100000000000000000011000000000000000000
000000000000000000111111111111111111100000000000000000011000000000000000000
000000000000000000111111111111111111100000000000000000011000000000000000000
000000000000000000111111111111111111100000000000000000011000000000000000000
000000000000000000111111111111111111100000000000000000011000000000000000000
000000000000000000111111111111111111100000000000000000011000000000000000000
000000000000000000111111111111111111100000000000000000011000000000000000000
000000000000000000111111111111111111100000000000000000011000000000000000000
000000000000000000111111111111111111100000000000000000011000000000000000000
000000000000000000111111111111111111100000000000000000011000000000000000000
000000000000000000111111111111111111100000000000000000011000000000000000000
000000000000000000111111111111111111100000000000000000011000000000000000000
000000000000000000111111111111111111100000000000000000011000000000000000000
000000000000000000111111111111111111100000000000000000011000000000000000000
000000000000000000111111111111111111100000000000000000011000000000000000000
000000000000000000111111111111111111100000000000000000011000000000000000000
000000000000000000111111111111111111100000000000000000011000000000000000000
000000000000000000111111111111111111100000000000000000011000000000000000000
000000000000000000111111111111111111100000000000000000011000000000000000000
000000000000000000111111111111111111100000000000000000011000000000000000000
000000000000000000111111111111111111100000000000000000011000000000000000000
000000000000000000111111111111111111100000000000000000011000000000000000000
000000000000000000111111111111111111100000000000000000011000000000000000000
000000000000000000111111111111111111100000000000000000011000000000000000000
000000000000000000111111111111111111100000000000000000011000000000000000000
000000000000000000111111111111111111100000000000000000011000000000000000000
000000000000000000111111111111111111100000000000000000011000000000000000000
000000000000000000111111111111111111100000000000000000011000000000000000000
000000000000000000111111111111111111100000000000000000011000000000000000000
000000000000000000111111111111111111100000000000000000011000000000000000000
000000000000000000111111111111111111100000000000000000011000000000000000000
000000000000000000111111111111111111100000000000000000011000000000000000000
000000000000000000111111111111111111100000000000000000011000000000000000000
000000000000000000111111111111111111100000000000000000011000000000000000000
000000000000000000111111111111111111100000000000000000011000000000000000000
000000000000000000111111111111111111100000000000000000011000000000000000000
000000000000000000111111111111111111100000000000000000011000000000000000000
000000000000000000111111111111111111100000000000000000011000000000000000000
000000000000000000111111111111111111100000000000000000011000000000000000000
000000000000000000111111111111111111100000000000000000011000000000000000000
000000000000000000111111111111111111100000000000000000011000000000000000000
000000000000000000111111111111111111100000000000000000011000000000000000000
000000000000000000111111111111111111100000000000000000011000000000000000000
000000000000000000111111111111111111100000000000000000011000000000000000000
000000000000000000111111111111111111100000000000000000011000000000000000000
000000000000000000111111111111111111100000000000000000011000000000000000000
000000000000000000111111111111111111100000000000000000011000000000000000000
000000000000000000111111111111111111100000000000000000011000000000000000000
000000000000000000111111111111111111100000000000000000011000000000000000000
000000000000000000111111111111111111100000000000000000011000000000000000000
000000000000000000111111111111111111111111111111111111111000000000000000000
000000000000000000111111111111111111111111111111111111111000000000000000000
000000000000000000000000000000000000000000000000000000000000000000000000000
000000000000000000000000000000000000000000000000000000000000000000000000000
000000000000000000000000000000000000000000000000000000000000000000000000000
000000000000000000000000000000000000000000000000000000000000000000000000000
000000000000000000000000000000000000000000000000000000000000000000000000000
000000000000000000000000000000000000000000000000000000000000000000000000000

000000000000000000000000000000000000000000000000000000000000000000000000000
000000000000000000000000000000000000000000000000000000000000000000000000000
000000000000000000000000000000000000000000000000000000000000000000000000000
000000000000000000000000000000000000000000000000000000000000000000000000000
000000000000000000000000000000000000000000000000000000000000000000000000000
000000000000000000000000000000000000000000000000000000000000000000000000000
000000000000000000111111111111111111111111111111111111111000000000000000000
000000000000000000111111111111111111111111111111111111111000000000000000000
000000000000000000111111111111111111100000000000000000011000000000000000000
000000000000000000111111111111111111100000000000000000011000000000000000000
000000000000000000111111111111111111100000000000000000011000000000000000000
000000000000000000111111111111111111100000000000000000011000000000000000000
000000000000000000111111111111111111100000000000000000011000000000000000000
000000000000000000111111111111111111100000000000000000011000000000000000000
000000000000000000111111111111111111100000000000000000011000000000000000000
000000000000000000111111111111111111100000000000000000011000000000000000000
000000000000000000111111111111111111100000000000000000011000000000000000000
000000000000000000111111111111111111100000000000000000011000000000000000000
000000000000000000111111111111111111100000000000000000011000000000000000000
000000000000000000111111111111111111100000000000000000011000000000000000000
000000000000000000111111111111111111100000000000000000011000000000000000000
000000000000000000111111111111111111100000000000000000011000000000000000000
000000000000000000111111111111111111100000000000000000011000000000000000000
000000000000000000111111111111111111100000000000000000011000000000000000000
000000000000000000111111111111111111100000000000000000011000000000000000000
000000000000000000111111111111111111100000000000000000011000000000000000000
000000000000000000111111111111111111100000000000000000011000000000000000000
000000000000000000111111111111111111100000000000000000011000000000000000000
000000000000000000111111111111111111100000000000000000011000000000000000000
000000000000000000111111111111111111100000000000000000011000000000000000000
000000000000000000111111111111111111100000000000000000011000000000000000000
000000000000000000111111111111111111100000000000000000011000000000000000000
000000000000000000111111111111111111100000000000000000011000000000000000000
000000000000000000111111111111111111100000000000000000011000000000000000000
000000000000000000111111111111111111100000000000000000011000000000000000000
000000000000000000111111111111111111100000000000000000011000000000000000000
000000000000000000111111111111111111100000000000000000011000000000000000000
000000000000000000111111111111111111100000000000000000011000000000000000000
000000000000000000111111111111111111100000000000000000011000000000000000000
000000000000000000111111111111111111100000000000000000011000000000000000000
000000000000000000111111111111111111100000000000000000011000000000000000000
000000000000000000111111111111111111100000000000000000011000000000000000000
000000000000000000111111111111111111100000000000000000011000000000000000000
000000000000000000111111111111111111100000000000000000011000000000000000000
000000000000000000111111111111111111100000000000000000011000000000000000000
000000000000000000111111111111111111100000000000000000011000000000000000000
000000000000000000111111111111111111100000000000000000011000000000000000000
000000000000000000111111111111111111100000000000000000011000000000000000000
000000000000000000111111111111111111100000000000000000011000000000000000000
000000000000000000111111111111111111100000000000000000011000000000000000000
000000000000000000111111111111111111100000000000000000011000000000000000000
000000000000000000111111111111111111100000000000000000011000000000000000000
000000000000000000111111111111111111100000000000000000011000000000000000000
000000000000000000111111111111111111100000000000000000011000000000000000000
000000000000000000111111111111111111100000000000000000011000000000000000000
000000000000000000111111111111111111100000000000000000011000000000000000000
000000000000000000111111111111111111100000000000000000011000000000000000000
000000000000000000111111111111111111100000000000000000011000000000000000000
000000000000000000111111111111111111100000000000000000011000000000000000000
000000000000000000111111111111111111100000000000000000011000000000000000000
000000000000000000111111111111111111100000000000000000011000000000000000000
000000000000000000111111111111111111100000000000000000011000000000000000000
000000000000000000111111111111111111100000000000000000011000000000000000000
000000000000000000111111111111111111100000000000000000011000000000000000000
000000000000000000111111111111111111100000000000000000011000000000000000000
000000000000000000111111111111111111100000000000000000011000000000000000000
000000000000000000111111111111111111100000000000000000011000000000000000000
000000000000000000111111111111111111111111111111111111111000000000000000000
000000000000000000111111111111111111111111111111111111111000000000000000000
000000000000000000000000000000000000000000000000000000000000000000000000000
000000000000000000000000000000000000000000000000000000000000000000000000000
000000000000000000000000000000000000000000000000000000000000000000000000000
000000000000000000000000000000000000000000000000000000000000000000000000000
000000000000000000000000000000000000000000000000000000000000000000000000000
000000000000000000000000000000000000000000000000000000000000000000000000000

000000000000000000000000000000000000000000000000000000000000000000000000000
000000000000000000000000000000000000000000000000000000000000000000000000000
000000000000000000000000000000000000000000000000000000000000000000000000000
000000000000000000000000000000000000000000000000000000000000000000000000000
000000000000000000000000000000000000000000000000000000000000000000000000000
000000000000000000000000000000000000000000000000000000000000000000000000000
000000000000000000111111111111111111111111111111111111111000000000000000000
000000000000000000111111111111111111111111111111111111111000000000000000000
000000000000000000111111111111111111100000000000000000011000000000000000000
000000000000000000111111111111111111100000000000000000011000000000000000000
000000000000000000111111111111111111100000000000000000011000000000000000000
000000000000000000111111111111111111100000000000000000011000000000000000000
000000000000000000111111111111111111100000000000000000011000000000000000000
000000000000000000111111111111111111100000000000000000011000000000000000000
000000000000000000111111111111111111100000000000000000011000000000000000000
000000000000000000111111111111111111100000000000000000011000000000000000000
000000000000000000111111111111111111100000000000000000011000000000000000000
000000000000000000111111111111111111100000000000000000011000000000000000000
000000000000000000111111111111111111100000000000000000011000000000000000000
000000000000000000111111111111111111100000000000000000011000000000000000000
000000000000000000111111111111111111100000000000000000011000000000000000000
000000000000000000111111111111111111100000000000000000011000000000000000000
000000000000000000111111111111111111100000000000000000011000000000000000000
000000000000000000111111111111111111100000000000000000011000000000000000000
000000000000000000111111111111111111100000000000000000011000000000000000000
000000000000000000111111111111111111100000000000000000011000000000000000000
000000000000000000111111111111111111100000000000000000011000000000000000000
000000000000000000111111111111111111100000000000000000011000000000000000000
000000000000000000111111111111111111100000000000000000011000000000000000000
000000000000000000111111111111111111100000000000000000011000000000000000000
000000000000000000111111111111111111100000000000000000011000000000000000000
000000000000000000111111111111111111100000000000000000011000000000000000000
000000000000000000111111111111111111100000000000000000011000000000000000000
000000000000000000111111111111111111100000000000000000011000000000000000000
000000000000000000111111111111111111100000000000000000011000000000000000000
000000000000000000111111111111111111100000000000000000011000000000000000000
000000000000000000111111111111111111100000000000000000011000000000000000000
000000000000000000111111111111111111100000000000000000011000000000000000000
000000000000000000111111111111111111100000000000000000011000000000000000000
000000000000000000111111111111111111100000000000000000011000000000000000000
000000000000000000111111111111111111100000000000000000011000000000000000000
000000000000000000111111111111111111100000000000000000011000000000000000000
000000000000000000111111111111111111100000000000000000011000000000000000000
000000000000000000111111111111111111100000000000000000011000000000000000000
000000000000000000111111111111111111100000000000000000011000000000000000000
000000000000000000111111111111111111100000000000000000011000000000000000000
000000000000000000111111111111111111100000000000000000011000000000000000000
000000000000000000111111111111111111100000000000000000011000000000000000000
000000000000000000111111111111111111100000000000000000011000000000000000000
000000000000000000111111111111111111100000000000000000011000000000000000000
000000000000000000111111111111111111100000000000000000011000000000000000000
000000000000000000111111111111111111100000000000000000011000000000000000000
000000000000000000111111111111111111100000000000000000011000000000000000000
000000000000000000111111111111111111100000000000000000011000000000000000000
000000000000000000111111111111111111100000000000000000011000000000000000000
000000000000000000111111111111111111100000000000000000011000000000000000000
000000000000000000111111111111111111100000000000000000011000000000000000000
000000000000000000111111111111111111100000000000000000011000000000000000000
000000000000000000111111111111111111100000000000000000011000000000000000000
000000000000000000111111111111111111100000000000000000011000000000000000000
000000000000000000111111111111111111100000000000000000011000000000000000000
000000000000000000111111111111111111100000000000000000011000000000000000000
000000000000000000111111111111111111100000000000000000011000000000000000000
000000000000000000111111111111111111100000000000000000011000000000000000000
000000000000000000111111111111111111100000000000000000011000000000000000000
000000000000000000111111111111111111100000000000000000011000000000000000000
000000000000000000111111111111111111100000000000000000011000000000000000000
000000000000000000111111111111111111111111111111111111111000000000000000000
000000000000000000111111111111111111111111111111111111111000000000000000000
000000000000000000000000000000000000000000000000000000000000000000000000000
000000000000000000000000000000000000000000000000000000000000000000000000000
000000000000000000000000000000000000000000000000000000000000000000000000000
000000000000000000000000000000000000000000000000000000000000000000000000000
000000000000000000000000000000000000000000000000000000000000000000000000000
000000000000000000000000000000000000000000000000000000000000000000000000000

== Output ==
000000000000000000000000000000000000000000000000000000000000000000000000000
000000000000000000000000000000000000000000000000000000000000000000000000000
000000000000000000000000000000000000000000000000000000000000000000000000000
000000000000000000000000000000000000000000000000000000000000000000000000000
000000000000000000000000000000000000000000000000000000000000000000000000000
000000000000000000000000000000000000000000000000000000000000000000000000000
000000000000000000000000000000000000000000000000000000000000000000000000000
000000000000000000000000000000000000000000000000000000000000000000000000000
000000000000000000000000000000000000000000000000000000000000000000000000000
000000000000000000000000000000000000000000000000000000000000000000000000000
000000000000000000000000000000000000000000000000000000000000000000000000000
000000000001111111111111111111111111111111111111111111111111111100000000000
000000000001111111111111111111111111111111111111111111111111111100000000000
000000000001111111111111111111111111100000000000000000000000001100000000000
000000000001111111111111111111111111100000000000000000000000001100000000000
000000000001111111111111111111111111100000000000000000000000001100000000000
000000000001111111111111111111111111100000000000000000000000001100000000000
000000000001111111111111111111111111100000000000000000000000001100000000000
000000000001111111111111111111111111100000000000000000000000001100000000000
000000000001111111111111111111111111100000000000000000000000001100000000000
000000000001111111111111111111111111100000000000000000000000001100000000000
000000000001111111111111111111111111100000000000000000000000001100000000000
000000000001111111111111111111111111100000000000000000000000001100000000000
000000000001111111111111111111111111100000000000000000000000001100000000000
000000000001111111111111111111111111100000000000000000000000001100000000000
000000000001111111111111111111111111100000000000000000000000001100000000000
000000000001111111111111111111111111100000000000000000000000001100000000000
000000000001111111111111111111111111100000000000000000000000001100000000000
000000000001111111111111111111111111100000000000000000000000001100000000000
000000000001111111111111111111111111100000000000000000000000001100000000000
000000000001111111111111111111111111100000000000000000000000001100000000000
000000000001111111111111111111111111100000000000000000000000001100000000000
000000000001111111111111111111111111100000000000000000000000001100000000000
000000000001111111111111111111111111100000000000000000000000001100000000000
000000000001111111111111111111111111100000000000000000000000001100000000000
000000000001111111111111111111111111100000000000000000000000001100000000000
000000000001111111111111111111111111100000000000000000000000001100000000000
000000000001111111111111111111111111100000000000000000000000001100000000000
000000000001111111111111111111111111100000000000000000000000001100000000000
000000000001111111111111111111111111100000000000000000000000001100000000000
000000000001111111111111111111111111100000000000000000000000001100000000000
000000000001111111111111111111111111100000000000000000000000001100000000000
000000000001111111111111111111111111100000000000000000000000001100000000000
000000000001111111111111111111111111100000000000000000000000001100000000000
000000000001111111111111111111111111100000000000000000000000001100000000000
000000000001111111111111111111111111100000000000000000000000001100000000000
000000000001111111111111111111111111100000000000000000000000001100000000000
000000000001111111111111111111111111100000000000000000000000001100000000000
000000000001111111111111111111111111100000000000000000000000001100000000000
000000000001111111111111111111111111100000000000000000000000001100000000000
000000000001111111111111111111111111100000000000000000000000001100000000000
000000000001111111111111111111111111100000000000000000000000001100000000000
000000000001111111111111111111111111100000000000000000000000001100000000000
000000000001111111111111111111111111100000000000000000000000001100000000000
000000000001111111111111111111111111100000000000000000000000001100000000000
000000000001111111111111111111111111100000000000000000000000001100000000000
000000000001111111111111111111111111100000000000000000000000001100000000000
000000000001111111111111111111111111100000000000000000000000001100000000000
000000000001111111111111111111111111100000000000000000000000001100000000000
000000000001111111111111111111111111100000000000000000000000001100000000000
000000000001111111111111111111111111100000000000000000000000001100000000000
000000000001111111111111111111111111100000000000000000000000001100000000000
000000000001111111111111111111111111111111111111111111111111111100000000000
000000000001111111111111111111111111111111111111111111111111111100000000000
000000000000000000000000000000000000000000000000000000000000000000000000000
000000000000000000000000000000000000000000000000000000000000000000000000000
000000000000000000000000000000000000000000000000000000000000000000000000000
000000000000000000000000000000000000000000000000000000000000000000000000000
000000000000000000000000000000000000000000000000000000000000000000000000000
000000000000000000000000000000000000000000000000000000000000000000000000000
000000000000000000000000000000000000000000000000000000000000000000000000000
000000000000000000000000000000000000000000000000000000000000000000000000000
000000000000000000000000000000000000000000000000000000000000000000000000000
000000000000000000000000000000000000000000000000000000000000000000000000000
000000000000000000000000000000000000000000000000000000000000000000000000000

000000000000000000000000000000000000000000000000000000000000000000000000000
000000000000000000000000000000000000000000000000000000000000000000000000000
000000000000000000000000000000000000000000000000000000000000000000000000000
000000000000000000000000000000000000000000000000000000000000000000000000000
000000000000000000000000000000000000000000000000000000000000000000000000000
000000000000000000000000000000000000000000000000000000000000000000000000000
000000000000000000000000000000000000010000000000000000000000000000000000000
000000000000000000000000000000111111111111111000000000000000000000000000000
000000000000000000000000000111111111111111111111000000000000000000000000000
000000000000000000000000111111111111100000000111111000000000000000000000000
000000000000000000000011111111111111100000000000111110000000000000000000000
000000000000000000000111111111111111100000000000001111000000000000000000000
000000000000000000011111111111111111100000000000000011110000000000000000000
000000000000000000111111111111111111100000000000000000111000000000000000000
000000000000000001111111111111111111100000000000000000011100000000000000000
000000000000000011111111111111111111100000000000000000001110000000000000000
000000000000000111111111111111111111100000000000000000000111000000000000000
000000000000001111111111111111111111100000000000000000000011100000000000000
000000000000011111111111111111111111100000000000000000000001110000000000000
000000000000111111111111111111111111100000000000000000000000111000000000000
000000000000111111111111111111111111100000000000000000000000011000000000000
000000000001111111111111111111111111100000000000000000000000001100000000000
000000000011111111111111111111111111100000000000000000000000001110000000000
000000000011111111111111111111111111100000000000000000000000000110000000000
000000000111111111111111111111111111100000000000000000000000000111000000000
000000000111111111111111111111111111100000000000000000000000000011000000000
000000000111111111111111111111111111100000000000000000000000000011000000000
000000001111111111111111111111111111100000000000000000000000000001100000000
000000001111111111111111111111111111100000000000000000000000000001100000000
000000001111111111111111111111111111100000000000000000000000000001100000000
000000011111111111111111111111111111100000000000000000000000000000110000000
000000011111111111111111111111111111100000000000000000000000000000110000000
000000011111111111111111111111111111100000000000000000000000000000110000000
000000011111111111111111111111111111100000000000000000000000000000110000000
000000011111111111111111111111111111100000000000000000000000000000110000000
000000011111111111111111111111111111100000000000000000000000000000110000000
000000011111111111111111111111111111100000000000000000000000000000110000000
000000111111111111111111111111111111100000000000000000000000000000111000000
000000011111111111111111111111111111100000000000000000000000000000110000000
000000011111111111111111111111111111100000000000000000000000000000110000000
000000011111111111111111111111111111100000000000000000000000000000110000000
000000011111111111111111111111111111100000000000000000000000000000110000000
000000011111111111111111111111111111100000000000000000000000000000110000000
000000011111111111111111111111111111100000000000000000000000000000110000000
000000011111111111111111111111111111100000000000000000000000000000110000000
000000001111111111111111111111111111100000000000000000000000000001100000000
000000001111111111111111111111111111100000000000000000000000000001100000000
000000001111111111111111111111111111100000000000000000000000000001100000000
000000000111111111111111111111111111100000000000000000000000000011000000000
000000000111111111111111111111111111100000000000000000000000000011000000000
000000000111111111111111111111111111100000000000000000000000000111000000000
000000000011111111111111111111111111100000000000000000000000000110000000000
000000000011111111111111111111111111100000000000000000000000001110000000000
000000000001111111111111111111111111100000000000000000000000001100000000000
000000000000111111111111111111111111100000000000000000000000011000000000000
000000000000111111111111111111111111100000000000000000000000111000000000000
000000000000011111111111111111111111100000000000000000000001110000000000000
000000000000001111111111111111111111100000000000000000000011100000000000000
000000000000000111111111111111111111100000000000000000000111000000000000000
000000000000000011111111111111111111100000000000000000001110000000000000000
000000000000000001111111111111111111100000000000000000011100000000000000000
000000000000000000111111111111111111100000000000000000111000000000000000000
000000000000000000011111111111111111100000000000000011110000000000000000000
000000000000000000000111111111111111100000000000001111000000000000000000000
000000000000000000000011111111111111100000000000111110000000000000000000000
000000000000000000000000111111111111100000000111111000000000000000000000000
000000000000000000000000000111111111111111111111000000000000000000000000000
000000000000000000000000000000111111111111111000000000000000000000000000000
000000000000000000000000000000000000010000000000000000000000000000000000000
000000000000000000000000000000000000000000000000000000000000000000000000000
000000000000000000000000000000000000000000000000000000000000000000000000000
000000000000000000000000000000000000000000000000000000000000000000000000000
000000000000000000000000000000000000000000000000000000000000000000000000000
000000000000000000000000000000000000000000000000000000000000000000000000000
000000000000000000000000000000000000000000000000000000000000000000000000000

000000000000000000000000000000000000000000000000000000000000000000000000000
000000000000000000000000000000000000000000000000000000000000000000000000000
000000000000000000000000000000000000000000000000000000000000000000000000000
000000000000000000000000000000000000000000000000000000000000000000000000000
000000000000000000000000000000000000000000000000000000000000000000000000000
000000000000000000000000000000000000000000000000000000000000000000000000000
000000000000000000000000000000000000000000000000000000000000000000000000000
000000000000000000000000000000000000000000000000000000000000000000000000000
000000000000000000000000000000000000000000000000000000000000000000000000000
000000000000000000000000000000000000000000000000000000000000000000000000000
000000000000000000000000000000000000000000000000000000000000000000000000000
000000000000000000000000000000000000000000000000000000000000000000000000000
000000000000000000000000000000000000000000000000000000000000000000000000000
000000000000000000000000000000000000000000000000000000000000000000000000000
000000000000000000000000000000000000000000000000000000000000000000000000000
000000000000000000000000000000000000000000000000000000000000000000000000000
000000000000000000000000000000000000000000000000000000000000000000000000000
000000000000000000000000000000000000000000000000000000000000000000000000000
000000000000000000000000000000000000000000000000000000000000000000000000000
000000000000000000000000000000000000000000000000000000000000000000000000000
000000000000000000000000000000000000010000000000000000000000000000000000000
000000000000000000000000000000000000111000000000000000000000000000000000000
000000000000000000000000000000000001101100000000000000000000000000000000000
000000000000000000000000000000000011100110000000000000000000000000000000000
000000000000000000000000000000000111100011000000000000000000000000000000000
000000000000000000000000000000001111100001100000000000000000000000000000000
000000000000000000000000000000011111100000110000000000000000000000000000000
000000000000000000000000000000111111100000011000000000000000000000000000000
000000000000000000000000000001111111100000001100000000000000000000000000000
000000000000000000000000000011111111100000000110000000000000000000000000000
000000000000000000000000000111111111100000000011000000000000000000000000000
000000000000000000000000001111111111100000000001100000000000000000000000000
000000000000000000000000011111111111100000000000110000000000000000000000000
000000000000000000000000111111111111100000000000011000000000000000000000000
000000000000000000000001111111111111100000000000001100000000000000000000000
000000000000000000000011111111111111100000000000000110000000000000000000000
000000000000000000000111111111111111100000000000000011000000000000000000000
000000000000000000001111111111111111100000000000000001100000000000000000000
000000000000000000011111111111111111100000000000000000110000000000000000000
000000000000000000111111111111111111100000000000000000011000000000000000000
000000000000000001111111111111111111100000000000000000001100000000000000000
000000000000000011111111111111111111100000000000000000000110000000000000000
000000000000000111111111111111111111100000000000000000000011000000000000000
000000000000001111111111111111111111100000000000000000000001100000000000000
000000000000011111111111111111111111100000000000000000000000110000000000000
000000000000111111111111111111111111100000000000000000000000011000000000000
000000000001111111111111111111111111100000000000000000000000001100000000000
000000000011111111111111111111111111100000000000000000000000000110000000000
000000000111111111111111111111111111100000000000000000000000000011000000000
000000001111111111111111111111111111100000000000000000000000000001100000000
000000011111111111111111111111111111100000000000000000000000000000110000000
000000111111111111111111111111111111100000000000000000000000000000011000000
000001111111111111111111111111111111111111111111111111111111111111111100000
000011111111111111111111111111111111111111111111111111111111111111111110000
000000000000000000000000000000000000000000000000000000000000000000000000000
000000000000000000000000000000000000000000000000000000000000000000000000000
000000000000000000000000000000000000000000000000000000000000000000000000000
000000000000000000000000000000000000000000000000000000000000000000000000000
000000000000000000000000000000000000000000000000000000000000000000000000000
000000000000000000000000000000000000000000000000000000000000000000000000000
000000000000000000000000000000000000000000000000000000000000000000000000000
000000000000000000000000000000000000000000000000000000000000000000000000000
000000000000000000000000000000000000000000000000000000000000000000000000000
000000000000000000000000000000000000000000000000000000000000000000000000000
000000000000000000000000000000000000000000000000000000000000000000000000000
000000000000000000000000000000000000000000000000000000000000000000000000000
000000000000000000000000000000000000000000000000000000000000000000000000000
000000000000000000000000000000000000000000000000000000000000000000000000000
000000000000000000000000000000000000000000000000000000000000000000000000000
000000000000000000000000000000000000000000000000000000000000000000000000000
000000000000000000000000000000000000000000000000000000000000000000000000000
000000000000000000000000000000000000000000000000000000000000000000000000000
000000000000000000000000000000000000000000000000000000000000000000000000000
000000000000000000000000000000000000000000000000000000000000000000000000000
000000000000000000000000000000000000000000000000000000000000000000000000000

000000000000000000000000000000000000000000000000000000000000000000000000000
000000000000000000000000000000000000000000000000000000000000000000000000000
000000000000000000000000000000000000000000000000000000000000000000000000000
000000000000000000000000000000000000000000000000000000000000000000000000000
000000000000000000000000000000000000000000000000000000000000000000000000000
000000000000000000000000000000000000000000000000000000000000000000000000000
000000000000000000111111111111111111111111111111111111111000000000000000000
000000000000000000111111111111111111111111111111111111111000000000000000000
000000000000000000111111111111111111100000000000000000011000000000000000000
000000000000000000111111111111111111100000000000000000011000000000000000000
000000000000000000111111111111111111100000000000000000011000000000000000000
000000000000000000111111111111111111100000000000000000011000000000000000000
000000000000000000111111111111111111100000000000000000011000000000000000000
000000000000000000111111111111111111100000000000000000011000000000000000000
000000000000000000111111111111111111100000000000000000011000000000000000000
000000000000000000111111111111111111100000000000000000011000000000000000000
000000000000000000111111111111111111100000000000000000011000000000000000000
000000000000000000111111111111111111100000000000000000011000000000000000000
000000000000000000111111111111111111100000000000000000011000000000000000000
000000000000000000111111111111111111100000000000000000011000000000000000000
000000000000000000111111111111111111100000000000000000011000000000000000000
000000000000000000111111111111111111100000000000000000011000000000000000000
000000000000000000111111111111111111100000000000000000011000000000000000000
000000000000000000111111111111111111100000000000000000011000000000000000000
000000000000000000111111111111111111100000000000000000011000000000000000000
000000000000000000111111111111111111100000000000000000011000000000000000000
000000000000000000111111111111111111100000000000000000011000000000000000000
000000000000000000111111111111111111100000000000000000011000000000000000000
000000000000000000111111111111111111100000000000000000011000000000000000000
000000000000000000111111111111111111100000000000000000011000000000000000000
000000000000000000111111111111111111100000000000000000011000000000000000000
000000000000000000111111111111111111100000000000000000011000000000000000000
000000000000000000111111111111111111100000000000000000011000000000000000000
000000000000000000111111111111111111100000000000000000011000000000000000000
000000000000000000111111111111111111100000000000000000011000000000000000000
000000000000000000111111111111111111100000000000000000011000000000000000000
000000000000000000111111111111111111100000000000000000011000000000000000000
000000000000000000111111111111111111100000000000000000011000000000000000000
000000000000000000111111111111111111100000000000000000011000000000000000000
000000000000000000111111111111111111100000000000000000011000000000000000000
000000000000000000111111111111111111100000000000000000011000000000000000000
000000000000000000111111111111111111100000000000000000011000000000000000000
000000000000000000111111111111111111100000000000000000011000000000000000000
000000000000000000111111111111111111100000000000000000011000000000000000000
000000000000000000111111111111111111100000000000000000011000000000000000000
000000000000000000111111111111111111100000000000000000011000000000000000000
000000000000000000111111111111111111100000000000000000011000000000000000000
000000000000000000111111111111111111100000000000000000011000000000000000000
000000000000000000111111111111111111100000000000000000011000000000000000000
000000000000000000111111111111111111100000000000000000011000000000000000000
000000000000000000111111111111111111100000000000000000011000000000000000000
000000000000000000111111111111111111100000000000000000011000000000000000000
000000000000000000111111111111111111100000000000000000011000000000000000000
000000000000000000111111111111111111100000000000000000011000000000000000000
000000000000000000111111111111111111100000000000000000011000000000000000000
000000000000000000111111111111111111100000000000000000011000000000000000000
000000000000000000111111111111111111100000000000000000011000000000000000000
000000000000000000111111111111111111100000000000000000011000000000000000000
000000000000000000111111111111111111100000000000000000011000000000000000000
000000000000000000111111111111111111100000000000000000011000000000000000000
000000000000000000111111111111111111100000000000000000011000000000000000000
000000000000000000111111111111111111100000000000000000011000000000000000000
000000000000000000111111111111111111100000000000000000011000000000000000000
000000000000000000111111111111111111100000000000000000011000000000000000000
000000000000000000111111111111111111100000000000000000011000000000000000000
000000000000000000111111111111111111100000000000000000011000000000000000000
000000000000000000111111111111111111100000000000000000011000000000000000000
000000000000000000111111111111111111111111111111111111111000000000000000000
000000000000000000111111111111111111111111111111111111111000000000000000000
000000000000000000000000000000000000000000000000000000000000000000000000000
000000000000000000000000000000000000000000000000000000000000000000000000000
000000000000000000000000000000000000000000000000000000000000000000000000000
000000000000000000000000000000000000000000000000000000000000000000000000000
000000000000000000000000000000000000000000000000000000000000000000000000000
000000000000000000000000000000000000000000000000000000000000000000000000000

000000000000000000000000000000000000000000000000000000000000000000000000000
000000000000000000000000000000000000000000000000000000000000000000000000000
000000000000000000000000000000000000000000000000000000000000000000000000000
000000000000000000000000000000000000000000000000000000000000000000000000000
000000000000000000000000000000000000000000000000000000000000000000000000000
000000000000000000000000000000000000000000000000000000000000000000000000000
000000000000000000000000000000000000000000000000000000000000000000000000000
000000000000000000000000000000000000000000000000000000000000000000000000000
000000000000000000000000000000000000000000000000000000000000000000000000000
000000000000000000000000000000000000000000000000000000000000000000000000000
000000000000000000000000000000000000000000000000000000000000000000000000000
000000000000000000000000000000000000000000000000000000000000000000000000000
000000000000000000000000000000000000000000000000000000000000000000000000000
000000000000000000000000000000000000000000000000000000000000000000000000000
000000000000000000000000000000000000000000000000000000000000000000000000000
000000000000000000000000000000000000000000000000000000000000000000000000000
000000000000000000000000000000000000000000000000000000000000000000000000000
000000000000000000000000000000000000000000000000000000000000000000000000000
000000000000000000000000000000000000000000000000000000000000000000000000000
000000000000000000000000000000000000000000000000000000000000000000000000000
000000000000000000000000000000000000000000000000000000000000000000000000000
000011111111111111111111111111111111111111111111111111111111111111111110000
000001111111111111111111111111111111111111111111111111111111111111111100000
000000111111111111111111111111111111100000000000000000000000000000011000000
000000011111111111111111111111111111100000000000000000000000000000110000000
000000001111111111111111111111111111100000000000000000000000000001100000000
000000000111111111111111111111111111100000000000000000000000000011000000000
000000000011111111111111111111111111100000000000000000000000000110000000000
000000000001111111111111111111111111100000000000000000000000001100000000000
000000000000111111111111111111111111100000000000000000000000011000000000000
000000000000011111111111111111111111100000000000000000000000110000000000000
000000000000001111111111111111111111100000000000000000000001100000000000000
000000000000000111111111111111111111100000000000000000000011000000000000000
000000000000000011111111111111111111100000000000000000000110000000000000000
000000000000000001111111111111111111100000000000000000001100000000000000000
000000000000000000111111111111111111100000000000000000011000000000000000000
000000000000000000011111111111111111100000000000000000110000000000000000000
000000000000000000001111111111111111100000000000000001100000000000000000000
000000000000000000000111111111111111100000000000000011000000000000000000000
000000000000000000000011111111111111100000000000000110000000000000000000000
000000000000000000000001111111111111100000000000001100000000000000000000000
000000000000000000000000111111111111100000000000011000000000000000000000000
000000000000000000000000011111111111100000000000110000000000000000000000000
000000000000000000000000001111111111100000000001100000000000000000000000000
000000000000000000000000000111111111100000000011000000000000000000000000000
000000000000000000000000000011111111100000000110000000000000000000000000000
000000000000000000000000000001111111100000001100000000000000000000000000000
000000000000000000000000000000111111100000011000000000000000000000000000000
000000000000000000000000000000011111100000110000000000000000000000000000000
000000000000000000000000000000001111100001100000000000000000000000000000000
000000000000000000000000000000000111100011000000000000000000000000000000000
000000000000000000000000000000000011100110000000000000000000000000000000000
000000000000000000000000000000000001101100000000000000000000000000000000000
000000000000000000000000000000000000111000000000000000000000000000000000000
000000000000000000000000000000000000010000000000000000000000000000000000000
000000000000000000000000000000000000000000000000000000000000000000000000000
000000000000000000000000000000000000000000000000000000000000000000000000000
000000000000000000000000000000000000000000000000000000000000000000000000000
000000000000000000000000000000000000000000000000000000000000000000000000000
000000000000000000000000000000000000000000000000000000000000000000000000000
000000000000000000000000000000000000000000000000000000000000000000000000000
000000000000000000000000000000000000000000000000000000000000000000000000000
000000000000000000000000000000000000000000000000000000000000000000000000000
000000000000000000000000000000000000000000000000000000000000000000000000000
000000000000000000000000000000000000000000000000000000000000000000000000000
000000000000000000000000000000000000000000000000000000000000000000000000000
000000000000000000000000000000000000000000000000000000000000000000000000000
000000000000000000000000000000000000000000000000000000000000000000000000000
000000000000000000000000000000000000000000000000000000000000000000000000000
000000000000000000000000000000000000000000000000000000000000000000000000000
000000000000000000000000000000000000000000000000000000000000000000000000000
000000000000000000000000000000000000000000000000000000000000000000000000000
000000000000000000000000000000000000000000000000000000000000000000000000000
000000000000000000000000000000000000000000000000000000000000000000000000000
000000000000000000000000000000000000000000000000000000000000000000000000000

000000000000000000000000000000000000000000000000000000000000000000000000000
000000000000000000000000000000000000000000000000000000000000000000000000000
000000000000000000000000000000000000000000000000000000000000000000000000000
000000000000000000000000000000000000000000000000000000000000000000000000000
000000000000000000000000000000000000000000000000000000000000000000000000000
000000000000000000000000000000000000000000000000000000000000000000000000000
000000000000000000000000000000000000000000000000000000000000000000000000000
000000000000000000000000000000000000000000000000000000000000000000000000000
000000000000000000000000000000000000000000000000000000000000000000000000000
000000000000000000000000000000000000000000000000000000000000000000000000000
000000000000000000000000000000000000000000000000000000000000000000000000000
000000000000000000000000000000000000000000000000000000000000000000000000000
000000000000000000000000000000000000000000000000000000000000000000000000000
000000000000000000000000000000000000000000000000000000000000000000000000000
000000000000000000000000000000000000000000000000000000000000000000000000000
000000000000000000000000000000000000000000000000000000000000000000000000000
000000000000000000000000000000000000000000000000000000000000000000000000000
000000000000000000000000000000000000000000000000000000000000000000000000000
000000111111111111111111111111111111111111111111111111111111111111111000000
000000111111111111111111111111111111111111111111111111111111111111111000000
000000111111111111111111111111111111100000000000000000000000000000011000000
000000111111111111111111111111111111100000000000000000000000000000011000000
000000111111111111111111111111111111100000000000000000000000000000011000000
000000111111111111111111111111111111100000000000000000000000000000011000000
000000111111111111111111111111111111100000000000000000000000000000011000000
000000111111111111111111111111111111100000000000000000000000000000011000000
000000111111111111111111111111111111100000000000000000000000000000011000000
000000111111111111111111111111111111100000000000000000000000000000011000000
000000111111111111111111111111111111100000000000000000000000000000011000000
000000111111111111111111111111111111100000000000000000000000000000011000000
000000111111111111111111111111111111100000000000000000000000000000011000000
000000111111111111111111111111111111100000000000000000000000000000011000000
000000111111111111111111111111111111100000000000000000000000000000011000000
000000111111111111111111111111111111100000000000000000000000000000011000000
000000111111111111111111111111111111100000000000000000000000000000011000000
000000111111111111111111111111111111100000000000000000000000000000011000000
000000111111111111111111111111111111100000000000000000000000000000011000000
000000111111111111111111111111111111100000000000000000000000000000011000000
000000111111111111111111111111111111100000000000000000000000000000011000000
000000111111111111111111111111111111100000000000000000000000000000011000000
000000111111111111111111111111111111100000000000000000000000000000011000000
000000111111111111111111111111111111100000000000000000000000000000011000000
000000111111111111111111111111111111100000000000000000000000000000011000000
000000111111111111111111111111111111100000000000000000000000000000011000000
000000111111111111111111111111111111100000000000000000000000000000011000000
000000111111111111111111111111111111100000000000000000000000000000011000000
000000111111111111111111111111111111100000000000000000000000000000011000000
000000111111111111111111111111111111100000000000000000000000000000011000000
000000111111111111111111111111111111100000000000000000000000000000011000000
000000111111111111111111111111111111100000000000000000000000000000011000000
000000111111111111111111111111111111100000000000000000000000000000011000000
000000111111111111111111111111111111100000000000000000000000000000011000000
000000111111111111111111111111111111100000000000000000000000000000011000000
000000111111111111111111111111111111100000000000000000000000000000011000000
000000111111111111111111111111111111100000000000000000000000000000011000000
000000111111111111111111111111111111111111111111111111111111111111111000000
000000111111111111111111111111111111111111111111111111111111111111111000000
000000000000000000000000000000000000000000000000000000000000000000000000000
000000000000000000000000000000000000000000000000000000000000000000000000000
000000000000000000000000000000000000000000000000000000000000000000000000000
000000000000000000000000000000000000000000000000000000000000000000000000000
000000000000000000000000000000000000000000000000000000000000000000000000000
000000000000000000000000000000000000000000000000000000000000000000000000000
000000000000000000000000000000000000000000000000000000000000000000000000000
000000000000000000000000000000000000000000000000000000000000000000000000000
000000000000000000000000000000000000000000000000000000000000000000000000000
000000000000000000000000000000000000000000000000000000000000000000000000000
000000000000000000000000000000000000000000000000000000000000000000000000000
000000000000000000000000000000000000000000000000000000000000000000000000000
000000000000000000000000000000000000000000000000000000000000000000000000000
000000000000000000000000000000000000000000000000000000000000000000000000000
000000000000000000000000000000000000000000000000000000000000000000000000000
000000000000000000000000000000000000000000000000000000000000000000000000000
000000000000000000000000000000000000000000000000000000000000000000000000000
000000000000000000000000000000000000000000000000000000000000000000000000000

== SDRs ==
01000000010001000010000100010100
10000000000001000001000000001010
00000000000000010010001000001000
00000000011100000010100001000001
00001100000100100010100100000100
00000001001000000110000000001010
00000000000001000000000000101010
00110001010000000001100100010001
00100100010000011000101011000000
01001010000000000110000000000010
00010000010010101010010001010010
10000001000100000000001010011100
00010001000101001000100100000001
01000000100000011010110000001111
10100000000010010000001000011000
00000000000000000000000001001000
00101110000000001100100001000100
01000000110000010000100000000011
10000000100010011000100100101000
10000100000100000000100010010100
10000000000100000001100000110000
00100100000000101000100000001010
10010000000000000001010000010011
00001000000010010000001000000000
00000000000111101001001000000000
00000000100010000000000101100000
01000000100000010000000010010000
01000001000000010001000100000000
00000111000000000110000000000001
00000111000010000010100000010001
00000000010100000000100000100000
11000000011000100000000000000000

01000000010001000010000100010100
10000000000001000001000000001010
00000000000000010010001000001000
00000000011100000010100001000001
00001100000100100010100100000100
00000001001000000110000000001010
00000000000001000000000000101010
00110001010000000001100100010001
00100100010000011000101011000000
01001010000000000110000000000010
00010000010010101010010001010010
10000001000100000000001010011100
00010001000101001000100100000001
01000000100000011010110000001111
10100000000010010000001000011000
00000000000000000000000001001000
00101110000000001100100001000100
01000000110000010000100000000011
10000000100010011000100100101000
10000100000100000000100010010100
10000000000100000001100000110000
00100100000000101000100000001010
10010000000000000001010000010011
00001000000010010000001000000000
00000000000111101001001000000000
00000000100010000000000101100000
01000000100000010000000010010000
01000001000000010001000100000000
00000111000000000110000000000001
00000111000010000010100000010001
00000000010100000000100000100000
11000000011000100000000000000000

01000000010001000010000100010100
10000000000001000001000000001010
00000000000000010010001000001000
00000000011100000010100001000001
00001100000100100010100100000100
00000001001000000110000000001010
00000000000001000000000000101010
00110001010000000001100100010001
00100100010000011000101011000000
01001010000000000110000000000010
00010000010010101010010001010010
10000001000100000000001010011100
00010001000101001000100100000001
01000000100000011010110000001111
10100000000010010000001000011000
00000000000000000000000001001000
00101110000000001100100001000100
01000000110000010000100000000011
10000000100010011000100100101000
10000100000100000000100010010100
10000000000100000001100000110000
00100100000000101000100000001010
10010000000000000001010000010011
00001000000010010000001000000000
00000000000111101001001000000000
00000000100010000000000101100000
01000000100000010000000010010000
01000001000000010001000100000000
00000111000000000110000000000001
00000111000010000010100000010001
00000000010100000000100000100000
11000000011000100000000000000000

01000000010000000000100010010111
00000000000000000100000000001000
00000000000010100000101010000000
00000101100100000000010010100000
10000110000000110110000000000100
10010010000000001010000000110000
00100000000101000000010000001000
10000010001000001001000100000001
11000001000001000000100011000001
01000010000010000100010000000001
00000001000010001110000000100010
01010001000000000010010111010001
00000001000011000110011001100000
00000000000000000001000100001101
00000000000001000001000000010111
00001000101000000000011000001001
00000100101111000110100000000001
11000000011000000100000000000011
00010000110001010000000100000000
01000100010000010011001010000100
00100000000100000001100000000010
01100100000000100000001000000000
00010000000100101000000000001010
00000100100100000100001000011110
00011100100110001000000000100001
00000000100010010100000100000100
01000100000000000000010010100010
00000000000000110000010000100010
00000010000000010000010001000000
00000110001000000010000100010010
10000000010000000010000001001100
11010000010000000000100100000111

01000001010000001000000100010100
00000000000001000010111000001000
11000110000000011010100010100000
00000001000000010000100110000000
10000010010110100010010000001001
00000001010000000110000000010001
00100000000001000001010000001000
00000000010000000000100010000001
10100000010000010000110010100000
01001010000010000110000001000010
00000000000100001110010101000000
10000001100000000000001110010000
01010001000110000000000001100010
00000000100000011000111000000100
00100000000001000000010010100000
00000100000000000000001001001001
00001001011100101111100000000101
11000000011000000000000001000011
10010000000000010001110111100100
11000100000000000111011110010000
00000000010000000011100000001100
00000000100000101010000001000011
00000000000000000000000000000011
00000100000100010010001000010100
00010011100100000001010000100001
00010000101111010010000100000000
00000100000001000000000000101000
11000000100000000101000101010100
10000000110010010100110000000001
00000010000000000000101000000000
00000001010000000010000101110100
00000000001010000000000000000100

00001000010000000100000000010001
00010001110000000010001000000000
10100010010000000100000000101000
00101100101000010000101100100100
01011110000000100000001000010001
00101000010000000000001001001010
00000000000101101000110000100100
00110001000101000001000001011100
00000000100001001100111000000000
00000001000000000100001000000001
00100010000010011110000010110010
10010000000100000010000000001000
00000001100100000100001000000001
00000000000000010011100000000100
01101000000011010000000000000110
00000000101010000011010010000001
00000000101000100111000111000100
00000000001010010000000000010000
10100100000000011010010010100100
11000000001000010111100010010000
10100010000000000001000001000000
00100100000100100000011000000001
00001000000010100000001000010000
00110001010000000010000000100100
00001000100100000000011100000000
00100000000000100101000010000001
01000010000010010000010010100000
00001000101000000000000011000000
00000001000000000000110010000001
10000001000001000010001001000000
00101000000000100000001011011000
10100000000010100001000000000010

01000000010001000010000100010100
10000000000001000001000000001010
00000000000000010010001000001000
00000000011100000010100001000001
00001100000100100010100100000100
00000001001000000110000000001010
00000000000001000000000000101010
00110001010000000001100100010001
00100100010000011000101011000000
01001010000000000110000000000010
00010000010010101010010001010010
10000001000100000000001010011100
00010001000101001000100100000001
01000000100000011010110000001111
10100000000010010000001000011000
00000000000000000000000001001000
00101110000000001100100001000100
01000000110000010000100000000011
10000000100010011000100100101000
10000100000100000000100010010100
10000000000100000001100000110000
00100100000000101000100000001010
10010000000000000001010000010011
00001000000010010000001000000000
00000000000111101001001000000000
00000000100010000000000101100000
01000000100000010000000010010000
01000001000000010001000100000000
00000111000000000110000000000001
00000111000010000010100000010001
00000000010100000000100000100000
11000000011000100000000000000000

00000000011000000000100001100000
00000001011000010111100000010001
10000000110001000000001100100001
00000100110000000000100000100000
11001110010001010011110000010000
10000111010101001010100000001000
00000001010101011000100000101110
00000000001010001100101110000001
10100000100100000100101000000000
01000000101010000000000000000000
00110000100100010110111101100100
01000011000000010000001000001000
00010001100000000000010100111100
01000000010000001010000000010111
11000000000001000010010000011100
00110000010010000000100000011010
10010000001010100110010101000000
00100100010011010110100000000011
10000000111011010010010100100100
01000000000000000110000001000110
00010110000000010000100010100001
01010010100000001000010000001001
01000000001000100000110010110010
01000001101010110000000000101000
00000001100000000100011001100010
01001100001010101100000011010001
00000001100010000000000000000010
10000100100000100001001000000100
11100110000000100101010000100000
10001000000000000010101000101000
01000000010100100100100011000100
00111000100100000000110100110110

01001000010000000001000100010000
00010000000000010110000000000000
10100000010000010001000000000000
00001100100001101001001110110100
00010010010011100010000010000000
00000001000100000000100001011010
00100000001101000000110000001000
00000100110010000000101000011000
10100000010001000100110000000000
01001111100000000011010001000000
10000000000000001111010000000000
10001001000000000000000100011000
00010011110000000000000100101000
01000000000000000001100110010100
00100000000001100000000011010101
00100101110000000000010010000000
00011001011101100111000000000101
01001000010011000110000000010001
00000010010001001010011110000110
01000100001000000110001110010010
00000010001000010010000000001100
01100000000000100000000001001001
00001000100000010011000000001111
11000000000100101000011100110100
00000100000010001010100100000000
11000010101000111010100100000001
01001011000000000000000000101010
00000000000000100100000000000100
00100000010000110100010001000011
10001010001000000000001100001000
00000010000010101110000101001100
00000010101000000000000000001100

