== Attributes ==
title=1_const_circle
type= 2x2
result=2
window_size=(75, 75)

== Input ==
000000000000000000000000000000000000000000000000000000000000000000000000000
000000000000000000000000000000000000000000000000000000000000000000000000000
000000000000000000000000000000000000000000000000000000000000000000000000000
000000000000000000000000000000000000000000000000000000000000000000000000000
000000000000000000000000000000000000000000000000000000000000000000000000000
000000000000000000000000000000000000000000000000000000000000000000000000000
000000000000000000000000000000000000010000000000000000000000000000000000000
000000000000000000000000000000111111111111111000000000000000000000000000000
000000000000000000000000000111111111111111111111000000000000000000000000000
000000000000000000000000111111000000000000000111111000000000000000000000000
000000000000000000000011111000000000000000000000111110000000000000000000000
000000000000000000000111100000000000000000000000001111000000000000000000000
000000000000000000011110000000000000000000000000000011110000000000000000000
000000000000000000111000000000000000000000000000000000111000000000000000000
000000000000000001110000000000000000000000000000000000011100000000000000000
000000000000000011100000000000000000000000000000000000001110000000000000000
000000000000000111000000000000000000000000000000000000000111000000000000000
000000000000001110000000000000000000000000000000000000000011100000000000000
000000000000011100000000000000000000000000000000000000000001110000000000000
000000000000111000000000000000000000000000000000000000000000111000000000000
000000000000110000000000000000000000000000000000000000000000011000000000000
000000000001100000000000000000000000000000000000000000000000001100000000000
000000000011100000000000000000000000000000000000000000000000001110000000000
000000000011000000000000000000000000000000000000000000000000000110000000000
000000000111000000000000000000000000000000000000000000000000000111000000000
000000000110000000000000000000000000000000000000000000000000000011000000000
000000000110000000000000000000000000000000000000000000000000000011000000000
000000001100000000000000000000000000000000000000000000000000000001100000000
000000001100000000000000000000000000000000000000000000000000000001100000000
000000001100000000000000000000000000000000000000000000000000000001100000000
000000011000000000000000000000000000000000000000000000000000000000110000000
000000011000000000000000000000000000000000000000000000000000000000110000000
000000011000000000000000000000000000000000000000000000000000000000110000000
000000011000000000000000000000000000000000000000000000000000000000110000000
000000011000000000000000000000000000000000000000000000000000000000110000000
000000011000000000000000000000000000000000000000000000000000000000110000000
000000011000000000000000000000000000000000000000000000000000000000110000000
000000111000000000000000000000000000000000000000000000000000000000111000000
000000011000000000000000000000000000000000000000000000000000000000110000000
000000011000000000000000000000000000000000000000000000000000000000110000000
000000011000000000000000000000000000000000000000000000000000000000110000000
000000011000000000000000000000000000000000000000000000000000000000110000000
000000011000000000000000000000000000000000000000000000000000000000110000000
000000011000000000000000000000000000000000000000000000000000000000110000000
000000011000000000000000000000000000000000000000000000000000000000110000000
000000001100000000000000000000000000000000000000000000000000000001100000000
000000001100000000000000000000000000000000000000000000000000000001100000000
000000001100000000000000000000000000000000000000000000000000000001100000000
000000000110000000000000000000000000000000000000000000000000000011000000000
000000000110000000000000000000000000000000000000000000000000000011000000000
000000000111000000000000000000000000000000000000000000000000000111000000000
000000000011000000000000000000000000000000000000000000000000000110000000000
000000000011100000000000000000000000000000000000000000000000001110000000000
000000000001100000000000000000000000000000000000000000000000001100000000000
000000000000110000000000000000000000000000000000000000000000011000000000000
000000000000111000000000000000000000000000000000000000000000111000000000000
000000000000011100000000000000000000000000000000000000000001110000000000000
000000000000001110000000000000000000000000000000000000000011100000000000000
000000000000000111000000000000000000000000000000000000000111000000000000000
000000000000000011100000000000000000000000000000000000001110000000000000000
000000000000000001110000000000000000000000000000000000011100000000000000000
000000000000000000111000000000000000000000000000000000111000000000000000000
000000000000000000011110000000000000000000000000000011110000000000000000000
000000000000000000000111100000000000000000000000001111000000000000000000000
000000000000000000000011111000000000000000000000111110000000000000000000000
000000000000000000000000111111000000000000000111111000000000000000000000000
000000000000000000000000000111111111111111111111000000000000000000000000000
000000000000000000000000000000111111111111111000000000000000000000000000000
000000000000000000000000000000000000010000000000000000000000000000000000000
000000000000000000000000000000000000000000000000000000000000000000000000000
000000000000000000000000000000000000000000000000000000000000000000000000000
000000000000000000000000000000000000000000000000000000000000000000000000000
000000000000000000000000000000000000000000000000000000000000000000000000000
000000000000000000000000000000000000000000000000000000000000000000000000000
000000000000000000000000000000000000000000000000000000000000000000000000000

000000000000000000000000000000000000000000000000000000000000000000000000000
000000000000000000000000000000000000000000000000000000000000000000000000000
000000000000000000000000000000000000000000000000000000000000000000000000000
000000000000000000000000000000000000000000000000000000000000000000000000000
000000000000000000000000000000000000000000000000000000000000000000000000000
000000000000000000000000000000000000000000000000000000000000000000000000000
000000000000000000000000000000000000010000000000000000000000000000000000000
000000000000000000000000000000111111111111111000000000000000000000000000000
000000000000000000000000000111111111111111111111000000000000000000000000000
000000000000000000000000111111000000000000000111111000000000000000000000000
000000000000000000000011111000000000000000000000111110000000000000000000000
000000000000000000000111100000000000000000000000001111000000000000000000000
000000000000000000011110000000000000000000000000000011110000000000000000000
000000000000000000111000000000000000000000000000000000111000000000000000000
000000000000000001110000000000000000000000000000000000011100000000000000000
000000000000000011100000000000000000000000000000000000001110000000000000000
000000000000000111000000000000000000000000000000000000000111000000000000000
000000000000001110000000000000000000000000000000000000000011100000000000000
000000000000011100000000000000000000000000000000000000000001110000000000000
000000000000111000000000000000000000000000000000000000000000111000000000000
000000000000110000000000000000000000000000000000000000000000011000000000000
000000000001100000000000000000000000000000000000000000000000001100000000000
000000000011100000000000000000000000000000000000000000000000001110000000000
000000000011000000000000000000000000000000000000000000000000000110000000000
000000000111000000000000000000000000000000000000000000000000000111000000000
000000000110000000000000000000000000000000000000000000000000000011000000000
000000000110000000000000000000000000000000000000000000000000000011000000000
000000001100000000000000000000000000000000000000000000000000000001100000000
000000001100000000000000000000000000000000000000000000000000000001100000000
000000001100000000000000000000000000000000000000000000000000000001100000000
000000011000000000000000000000000000000000000000000000000000000000110000000
000000011000000000000000000000000000000000000000000000000000000000110000000
000000011000000000000000000000000000000000000000000000000000000000110000000
000000011000000000000000000000000000000000000000000000000000000000110000000
000000011000000000000000000000000000000000000000000000000000000000110000000
000000011000000000000000000000000000000000000000000000000000000000110000000
000000011000000000000000000000000000000000000000000000000000000000110000000
000000111000000000000000000000000000000000000000000000000000000000111000000
000000011000000000000000000000000000000000000000000000000000000000110000000
000000011000000000000000000000000000000000000000000000000000000000110000000
000000011000000000000000000000000000000000000000000000000000000000110000000
000000011000000000000000000000000000000000000000000000000000000000110000000
000000011000000000000000000000000000000000000000000000000000000000110000000
000000011000000000000000000000000000000000000000000000000000000000110000000
000000011000000000000000000000000000000000000000000000000000000000110000000
000000001100000000000000000000000000000000000000000000000000000001100000000
000000001100000000000000000000000000000000000000000000000000000001100000000
000000001100000000000000000000000000000000000000000000000000000001100000000
000000000110000000000000000000000000000000000000000000000000000011000000000
000000000110000000000000000000000000000000000000000000000000000011000000000
000000000111000000000000000000000000000000000000000000000000000111000000000
000000000011000000000000000000000000000000000000000000000000000110000000000
000000000011100000000000000000000000000000000000000000000000001110000000000
000000000001100000000000000000000000000000000000000000000000001100000000000
000000000000110000000000000000000000000000000000000000000000011000000000000
000000000000111000000000000000000000000000000000000000000000111000000000000
000000000000011100000000000000000000000000000000000000000001110000000000000
000000000000001110000000000000000000000000000000000000000011100000000000000
000000000000000111000000000000000000000000000000000000000111000000000000000
000000000000000011100000000000000000000000000000000000001110000000000000000
000000000000000001110000000000000000000000000000000000011100000000000000000
000000000000000000111000000000000000000000000000000000111000000000000000000
000000000000000000011110000000000000000000000000000011110000000000000000000
000000000000000000000111100000000000000000000000001111000000000000000000000
000000000000000000000011111000000000000000000000111110000000000000000000000
000000000000000000000000111111000000000000000111111000000000000000000000000
000000000000000000000000000111111111111111111111000000000000000000000000000
000000000000000000000000000000111111111111111000000000000000000000000000000
000000000000000000000000000000000000010000000000000000000000000000000000000
000000000000000000000000000000000000000000000000000000000000000000000000000
000000000000000000000000000000000000000000000000000000000000000000000000000
000000000000000000000000000000000000000000000000000000000000000000000000000
000000000000000000000000000000000000000000000000000000000000000000000000000
000000000000000000000000000000000000000000000000000000000000000000000000000
000000000000000000000000000000000000000000000000000000000000000000000000000

000000000000000000000000000000000000000000000000000000000000000000000000000
000000000000000000000000000000000000000000000000000000000000000000000000000
000000000000000000000000000000000000000000000000000000000000000000000000000
000000000000000000000000000000000000000000000000000000000000000000000000000
000000000000000000000000000000000000000000000000000000000000000000000000000
000000000000000000000000000000000000000000000000000000000000000000000000000
000000000000000000000000000000000000010000000000000000000000000000000000000
000000000000000000000000000000111111111111111000000000000000000000000000000
000000000000000000000000000111111111111111111111000000000000000000000000000
000000000000000000000000111111000000000000000111111000000000000000000000000
000000000000000000000011111000000000000000000000111110000000000000000000000
000000000000000000000111100000000000000000000000001111000000000000000000000
000000000000000000011110000000000000000000000000000011110000000000000000000
000000000000000000111000000000000000000000000000000000111000000000000000000
000000000000000001110000000000000000000000000000000000011100000000000000000
000000000000000011100000000000000000000000000000000000001110000000000000000
000000000000000111000000000000000000000000000000000000000111000000000000000
000000000000001110000000000000000000000000000000000000000011100000000000000
000000000000011100000000000000000000000000000000000000000001110000000000000
000000000000111000000000000000000000000000000000000000000000111000000000000
000000000000110000000000000000000000000000000000000000000000011000000000000
000000000001100000000000000000000000000000000000000000000000001100000000000
000000000011100000000000000000000000000000000000000000000000001110000000000
000000000011000000000000000000000000000000000000000000000000000110000000000
000000000111000000000000000000000000000000000000000000000000000111000000000
000000000110000000000000000000000000000000000000000000000000000011000000000
000000000110000000000000000000000000000000000000000000000000000011000000000
000000001100000000000000000000000000000000000000000000000000000001100000000
000000001100000000000000000000000000000000000000000000000000000001100000000
000000001100000000000000000000000000000000000000000000000000000001100000000
000000011000000000000000000000000000000000000000000000000000000000110000000
000000011000000000000000000000000000000000000000000000000000000000110000000
000000011000000000000000000000000000000000000000000000000000000000110000000
000000011000000000000000000000000000000000000000000000000000000000110000000
000000011000000000000000000000000000000000000000000000000000000000110000000
000000011000000000000000000000000000000000000000000000000000000000110000000
000000011000000000000000000000000000000000000000000000000000000000110000000
000000111000000000000000000000000000000000000000000000000000000000111000000
000000011000000000000000000000000000000000000000000000000000000000110000000
000000011000000000000000000000000000000000000000000000000000000000110000000
000000011000000000000000000000000000000000000000000000000000000000110000000
000000011000000000000000000000000000000000000000000000000000000000110000000
000000011000000000000000000000000000000000000000000000000000000000110000000
000000011000000000000000000000000000000000000000000000000000000000110000000
000000011000000000000000000000000000000000000000000000000000000000110000000
000000001100000000000000000000000000000000000000000000000000000001100000000
000000001100000000000000000000000000000000000000000000000000000001100000000
000000001100000000000000000000000000000000000000000000000000000001100000000
000000000110000000000000000000000000000000000000000000000000000011000000000
000000000110000000000000000000000000000000000000000000000000000011000000000
000000000111000000000000000000000000000000000000000000000000000111000000000
000000000011000000000000000000000000000000000000000000000000000110000000000
000000000011100000000000000000000000000000000000000000000000001110000000000
000000000001100000000000000000000000000000000000000000000000001100000000000
000000000000110000000000000000000000000000000000000000000000011000000000000
000000000000111000000000000000000000000000000000000000000000111000000000000
000000000000011100000000000000000000000000000000000000000001110000000000000
000000000000001110000000000000000000000000000000000000000011100000000000000
000000000000000111000000000000000000000000000000000000000111000000000000000
000000000000000011100000000000000000000000000000000000001110000000000000000
000000000000000001110000000000000000000000000000000000011100000000000000000
000000000000000000111000000000000000000000000000000000111000000000000000000
000000000000000000011110000000000000000000000000000011110000000000000000000
000000000000000000000111100000000000000000000000001111000000000000000000000
000000000000000000000011111000000000000000000000111110000000000000000000000
000000000000000000000000111111000000000000000111111000000000000000000000000
000000000000000000000000000111111111111111111111000000000000000000000000000
000000000000000000000000000000111111111111111000000000000000000000000000000
000000000000000000000000000000000000010000000000000000000000000000000000000
000000000000000000000000000000000000000000000000000000000000000000000000000
000000000000000000000000000000000000000000000000000000000000000000000000000
000000000000000000000000000000000000000000000000000000000000000000000000000
000000000000000000000000000000000000000000000000000000000000000000000000000
000000000000000000000000000000000000000000000000000000000000000000000000000
000000000000000000000000000000000000000000000000000000000000000000000000000

== Output ==
000000000000000000000000000000000000000000000000000000000000000000000000000
000000000000000000000000000000000000000000000000000000000000000000000000000
000000000000000000000000000000000000000000000000000000000000000000000000000
000000000000000000000000000000000000000000000000000000000000000000000000000
000000000000000000000000000000000000000000000000000000000000000000000000000
000000000000000000000000000000000000000000000000000000000000000000000000000
000000000000000000000000000000000000000000000000000000000000000000000000000
000000000000000000000000000000000000000000000000000000000000000000000000000
000000000000000000000000000000000000000000000000000000000000000000000000000
000000000000000000000000000000000000000000000000000000000000000000000000000
000000000000000000000000000000000000000000000000000000000000000000000000000
000000000001111111111111111111111111111111111111111111111111111100000000000
000000000001111111111111111111111111111111111111111111111111111100000000000
000000000001100000000000000000000000000000000000000000000000001100000000000
000000000001100000000000000000000000000000000000000000000000001100000000000
000000000001100000000000000000000000000000000000000000000000001100000000000
000000000001100000000000000000000000000000000000000000000000001100000000000
000000000001100000000000000000000000000000000000000000000000001100000000000
000000000001100000000000000000000000000000000000000000000000001100000000000
000000000001100000000000000000000000000000000000000000000000001100000000000
000000000001100000000000000000000000000000000000000000000000001100000000000
000000000001100000000000000000000000000000000000000000000000001100000000000
000000000001100000000000000000000000000000000000000000000000001100000000000
000000000001100000000000000000000000000000000000000000000000001100000000000
000000000001100000000000000000000000000000000000000000000000001100000000000
000000000001100000000000000000000000000000000000000000000000001100000000000
000000000001100000000000000000000000000000000000000000000000001100000000000
000000000001100000000000000000000000000000000000000000000000001100000000000
000000000001100000000000000000000000000000000000000000000000001100000000000
000000000001100000000000000000000000000000000000000000000000001100000000000
000000000001100000000000000000000000000000000000000000000000001100000000000
000000000001100000000000000000000000000000000000000000000000001100000000000
000000000001100000000000000000000000000000000000000000000000001100000000000
000000000001100000000000000000000000000000000000000000000000001100000000000
000000000001100000000000000000000000000000000000000000000000001100000000000
000000000001100000000000000000000000000000000000000000000000001100000000000
000000000001100000000000000000000000000000000000000000000000001100000000000
000000000001100000000000000000000000000000000000000000000000001100000000000
000000000001100000000000000000000000000000000000000000000000001100000000000
000000000001100000000000000000000000000000000000000000000000001100000000000
000000000001100000000000000000000000000000000000000000000000001100000000000
000000000001100000000000000000000000000000000000000000000000001100000000000
000000000001100000000000000000000000000000000000000000000000001100000000000
000000000001100000000000000000000000000000000000000000000000001100000000000
000000000001100000000000000000000000000000000000000000000000001100000000000
000000000001100000000000000000000000000000000000000000000000001100000000000
000000000001100000000000000000000000000000000000000000000000001100000000000
000000000001100000000000000000000000000000000000000000000000001100000000000
000000000001100000000000000000000000000000000000000000000000001100000000000
000000000001100000000000000000000000000000000000000000000000001100000000000
000000000001100000000000000000000000000000000000000000000000001100000000000
000000000001100000000000000000000000000000000000000000000000001100000000000
000000000001100000000000000000000000000000000000000000000000001100000000000
000000000001100000000000000000000000000000000000000000000000001100000000000
000000000001100000000000000000000000000000000000000000000000001100000000000
000000000001100000000000000000000000000000000000000000000000001100000000000
000000000001100000000000000000000000000000000000000000000000001100000000000
000000000001100000000000000000000000000000000000000000000000001100000000000
000000000001100000000000000000000000000000000000000000000000001100000000000
000000000001100000000000000000000000000000000000000000000000001100000000000
000000000001100000000000000000000000000000000000000000000000001100000000000
000000000001100000000000000000000000000000000000000000000000001100000000000
000000000001111111111111111111111111111111111111111111111111111100000000000
000000000001111111111111111111111111111111111111111111111111111100000000000
000000000000000000000000000000000000000000000000000000000000000000000000000
000000000000000000000000000000000000000000000000000000000000000000000000000
000000000000000000000000000000000000000000000000000000000000000000000000000
000000000000000000000000000000000000000000000000000000000000000000000000000
000000000000000000000000000000000000000000000000000000000000000000000000000
000000000000000000000000000000000000000000000000000000000000000000000000000
000000000000000000000000000000000000000000000000000000000000000000000000000
000000000000000000000000000000000000000000000000000000000000000000000000000
000000000000000000000000000000000000000000000000000000000000000000000000000
000000000000000000000000000000000000000000000000000000000000000000000000000
000000000000000000000000000000000000000000000000000000000000000000000000000

000000000000000000000000000000000000000000000000000000000000000000000000000
000000000000000000000000000000000000000000000000000000000000000000000000000
000000000000000000000000000000000000000000000000000000000000000000000000000
000000000000000000000000000000000000000000000000000000000000000000000000000
000000000000000000000000000000000000000000000000000000000000000000000000000
000000000000000000000000000000000000000000000000000000000000000000000000000
000000000000000000000000000000000000010000000000000000000000000000000000000
000000000000000000000000000000111111111111111000000000000000000000000000000
000000000000000000000000000111111111111111111111000000000000000000000000000
000000000000000000000000111111000000000000000111111000000000000000000000000
000000000000000000000011111000000000000000000000111110000000000000000000000
000000000000000000000111100000000000000000000000001111000000000000000000000
000000000000000000011110000000000000000000000000000011110000000000000000000
000000000000000000111000000000000000000000000000000000111000000000000000000
000000000000000001110000000000000000000000000000000000011100000000000000000
000000000000000011100000000000000000000000000000000000001110000000000000000
000000000000000111000000000000000000000000000000000000000111000000000000000
000000000000001110000000000000000000000000000000000000000011100000000000000
000000000000011100000000000000000000000000000000000000000001110000000000000
000000000000111000000000000000000000000000000000000000000000111000000000000
000000000000110000000000000000000000000000000000000000000000011000000000000
000000000001100000000000000000000000000000000000000000000000001100000000000
000000000011100000000000000000000000000000000000000000000000001110000000000
000000000011000000000000000000000000000000000000000000000000000110000000000
000000000111000000000000000000000000000000000000000000000000000111000000000
000000000110000000000000000000000000000000000000000000000000000011000000000
000000000110000000000000000000000000000000000000000000000000000011000000000
000000001100000000000000000000000000000000000000000000000000000001100000000
000000001100000000000000000000000000000000000000000000000000000001100000000
000000001100000000000000000000000000000000000000000000000000000001100000000
000000011000000000000000000000000000000000000000000000000000000000110000000
000000011000000000000000000000000000000000000000000000000000000000110000000
000000011000000000000000000000000000000000000000000000000000000000110000000
000000011000000000000000000000000000000000000000000000000000000000110000000
000000011000000000000000000000000000000000000000000000000000000000110000000
000000011000000000000000000000000000000000000000000000000000000000110000000
000000011000000000000000000000000000000000000000000000000000000000110000000
000000111000000000000000000000000000000000000000000000000000000000111000000
000000011000000000000000000000000000000000000000000000000000000000110000000
000000011000000000000000000000000000000000000000000000000000000000110000000
000000011000000000000000000000000000000000000000000000000000000000110000000
000000011000000000000000000000000000000000000000000000000000000000110000000
000000011000000000000000000000000000000000000000000000000000000000110000000
000000011000000000000000000000000000000000000000000000000000000000110000000
000000011000000000000000000000000000000000000000000000000000000000110000000
000000001100000000000000000000000000000000000000000000000000000001100000000
000000001100000000000000000000000000000000000000000000000000000001100000000
000000001100000000000000000000000000000000000000000000000000000001100000000
000000000110000000000000000000000000000000000000000000000000000011000000000
000000000110000000000000000000000000000000000000000000000000000011000000000
000000000111000000000000000000000000000000000000000000000000000111000000000
000000000011000000000000000000000000000000000000000000000000000110000000000
000000000011100000000000000000000000000000000000000000000000001110000000000
000000000001100000000000000000000000000000000000000000000000001100000000000
000000000000110000000000000000000000000000000000000000000000011000000000000
000000000000111000000000000000000000000000000000000000000000111000000000000
000000000000011100000000000000000000000000000000000000000001110000000000000
000000000000001110000000000000000000000000000000000000000011100000000000000
000000000000000111000000000000000000000000000000000000000111000000000000000
000000000000000011100000000000000000000000000000000000001110000000000000000
000000000000000001110000000000000000000000000000000000011100000000000000000
000000000000000000111000000000000000000000000000000000111000000000000000000
000000000000000000011110000000000000000000000000000011110000000000000000000
000000000000000000000111100000000000000000000000001111000000000000000000000
000000000000000000000011111000000000000000000000111110000000000000000000000
000000000000000000000000111111000000000000000111111000000000000000000000000
000000000000000000000000000111111111111111111111000000000000000000000000000
000000000000000000000000000000111111111111111000000000000000000000000000000
000000000000000000000000000000000000010000000000000000000000000000000000000
000000000000000000000000000000000000000000000000000000000000000000000000000
000000000000000000000000000000000000000000000000000000000000000000000000000
000000000000000000000000000000000000000000000000000000000000000000000000000
000000000000000000000000000000000000000000000000000000000000000000000000000
000000000000000000000000000000000000000000000000000000000000000000000000000
000000000000000000000000000000000000000000000000000000000000000000000000000

000000000000000000000000000000000000000000000000000000000000000000000000000
000000000000000000000000000000000000000000000000000000000000000000000000000
000000000000000000000000000000000000000000000000000000000000000000000000000
000000000000000000000000000000000000000000000000000000000000000000000000000
000000000000000000000000000000000000000000000000000000000000000000000000000
000000000000000000000000000000000000000000000000000000000000000000000000000
000000000000000000000000000000000000000000000000000000000000000000000000000
000000000000000000000000000000000000000000000000000000000000000000000000000
000000000000000000000000000000000000000000000000000000000000000000000000000
000000000000000000000000000000000000000000000000000000000000000000000000000
000000000000000000000000000000000000000000000000000000000000000000000000000
000000000000000000000000000000000000000000000000000000000000000000000000000
000000000000000000000000000000000000000000000000000000000000000000000000000
000000000000000000000000000000000000000000000000000000000000000000000000000
000000000000000000000000000000000000000000000000000000000000000000000000000
000000000000000000000000000000000000000000000000000000000000000000000000000
000000000000000000000000000000000000000000000000000000000000000000000000000
000000000000000000000000000000000000000000000000000000000000000000000000000
000000000000000000000000000000000000000000000000000000000000000000000000000
000000000000000000000000000000000000000000000000000000000000000000000000000
000000000000000000000000000000000000010000000000000000000000000000000000000
000000000000000000000000000000000000111000000000000000000000000000000000000
000000000000000000000000000000000001101100000000000000000000000000000000000
000000000000000000000000000000000011000110000000000000000000000000000000000
000000000000000000000000000000000110000011000000000000000000000000000000000
000000000000000000000000000000001100000001100000000000000000000000000000000
000000000000000000000000000000011000000000110000000000000000000000000000000
000000000000000000000000000000110000000000011000000000000000000000000000000
000000000000000000000000000001100000000000001100000000000000000000000000000
000000000000000000000000000011000000000000000110000000000000000000000000000
000000000000000000000000000110000000000000000011000000000000000000000000000
000000000000000000000000001100000000000000000001100000000000000000000000000
000000000000000000000000011000000000000000000000110000000000000000000000000
000000000000000000000000110000000000000000000000011000000000000000000000000
000000000000000000000001100000000000000000000000001100000000000000000000000
000000000000000000000011000000000000000000000000000110000000000000000000000
000000000000000000000110000000000000000000000000000011000000000000000000000
000000000000000000001100000000000000000000000000000001100000000000000000000
000000000000000000011000000000000000000000000000000000110000000000000000000
000000000000000000110000000000000000000000000000000000011000000000000000000
000000000000000001100000000000000000000000000000000000001100000000000000000
000000000000000011000000000000000000000000000000000000000110000000000000000
000000000000000110000000000000000000000000000000000000000011000000000000000
000000000000001100000000000000000000000000000000000000000001100000000000000
000000000000011000000000000000000000000000000000000000000000110000000000000
000000000000110000000000000000000000000000000000000000000000011000000000000
000000000001100000000000000000000000000000000000000000000000001100000000000
000000000011000000000000000000000000000000000000000000000000000110000000000
000000000110000000000000000000000000000000000000000000000000000011000000000
000000001100000000000000000000000000000000000000000000000000000001100000000
000000011000000000000000000000000000000000000000000000000000000000110000000
000000110000000000000000000000000000000000000000000000000000000000011000000
000001111111111111111111111111111111111111111111111111111111111111111100000
000011111111111111111111111111111111111111111111111111111111111111111110000
000000000000000000000000000000000000000000000000000000000000000000000000000
000000000000000000000000000000000000000000000000000000000000000000000000000
000000000000000000000000000000000000000000000000000000000000000000000000000
000000000000000000000000000000000000000000000000000000000000000000000000000
000000000000000000000000000000000000000000000000000000000000000000000000000
000000000000000000000000000000000000000000000000000000000000000000000000000
000000000000000000000000000000000000000000000000000000000000000000000000000
000000000000000000000000000000000000000000000000000000000000000000000000000
000000000000000000000000000000000000000000000000000000000000000000000000000
000000000000000000000000000000000000000000000000000000000000000000000000000
000000000000000000000000000000000000000000000000000000000000000000000000000
000000000000000000000000000000000000000000000000000000000000000000000000000
000000000000000000000000000000000000000000000000000000000000000000000000000
000000000000000000000000000000000000000000000000000000000000000000000000000
000000000000000000000000000000000000000000000000000000000000000000000000000
000000000000000000000000000000000000000000000000000000000000000000000000000
000000000000000000000000000000000000000000000000000000000000000000000000000
000000000000000000000000000000000000000000000000000000000000000000000000000
000000000000000000000000000000000000000000000000000000000000000000000000000
000000000000000000000000000000000000000000000000000000000000000000000000000
000000000000000000000000000000000000000000000000000000000000000000000000000

000000000000000000000000000000000000000000000000000000000000000000000000000
000000000000000000000000000000000000000000000000000000000000000000000000000
000000000000000000000000000000000000000000000000000000000000000000000000000
000000000000000000000000000000000000000000000000000000000000000000000000000
000000000000000000000000000000000000000000000000000000000000000000000000000
000000000000000000000000000000000000000000000000000000000000000000000000000
000000000000000000111111111111111111111111111111111111111000000000000000000
000000000000000000111111111111111111111111111111111111111000000000000000000
000000000000000000110000000000000000000000000000000000011000000000000000000
000000000000000000110000000000000000000000000000000000011000000000000000000
000000000000000000110000000000000000000000000000000000011000000000000000000
000000000000000000110000000000000000000000000000000000011000000000000000000
000000000000000000110000000000000000000000000000000000011000000000000000000
000000000000000000110000000000000000000000000000000000011000000000000000000
000000000000000000110000000000000000000000000000000000011000000000000000000
000000000000000000110000000000000000000000000000000000011000000000000000000
000000000000000000110000000000000000000000000000000000011000000000000000000
000000000000000000110000000000000000000000000000000000011000000000000000000
000000000000000000110000000000000000000000000000000000011000000000000000000
000000000000000000110000000000000000000000000000000000011000000000000000000
000000000000000000110000000000000000000000000000000000011000000000000000000
000000000000000000110000000000000000000000000000000000011000000000000000000
000000000000000000110000000000000000000000000000000000011000000000000000000
000000000000000000110000000000000000000000000000000000011000000000000000000
000000000000000000110000000000000000000000000000000000011000000000000000000
000000000000000000110000000000000000000000000000000000011000000000000000000
000000000000000000110000000000000000000000000000000000011000000000000000000
000000000000000000110000000000000000000000000000000000011000000000000000000
000000000000000000110000000000000000000000000000000000011000000000000000000
000000000000000000110000000000000000000000000000000000011000000000000000000
000000000000000000110000000000000000000000000000000000011000000000000000000
000000000000000000110000000000000000000000000000000000011000000000000000000
000000000000000000110000000000000000000000000000000000011000000000000000000
000000000000000000110000000000000000000000000000000000011000000000000000000
000000000000000000110000000000000000000000000000000000011000000000000000000
000000000000000000110000000000000000000000000000000000011000000000000000000
000000000000000000110000000000000000000000000000000000011000000000000000000
000000000000000000110000000000000000000000000000000000011000000000000000000
000000000000000000110000000000000000000000000000000000011000000000000000000
000000000000000000110000000000000000000000000000000000011000000000000000000
000000000000000000110000000000000000000000000000000000011000000000000000000
000000000000000000110000000000000000000000000000000000011000000000000000000
000000000000000000110000000000000000000000000000000000011000000000000000000
000000000000000000110000000000000000000000000000000000011000000000000000000
000000000000000000110000000000000000000000000000000000011000000000000000000
000000000000000000110000000000000000000000000000000000011000000000000000000
000000000000000000110000000000000000000000000000000000011000000000000000000
000000000000000000110000000000000000000000000000000000011000000000000000000
000000000000000000110000000000000000000000000000000000011000000000000000000
000000000000000000110000000000000000000000000000000000011000000000000000000
000000000000000000110000000000000000000000000000000000011000000000000000000
000000000000000000110000000000000000000000000000000000011000000000000000000
000000000000000000110000000000000000000000000000000000011000000000000000000
000000000000000000110000000000000000000000000000000000011000000000000000000
000000000000000000110000000000000000000000000000000000011000000000000000000
000000000000000000110000000000000000000000000000000000011000000000000000000
000000000000000000110000000000000000000000000000000000011000000000000000000
000000000000000000110000000000000000000000000000000000011000000000000000000
000000000000000000110000000000000000000000000000000000011000000000000000000
000000000000000000110000000000000000000000000000000000011000000000000000000
000000000000000000110000000000000000000000000000000000011000000000000000000
000000000000000000110000000000000000000000000000000000011000000000000000000
000000000000000000110000000000000000000000000000000000011000000000000000000
000000000000000000110000000000000000000000000000000000011000000000000000000
000000000000000000110000000000000000000000000000000000011000000000000000000
000000000000000000110000000000000000000000000000000000011000000000000000000
000000000000000000110000000000000000000000000000000000011000000000000000000
000000000000000000111111111111111111111111111111111111111000000000000000000
000000000000000000111111111111111111111111111111111111111000000000000000000
000000000000000000000000000000000000000000000000000000000000000000000000000
000000000000000000000000000000000000000000000000000000000000000000000000000
000000000000000000000000000000000000000000000000000000000000000000000000000
000000000000000000000000000000000000000000000000000000000000000000000000000
000000000000000000000000000000000000000000000000000000000000000000000000000
000000000000000000000000000000000000000000000000000000000000000000000000000

000000000000000000000000000000000000000000000000000000000000000000000000000
000000000000000000000000000000000000000000000000000000000000000000000000000
000000000000000000000000000000000000000000000000000000000000000000000000000
000000000000000000000000000000000000000000000000000000000000000000000000000
000000000000000000000000000000000000000000000000000000000000000000000000000
000000000000000000000000000000000000000000000000000000000000000000000000000
000000000000000000000000000000000000000000000000000000000000000000000000000
000000000000000000000000000000000000000000000000000000000000000000000000000
000000000000000000000000000000000000000000000000000000000000000000000000000
000000000000000000000000000000000000000000000000000000000000000000000000000
000000000000000000000000000000000000000000000000000000000000000000000000000
000000000000000000000000000000000000000000000000000000000000000000000000000
000000000000000000000000000000000000000000000000000000000000000000000000000
000000000000000000000000000000000000000000000000000000000000000000000000000
000000000000000000000000000000000000000000000000000000000000000000000000000
000000000000000000000000000000000000000000000000000000000000000000000000000
000000000000000000000000000000000000000000000000000000000000000000000000000
000000000000000000000000000000000000000000000000000000000000000000000000000
000000000000000000000000000000000000000000000000000000000000000000000000000
000000000000000000000000000000000000000000000000000000000000000000000000000
000000000000000000000000000000000000000000000000000000000000000000000000000
000011111111111111111111111111111111111111111111111111111111111111111110000
000001111111111111111111111111111111111111111111111111111111111111111100000
000000110000000000000000000000000000000000000000000000000000000000011000000
000000011000000000000000000000000000000000000000000000000000000000110000000
000000001100000000000000000000000000000000000000000000000000000001100000000
000000000110000000000000000000000000000000000000000000000000000011000000000
000000000011000000000000000000000000000000000000000000000000000110000000000
000000000001100000000000000000000000000000000000000000000000001100000000000
000000000000110000000000000000000000000000000000000000000000011000000000000
000000000000011000000000000000000000000000000000000000000000110000000000000
000000000000001100000000000000000000000000000000000000000001100000000000000
000000000000000110000000000000000000000000000000000000000011000000000000000
000000000000000011000000000000000000000000000000000000000110000000000000000
000000000000000001100000000000000000000000000000000000001100000000000000000
000000000000000000110000000000000000000000000000000000011000000000000000000
000000000000000000011000000000000000000000000000000000110000000000000000000
000000000000000000001100000000000000000000000000000001100000000000000000000
000000000000000000000110000000000000000000000000000011000000000000000000000
000000000000000000000011000000000000000000000000000110000000000000000000000
000000000000000000000001100000000000000000000000001100000000000000000000000
000000000000000000000000110000000000000000000000011000000000000000000000000
000000000000000000000000011000000000000000000000110000000000000000000000000
000000000000000000000000001100000000000000000001100000000000000000000000000
000000000000000000000000000110000000000000000011000000000000000000000000000
000000000000000000000000000011000000000000000110000000000000000000000000000
000000000000000000000000000001100000000000001100000000000000000000000000000
000000000000000000000000000000110000000000011000000000000000000000000000000
000000000000000000000000000000011000000000110000000000000000000000000000000
000000000000000000000000000000001100000001100000000000000000000000000000000
000000000000000000000000000000000110000011000000000000000000000000000000000
000000000000000000000000000000000011000110000000000000000000000000000000000
000000000000000000000000000000000001101100000000000000000000000000000000000
000000000000000000000000000000000000111000000000000000000000000000000000000
000000000000000000000000000000000000010000000000000000000000000000000000000
000000000000000000000000000000000000000000000000000000000000000000000000000
000000000000000000000000000000000000000000000000000000000000000000000000000
000000000000000000000000000000000000000000000000000000000000000000000000000
000000000000000000000000000000000000000000000000000000000000000000000000000
000000000000000000000000000000000000000000000000000000000000000000000000000
000000000000000000000000000000000000000000000000000000000000000000000000000
000000000000000000000000000000000000000000000000000000000000000000000000000
000000000000000000000000000000000000000000000000000000000000000000000000000
000000000000000000000000000000000000000000000000000000000000000000000000000
000000000000000000000000000000000000000000000000000000000000000000000000000
000000000000000000000000000000000000000000000000000000000000000000000000000
000000000000000000000000000000000000000000000000000000000000000000000000000
000000000000000000000000000000000000000000000000000000000000000000000000000
000000000000000000000000000000000000000000000000000000000000000000000000000
000000000000000000000000000000000000000000000000000000000000000000000000000
000000000000000000000000000000000000000000000000000000000000000000000000000
000000000000000000000000000000000000000000000000000000000000000000000000000
000000000000000000000000000000000000000000000000000000000000000000000000000
000000000000000000000000000000000000000000000000000000000000000000000000000
000000000000000000000000000000000000000000000000000000000000000000000000000

000000000000000000000000000000000000000000000000000000000000000000000000000
000000000000000000000000000000000000000000000000000000000000000000000000000
000000000000000000000000000000000000000000000000000000000000000000000000000
000000000000000000000000000000000000000000000000000000000000000000000000000
000000000000000000000000000000000000000000000000000000000000000000000000000
000000000000000000000000000000000000000000000000000000000000000000000000000
000000000000000000000000000000000000000000000000000000000000000000000000000
000000000000000000000000000000000000000000000000000000000000000000000000000
000000000000000000000000000000000000000000000000000000000000000000000000000
000000000000000000000000000000000000000000000000000000000000000000000000000
000000000000000000000000000000000000000000000000000000000000000000000000000
000000000000000000000000000000000000000000000000000000000000000000000000000
000000000000000000000000000000000000000000000000000000000000000000000000000
000000000000000000000000000000000000000000000000000000000000000000000000000
000000000000000000000000000000000000000000000000000000000000000000000000000
000000000000000000000000000000000000000000000000000000000000000000000000000
000000000000000000000000000000000000000000000000000000000000000000000000000
000000000000000000000000000000000000000000000000000000000000000000000000000
000000111111111111111111111111111111111111111111111111111111111111111000000
000000111111111111111111111111111111111111111111111111111111111111111000000
000000110000000000000000000000000000000000000000000000000000000000011000000
000000110000000000000000000000000000000000000000000000000000000000011000000
000000110000000000000000000000000000000000000000000000000000000000011000000
000000110000000000000000000000000000000000000000000000000000000000011000000
000000110000000000000000000000000000000000000000000000000000000000011000000
000000110000000000000000000000000000000000000000000000000000000000011000000
000000110000000000000000000000000000000000000000000000000000000000011000000
000000110000000000000000000000000000000000000000000000000000000000011000000
000000110000000000000000000000000000000000000000000000000000000000011000000
000000110000000000000000000000000000000000000000000000000000000000011000000
000000110000000000000000000000000000000000000000000000000000000000011000000
000000110000000000000000000000000000000000000000000000000000000000011000000
000000110000000000000000000000000000000000000000000000000000000000011000000
000000110000000000000000000000000000000000000000000000000000000000011000000
000000110000000000000000000000000000000000000000000000000000000000011000000
000000110000000000000000000000000000000000000000000000000000000000011000000
000000110000000000000000000000000000000000000000000000000000000000011000000
000000110000000000000000000000000000000000000000000000000000000000011000000
000000110000000000000000000000000000000000000000000000000000000000011000000
000000110000000000000000000000000000000000000000000000000000000000011000000
000000110000000000000000000000000000000000000000000000000000000000011000000
000000110000000000000000000000000000000000000000000000000000000000011000000
000000110000000000000000000000000000000000000000000000000000000000011000000
000000110000000000000000000000000000000000000000000000000000000000011000000
000000110000000000000000000000000000000000000000000000000000000000011000000
000000110000000000000000000000000000000000000000000000000000000000011000000
000000110000000000000000000000000000000000000000000000000000000000011000000
000000110000000000000000000000000000000000000000000000000000000000011000000
000000110000000000000000000000000000000000000000000000000000000000011000000
000000110000000000000000000000000000000000000000000000000000000000011000000
000000110000000000000000000000000000000000000000000000000000000000011000000
000000110000000000000000000000000000000000000000000000000000000000011000000
000000110000000000000000000000000000000000000000000000000000000000011000000
000000110000000000000000000000000000000000000000000000000000000000011000000
000000110000000000000000000000000000000000000000000000000000000000011000000
000000111111111111111111111111111111111111111111111111111111111111111000000
000000111111111111111111111111111111111111111111111111111111111111111000000
000000000000000000000000000000000000000000000000000000000000000000000000000
000000000000000000000000000000000000000000000000000000000000000000000000000
000000000000000000000000000000000000000000000000000000000000000000000000000
000000000000000000000000000000000000000000000000000000000000000000000000000
000000000000000000000000000000000000000000000000000000000000000000000000000
000000000000000000000000000000000000000000000000000000000000000000000000000
000000000000000000000000000000000000000000000000000000000000000000000000000
000000000000000000000000000000000000000000000000000000000000000000000000000
000000000000000000000000000000000000000000000000000000000000000000000000000
000000000000000000000000000000000000000000000000000000000000000000000000000
000000000000000000000000000000000000000000000000000000000000000000000000000
000000000000000000000000000000000000000000000000000000000000000000000000000
000000000000000000000000000000000000000000000000000000000000000000000000000
000000000000000000000000000000000000000000000000000000000000000000000000000
000000000000000000000000000000000000000000000000000000000000000000000000000
000000000000000000000000000000000000000000000000000000000000000000000000000
000000000000000000000000000000000000000000000000000000000000000000000000000
000000000000000000000000000000000000000000000000000000000000000000000000000

== SDRs ==
00010000100000110000001010000001
00001101100000011000010001000100
11011000000000000010010010110000
00000101000101000001000000001000
01000010000000010000000010110001
01000000000001000110001010100110
10000000010011011000000100001001
01000110001000100000100000010010
11000000000100001000000100010001
10000010111000010000011010000011
00001111100001000100001011000010
00001100000000000001010100110000
00000100101000010000100010000000
00000110000110100010000001001100
00000010000000001001000000100010
01010111101110001010010100001110
10010001101000000100001010000001
10100000010110000010011100000000
01010010100010100001000000000001
00011001000000010000000000111000
00000001000000000001000100001011
10000000000000000000110011000111
01000101010100100000011000001010
00011100111010001000000000000011
11000000000011100000001110000010
10001100000000001000000001000000
00000100000010000000000000111001
00000001100000001001000100010000
00010010000000000000010100100010
10011000000000010010000000110011
00100000000001100001001010000100
00000100010000110001100010010010

00010000100000110000001010000001
00001101100000011000010001000100
11011000000000000010010010110000
00000101000101000001000000001000
01000010000000010000000010110001
01000000000001000110001010100110
10000000010011011000000100001001
01000110001000100000100000010010
11000000000100001000000100010001
10000010111000010000011010000011
00001111100001000100001011000010
00001100000000000001010100110000
00000100101000010000100010000000
00000110000110100010000001001100
00000010000000001001000000100010
01010111101110001010010100001110
10010001101000000100001010000001
10100000010110000010011100000000
01010010100010100001000000000001
00011001000000010000000000111000
00000001000000000001000100001011
10000000000000000000110011000111
01000101010100100000011000001010
00011100111010001000000000000011
11000000000011100000001110000010
10001100000000001000000001000000
00000100000010000000000000111001
00000001100000001001000100010000
00010010000000000000010100100010
10011000000000010010000000110011
00100000000001100001001010000100
00000100010000110001100010010010

00010000100000110000001010000001
00001101100000011000010001000100
11011000000000000010010010110000
00000101000101000001000000001000
01000010000000010000000010110001
01000000000001000110001010100110
10000000010011011000000100001001
01000110001000100000100000010010
11000000000100001000000100010001
10000010111000010000011010000011
00001111100001000100001011000010
00001100000000000001010100110000
00000100101000010000100010000000
00000110000110100010000001001100
00000010000000001001000000100010
01010111101110001010010100001110
10010001101000000100001010000001
10100000010110000010011100000000
01010010100010100001000000000001
00011001000000010000000000111000
00000001000000000001000100001011
10000000000000000000110011000111
01000101010100100000011000001010
00011100111010001000000000000011
11000000000011100000001110000010
10001100000000001000000001000000
00000100000010000000000000111001
00000001100000001001000100010000
00010010000000000000010100100010
10011000000000010010000000110011
00100000000001100001001010000100
00000100010000110001100010010010

01001000000001100000100010100111
11001001001000010010010110000001
01010011001000010010010000011001
00100000001001001001010000011000
10010000010000010100000000001000
01000000000000000100001001100100
10000001010010100110000001000111
00000000000001001010010000000000
01100000000100000100011001000000
10000010001010010000001000000010
00000001000001010010000011000101
00011100100001000000000000011001
00011000011000100001101010011000
00000000000000000000000001000001
10000010000000001000001011000000
00111001000000000011101000000010
00100001100010000001000000000000
00001010001010000011110000000000
01111101101011100000001000000101
00001110010010010010000101110001
01000001001000000000000000100001
00000011100000000100010101001110
00110000010000001000101000100000
00100000110100011000100100000100
00000011000000000011000010000000
00010110110010010010000001101101
10011000100000110000000000000001
10110001010001100100000000100100
00010000000000000101000000100000
10001101010000001011001000110110
00010011010001110101011001000000
00100000110000100001000000010000

00010000100000110000001010000001
00001101100000011000010001000100
11011000000000000010010010110000
00000101000101000001000000001000
01000010000000010000000010110001
01000000000001000110001010100110
10000000010011011000000100001001
01000110001000100000100000010010
11000000000100001000000100010001
10000010111000010000011010000011
00001111100001000100001011000010
00001100000000000001010100110000
00000100101000010000100010000000
00000110000110100010000001001100
00000010000000001001000000100010
01010111101110001010010100001110
10010001101000000100001010000001
10100000010110000010011100000000
01010010100010100001000000000001
00011001000000010000000000111000
00000001000000000001000100001011
10000000000000000000110011000111
01000101010100100000011000001010
00011100111010001000000000000011
11000000000011100000001110000010
10001100000000001000000001000000
00000100000010000000000000111001
00000001100000001001000100010000
00010010000000000000010100100010
10011000000000010010000000110011
00100000000001100001001010000100
00000100010000110001100010010010

00010000101000010000100000000000
00000001110000110100001110000100
00110001100010010110101000111000
00100001000000000010000001100000
10100111010011011001000000001010
00010001000010011000000011110000
00000110110000111001110110000110
00001010000100010101001000011100
11001001100000000001000100011001
10000000000010010000001011000100
00000001000100101001110000101001
10100100101100000010001100010011
10000101100000000000000000000110
00100100100000000000100011011000
00000010100001100111000110000000
11011011000110000010010011010000
00000011100001000010000011010100
10010010100000101100001100000010
10010100110001100100000110000011
00000110100000011001010000011010
10110001010100100110101001000001
00001000001000000011100111000100
10010011000000001000010001000001
00100100100010111001111000100110
00010010000010000000100001010000
10000110000000010010010111010111
00000010010100110001001000001110
00000010000100001100000000010000
00000000010000011000000000100001
00111000010000011100101000100001
00010001010000110000010110000001
01000010000000000011100000000000

00110010100100100101001011000001
00001000000001010100010010000000
00000000010000000010000110100100
11000000000001010110100110000101
01101000000010011001000000000110
01000010100000010101000010000010
00000000100010011001011000000010
01100100001010000001000000000000
00100011010100010101010100000100
00101000000000100000100100100101
10100100000010010000000000001000
10000100000000000000101000000000
00000000101000000000001010011010
10000010001000010000010001010001
00000100010000000100000000100000
00101000100010101101100000001001
01000001111000000100000001001000
00101100110000001000110000000100
00010010100110000010000000000010
00010100000011101010000000001000
11011000011011100000001100001001
01000100000010001000001100000001
01000001110000000001000000000010
01100101100111000000000001000110
00000000011000001000000100000000
00000101000000010011101101100010
00100100000000100000101000000101
01000001010101001001000001011001
00000000000000010100010000010000
10010000000010000100010000010000
10100001000010000010001110000000
00000100000010000011000010000101

00000100100100010000000010001000
01001000000000010110001100001100
01110010110001000000000000011000
00000000000000100001000100000101
10100110000010000000000000000100
00000011010000111001000000110100
00001010010001111001000000101110
00001000100010000100000101000100
10100001000000100101110000000001
01000000000110100000000011011000
10000011000001010101000000000001
10110001000100000100010000010001
01100001010010100001000101000010
11000111001000011000001010101000
01000010010000000110000000010100
00001101000100100000011100010000
00000010101110000100100001000000
00001010100000101100001100000000
00100010100000100010011011010010
00000010011001100010110100001000
00100011000000001100000001100011
00100000000000001010001000100110
00010000000000001000100000001000
00000100000000000001010100000000
00000000010010100110000100001000
00001001110001000001000101010000
11000000100000010010001001000001
00000000000001001000000011000100
10000010000000110100001000010000
00010110001000101000001001010001
01101100010001000000001010000000
01000000000000100111100010000000

00010000000001010010000000000000
01000100010000000010001100000000
00010010010001010000010000000000
00100000000000000001010000000111
10110100000001010000000000100000
00000010000000000100100000000100
00100000000010010011010100000100
11010000010100000000100001010000
01000010000000101100000000001000
00100000000010000000001000000001
10001101000100100110000101100001
01010000000101010110000000000000
00000101011000101100100100000110
00000100101000011100001100011000
10000000000000101000001010000110
00001100001010100000010100000000
01100100100000000101010100110000
00000110100101001110010001011000
00011000000001100000110001000100
00100001000000011000000000000000
01000010000000001001010100000101
01000000000000100000100001000110
01100100000001001100010001001010
10000100110000100000000000001000
00000000000000000010011000001100
01001000100001000000000101000110
00001000000000010000000000011000
00100010000100001100000000101010
00010000000000000000000000000110
10010000110010100000000000100000
01000000010000010000000000000100
00000000000001101011000010010000

