== Attributes ==
title=20_const_triangle_v1
type= 2x2
result=3
window_size=(75, 75)

== Input ==
000000000000000000000000000000000000000000000000000000000000000000000000000
000000000000000000000000000000000000000000000000000000000000000000000000000
000000000000000000000000000000000000000000000000000000000000000000000000000
000000000000000000000000000000000000000000000000000000000000000000000000000
000000000000000000000000000000000000000000000000000000000000000000000000000
000000000000000000000000000000000000000000000000000000000000000000000000000
000000000000000000000000000000000000000000000000000000000000000000000000000
000000000000000000000000000000000000000000000000000000000000000000000000000
000000000000000000000000000000000000000000000000000000000000000000000000000
000000000000000000000000000000000000000000000000000000000000000000000000000
000000000000000000000000000000000000000000000000000000000000000000000000000
000000000000000000000000000000000000000000000000000000000000000000000000000
000000000000000000000000000000000000000000000000000000000000000000000000000
000000000000000000000000000000000000000000000000000000000000000000000000000
000000000000000000000000000000000000000000000000000000000000000000000000000
000000000000000000000000000000000000000000000000000000000000000000000000000
000000000000000000000000000000000000000000000000000000000000000000000000000
000000000000000000000000000000000000000000000000000000000000000000000000000
000000000000000000000000000000000000000000000000000000000000000000000000000
000000000000000000000000000000000000000000000000000000000000000000000000000
000000000000000000000000000000000000010000000000000000000000000000000000000
000000000000000000000000000000000000111000000000000000000000000000000000000
000000000000000000000000000000000001101100000000000000000000000000000000000
000000000000000000000000000000000011100110000000000000000000000000000000000
000000000000000000000000000000000111100011000000000000000000000000000000000
000000000000000000000000000000001111100001100000000000000000000000000000000
000000000000000000000000000000011111100000110000000000000000000000000000000
000000000000000000000000000000111111100000011000000000000000000000000000000
000000000000000000000000000001111111100000001100000000000000000000000000000
000000000000000000000000000011111111100000000110000000000000000000000000000
000000000000000000000000000111111111100000000011000000000000000000000000000
000000000000000000000000001111111111100000000001100000000000000000000000000
000000000000000000000000011111111111100000000000110000000000000000000000000
000000000000000000000000111111111111100000000000011000000000000000000000000
000000000000000000000001111111111111100000000000001100000000000000000000000
000000000000000000000011111111111111100000000000000110000000000000000000000
000000000000000000000111111111111111100000000000000011000000000000000000000
000000000000000000001111111111111111100000000000000001100000000000000000000
000000000000000000011111111111111111100000000000000000110000000000000000000
000000000000000000111111111111111111100000000000000000011000000000000000000
000000000000000001111111111111111111100000000000000000001100000000000000000
000000000000000011111111111111111111100000000000000000000110000000000000000
000000000000000111111111111111111111100000000000000000000011000000000000000
000000000000001111111111111111111111100000000000000000000001100000000000000
000000000000011111111111111111111111100000000000000000000000110000000000000
000000000000111111111111111111111111100000000000000000000000011000000000000
000000000001111111111111111111111111100000000000000000000000001100000000000
000000000011111111111111111111111111100000000000000000000000000110000000000
000000000111111111111111111111111111100000000000000000000000000011000000000
000000001111111111111111111111111111100000000000000000000000000001100000000
000000011111111111111111111111111111100000000000000000000000000000110000000
000000111111111111111111111111111111100000000000000000000000000000011000000
000001111111111111111111111111111111111111111111111111111111111111111100000
000011111111111111111111111111111111111111111111111111111111111111111110000
000000000000000000000000000000000000000000000000000000000000000000000000000
000000000000000000000000000000000000000000000000000000000000000000000000000
000000000000000000000000000000000000000000000000000000000000000000000000000
000000000000000000000000000000000000000000000000000000000000000000000000000
000000000000000000000000000000000000000000000000000000000000000000000000000
000000000000000000000000000000000000000000000000000000000000000000000000000
000000000000000000000000000000000000000000000000000000000000000000000000000
000000000000000000000000000000000000000000000000000000000000000000000000000
000000000000000000000000000000000000000000000000000000000000000000000000000
000000000000000000000000000000000000000000000000000000000000000000000000000
000000000000000000000000000000000000000000000000000000000000000000000000000
000000000000000000000000000000000000000000000000000000000000000000000000000
000000000000000000000000000000000000000000000000000000000000000000000000000
000000000000000000000000000000000000000000000000000000000000000000000000000
000000000000000000000000000000000000000000000000000000000000000000000000000
000000000000000000000000000000000000000000000000000000000000000000000000000
000000000000000000000000000000000000000000000000000000000000000000000000000
000000000000000000000000000000000000000000000000000000000000000000000000000
000000000000000000000000000000000000000000000000000000000000000000000000000
000000000000000000000000000000000000000000000000000000000000000000000000000
000000000000000000000000000000000000000000000000000000000000000000000000000

000000000000000000000000000000000000000000000000000000000000000000000000000
000000000000000000000000000000000000000000000000000000000000000000000000000
000000000000000000000000000000000000000000000000000000000000000000000000000
000000000000000000000000000000000000000000000000000000000000000000000000000
000000000000000000000000000000000000000000000000000000000000000000000000000
000000000000000000000000000000000000000000000000000000000000000000000000000
000000000000000000000000000000000000000000000000000000000000000000000000000
000000000000000000000000000000000000000000000000000000000000000000000000000
000000000000000000000000000000000000000000000000000000000000000000000000000
000000000000000000000000000000000000000000000000000000000000000000000000000
000000000000000000000000000000000000000000000000000000000000000000000000000
000000000000000000000000000000000000000000000000000000000000000000000000000
000000000000000000000000000000000000000000000000000000000000000000000000000
000000000000000000000000000000000000000000000000000000000000000000000000000
000000000000000000000000000000000000000000000000000000000000000000000000000
000000000000000000000000000000000000000000000000000000000000000000000000000
000000000000000000000000000000000000000000000000000000000000000000000000000
000000000000000000000000000000000000000000000000000000000000000000000000000
000000000000000000000000000000000000000000000000000000000000000000000000000
000000000000000000000000000000000000000000000000000000000000000000000000000
000000000000000000000000000000000000010000000000000000000000000000000000000
000000000000000000000000000000000000111000000000000000000000000000000000000
000000000000000000000000000000000001101100000000000000000000000000000000000
000000000000000000000000000000000011100110000000000000000000000000000000000
000000000000000000000000000000000111100011000000000000000000000000000000000
000000000000000000000000000000001111100001100000000000000000000000000000000
000000000000000000000000000000011111100000110000000000000000000000000000000
000000000000000000000000000000111111100000011000000000000000000000000000000
000000000000000000000000000001111111100000001100000000000000000000000000000
000000000000000000000000000011111111100000000110000000000000000000000000000
000000000000000000000000000111111111100000000011000000000000000000000000000
000000000000000000000000001111111111100000000001100000000000000000000000000
000000000000000000000000011111111111100000000000110000000000000000000000000
000000000000000000000000111111111111100000000000011000000000000000000000000
000000000000000000000001111111111111100000000000001100000000000000000000000
000000000000000000000011111111111111100000000000000110000000000000000000000
000000000000000000000111111111111111100000000000000011000000000000000000000
000000000000000000001111111111111111100000000000000001100000000000000000000
000000000000000000011111111111111111100000000000000000110000000000000000000
000000000000000000111111111111111111100000000000000000011000000000000000000
000000000000000001111111111111111111100000000000000000001100000000000000000
000000000000000011111111111111111111100000000000000000000110000000000000000
000000000000000111111111111111111111100000000000000000000011000000000000000
000000000000001111111111111111111111100000000000000000000001100000000000000
000000000000011111111111111111111111100000000000000000000000110000000000000
000000000000111111111111111111111111100000000000000000000000011000000000000
000000000001111111111111111111111111100000000000000000000000001100000000000
000000000011111111111111111111111111100000000000000000000000000110000000000
000000000111111111111111111111111111100000000000000000000000000011000000000
000000001111111111111111111111111111100000000000000000000000000001100000000
000000011111111111111111111111111111100000000000000000000000000000110000000
000000111111111111111111111111111111100000000000000000000000000000011000000
000001111111111111111111111111111111111111111111111111111111111111111100000
000011111111111111111111111111111111111111111111111111111111111111111110000
000000000000000000000000000000000000000000000000000000000000000000000000000
000000000000000000000000000000000000000000000000000000000000000000000000000
000000000000000000000000000000000000000000000000000000000000000000000000000
000000000000000000000000000000000000000000000000000000000000000000000000000
000000000000000000000000000000000000000000000000000000000000000000000000000
000000000000000000000000000000000000000000000000000000000000000000000000000
000000000000000000000000000000000000000000000000000000000000000000000000000
000000000000000000000000000000000000000000000000000000000000000000000000000
000000000000000000000000000000000000000000000000000000000000000000000000000
000000000000000000000000000000000000000000000000000000000000000000000000000
000000000000000000000000000000000000000000000000000000000000000000000000000
000000000000000000000000000000000000000000000000000000000000000000000000000
000000000000000000000000000000000000000000000000000000000000000000000000000
000000000000000000000000000000000000000000000000000000000000000000000000000
000000000000000000000000000000000000000000000000000000000000000000000000000
000000000000000000000000000000000000000000000000000000000000000000000000000
000000000000000000000000000000000000000000000000000000000000000000000000000
000000000000000000000000000000000000000000000000000000000000000000000000000
000000000000000000000000000000000000000000000000000000000000000000000000000
000000000000000000000000000000000000000000000000000000000000000000000000000
000000000000000000000000000000000000000000000000000000000000000000000000000

000000000000000000000000000000000000000000000000000000000000000000000000000
000000000000000000000000000000000000000000000000000000000000000000000000000
000000000000000000000000000000000000000000000000000000000000000000000000000
000000000000000000000000000000000000000000000000000000000000000000000000000
000000000000000000000000000000000000000000000000000000000000000000000000000
000000000000000000000000000000000000000000000000000000000000000000000000000
000000000000000000000000000000000000000000000000000000000000000000000000000
000000000000000000000000000000000000000000000000000000000000000000000000000
000000000000000000000000000000000000000000000000000000000000000000000000000
000000000000000000000000000000000000000000000000000000000000000000000000000
000000000000000000000000000000000000000000000000000000000000000000000000000
000000000000000000000000000000000000000000000000000000000000000000000000000
000000000000000000000000000000000000000000000000000000000000000000000000000
000000000000000000000000000000000000000000000000000000000000000000000000000
000000000000000000000000000000000000000000000000000000000000000000000000000
000000000000000000000000000000000000000000000000000000000000000000000000000
000000000000000000000000000000000000000000000000000000000000000000000000000
000000000000000000000000000000000000000000000000000000000000000000000000000
000000000000000000000000000000000000000000000000000000000000000000000000000
000000000000000000000000000000000000000000000000000000000000000000000000000
000000000000000000000000000000000000010000000000000000000000000000000000000
000000000000000000000000000000000000111000000000000000000000000000000000000
000000000000000000000000000000000001101100000000000000000000000000000000000
000000000000000000000000000000000011100110000000000000000000000000000000000
000000000000000000000000000000000111100011000000000000000000000000000000000
000000000000000000000000000000001111100001100000000000000000000000000000000
000000000000000000000000000000011111100000110000000000000000000000000000000
000000000000000000000000000000111111100000011000000000000000000000000000000
000000000000000000000000000001111111100000001100000000000000000000000000000
000000000000000000000000000011111111100000000110000000000000000000000000000
000000000000000000000000000111111111100000000011000000000000000000000000000
000000000000000000000000001111111111100000000001100000000000000000000000000
000000000000000000000000011111111111100000000000110000000000000000000000000
000000000000000000000000111111111111100000000000011000000000000000000000000
000000000000000000000001111111111111100000000000001100000000000000000000000
000000000000000000000011111111111111100000000000000110000000000000000000000
000000000000000000000111111111111111100000000000000011000000000000000000000
000000000000000000001111111111111111100000000000000001100000000000000000000
000000000000000000011111111111111111100000000000000000110000000000000000000
000000000000000000111111111111111111100000000000000000011000000000000000000
000000000000000001111111111111111111100000000000000000001100000000000000000
000000000000000011111111111111111111100000000000000000000110000000000000000
000000000000000111111111111111111111100000000000000000000011000000000000000
000000000000001111111111111111111111100000000000000000000001100000000000000
000000000000011111111111111111111111100000000000000000000000110000000000000
000000000000111111111111111111111111100000000000000000000000011000000000000
000000000001111111111111111111111111100000000000000000000000001100000000000
000000000011111111111111111111111111100000000000000000000000000110000000000
000000000111111111111111111111111111100000000000000000000000000011000000000
000000001111111111111111111111111111100000000000000000000000000001100000000
000000011111111111111111111111111111100000000000000000000000000000110000000
000000111111111111111111111111111111100000000000000000000000000000011000000
000001111111111111111111111111111111111111111111111111111111111111111100000
000011111111111111111111111111111111111111111111111111111111111111111110000
000000000000000000000000000000000000000000000000000000000000000000000000000
000000000000000000000000000000000000000000000000000000000000000000000000000
000000000000000000000000000000000000000000000000000000000000000000000000000
000000000000000000000000000000000000000000000000000000000000000000000000000
000000000000000000000000000000000000000000000000000000000000000000000000000
000000000000000000000000000000000000000000000000000000000000000000000000000
000000000000000000000000000000000000000000000000000000000000000000000000000
000000000000000000000000000000000000000000000000000000000000000000000000000
000000000000000000000000000000000000000000000000000000000000000000000000000
000000000000000000000000000000000000000000000000000000000000000000000000000
000000000000000000000000000000000000000000000000000000000000000000000000000
000000000000000000000000000000000000000000000000000000000000000000000000000
000000000000000000000000000000000000000000000000000000000000000000000000000
000000000000000000000000000000000000000000000000000000000000000000000000000
000000000000000000000000000000000000000000000000000000000000000000000000000
000000000000000000000000000000000000000000000000000000000000000000000000000
000000000000000000000000000000000000000000000000000000000000000000000000000
000000000000000000000000000000000000000000000000000000000000000000000000000
000000000000000000000000000000000000000000000000000000000000000000000000000
000000000000000000000000000000000000000000000000000000000000000000000000000
000000000000000000000000000000000000000000000000000000000000000000000000000

== Output ==
000000000000000000000000000000000000000000000000000000000000000000000000000
000000000000000000000000000000000000000000000000000000000000000000000000000
000000000000000000000000000000000000000000000000000000000000000000000000000
000000000000000000000000000000000000000000000000000000000000000000000000000
000000000000000000000000000000000000000000000000000000000000000000000000000
000000000000000000000000000000000000000000000000000000000000000000000000000
000000000000000000000000000000000000000000000000000000000000000000000000000
000000000000000000000000000000000000000000000000000000000000000000000000000
000000000000000000000000000000000000000000000000000000000000000000000000000
000000000000000000000000000000000000000000000000000000000000000000000000000
000000000000000000000000000000000000000000000000000000000000000000000000000
000000000001111111111111111111111111111111111111111111111111111100000000000
000000000001111111111111111111111111111111111111111111111111111100000000000
000000000001111111111111111111111111100000000000000000000000001100000000000
000000000001111111111111111111111111100000000000000000000000001100000000000
000000000001111111111111111111111111100000000000000000000000001100000000000
000000000001111111111111111111111111100000000000000000000000001100000000000
000000000001111111111111111111111111100000000000000000000000001100000000000
000000000001111111111111111111111111100000000000000000000000001100000000000
000000000001111111111111111111111111100000000000000000000000001100000000000
000000000001111111111111111111111111100000000000000000000000001100000000000
000000000001111111111111111111111111100000000000000000000000001100000000000
000000000001111111111111111111111111100000000000000000000000001100000000000
000000000001111111111111111111111111100000000000000000000000001100000000000
000000000001111111111111111111111111100000000000000000000000001100000000000
000000000001111111111111111111111111100000000000000000000000001100000000000
000000000001111111111111111111111111100000000000000000000000001100000000000
000000000001111111111111111111111111100000000000000000000000001100000000000
000000000001111111111111111111111111100000000000000000000000001100000000000
000000000001111111111111111111111111100000000000000000000000001100000000000
000000000001111111111111111111111111100000000000000000000000001100000000000
000000000001111111111111111111111111100000000000000000000000001100000000000
000000000001111111111111111111111111100000000000000000000000001100000000000
000000000001111111111111111111111111100000000000000000000000001100000000000
000000000001111111111111111111111111100000000000000000000000001100000000000
000000000001111111111111111111111111100000000000000000000000001100000000000
000000000001111111111111111111111111100000000000000000000000001100000000000
000000000001111111111111111111111111100000000000000000000000001100000000000
000000000001111111111111111111111111100000000000000000000000001100000000000
000000000001111111111111111111111111100000000000000000000000001100000000000
000000000001111111111111111111111111100000000000000000000000001100000000000
000000000001111111111111111111111111100000000000000000000000001100000000000
000000000001111111111111111111111111100000000000000000000000001100000000000
000000000001111111111111111111111111100000000000000000000000001100000000000
000000000001111111111111111111111111100000000000000000000000001100000000000
000000000001111111111111111111111111100000000000000000000000001100000000000
000000000001111111111111111111111111100000000000000000000000001100000000000
000000000001111111111111111111111111100000000000000000000000001100000000000
000000000001111111111111111111111111100000000000000000000000001100000000000
000000000001111111111111111111111111100000000000000000000000001100000000000
000000000001111111111111111111111111100000000000000000000000001100000000000
000000000001111111111111111111111111100000000000000000000000001100000000000
000000000001111111111111111111111111100000000000000000000000001100000000000
000000000001111111111111111111111111100000000000000000000000001100000000000
000000000001111111111111111111111111100000000000000000000000001100000000000
000000000001111111111111111111111111100000000000000000000000001100000000000
000000000001111111111111111111111111100000000000000000000000001100000000000
000000000001111111111111111111111111100000000000000000000000001100000000000
000000000001111111111111111111111111100000000000000000000000001100000000000
000000000001111111111111111111111111100000000000000000000000001100000000000
000000000001111111111111111111111111100000000000000000000000001100000000000
000000000001111111111111111111111111100000000000000000000000001100000000000
000000000001111111111111111111111111111111111111111111111111111100000000000
000000000001111111111111111111111111111111111111111111111111111100000000000
000000000000000000000000000000000000000000000000000000000000000000000000000
000000000000000000000000000000000000000000000000000000000000000000000000000
000000000000000000000000000000000000000000000000000000000000000000000000000
000000000000000000000000000000000000000000000000000000000000000000000000000
000000000000000000000000000000000000000000000000000000000000000000000000000
000000000000000000000000000000000000000000000000000000000000000000000000000
000000000000000000000000000000000000000000000000000000000000000000000000000
000000000000000000000000000000000000000000000000000000000000000000000000000
000000000000000000000000000000000000000000000000000000000000000000000000000
000000000000000000000000000000000000000000000000000000000000000000000000000
000000000000000000000000000000000000000000000000000000000000000000000000000

000000000000000000000000000000000000000000000000000000000000000000000000000
000000000000000000000000000000000000000000000000000000000000000000000000000
000000000000000000000000000000000000000000000000000000000000000000000000000
000000000000000000000000000000000000000000000000000000000000000000000000000
000000000000000000000000000000000000000000000000000000000000000000000000000
000000000000000000000000000000000000000000000000000000000000000000000000000
000000000000000000000000000000000000010000000000000000000000000000000000000
000000000000000000000000000000111111111111111000000000000000000000000000000
000000000000000000000000000111111111111111111111000000000000000000000000000
000000000000000000000000111111111111100000000111111000000000000000000000000
000000000000000000000011111111111111100000000000111110000000000000000000000
000000000000000000000111111111111111100000000000001111000000000000000000000
000000000000000000011111111111111111100000000000000011110000000000000000000
000000000000000000111111111111111111100000000000000000111000000000000000000
000000000000000001111111111111111111100000000000000000011100000000000000000
000000000000000011111111111111111111100000000000000000001110000000000000000
000000000000000111111111111111111111100000000000000000000111000000000000000
000000000000001111111111111111111111100000000000000000000011100000000000000
000000000000011111111111111111111111100000000000000000000001110000000000000
000000000000111111111111111111111111100000000000000000000000111000000000000
000000000000111111111111111111111111100000000000000000000000011000000000000
000000000001111111111111111111111111100000000000000000000000001100000000000
000000000011111111111111111111111111100000000000000000000000001110000000000
000000000011111111111111111111111111100000000000000000000000000110000000000
000000000111111111111111111111111111100000000000000000000000000111000000000
000000000111111111111111111111111111100000000000000000000000000011000000000
000000000111111111111111111111111111100000000000000000000000000011000000000
000000001111111111111111111111111111100000000000000000000000000001100000000
000000001111111111111111111111111111100000000000000000000000000001100000000
000000001111111111111111111111111111100000000000000000000000000001100000000
000000011111111111111111111111111111100000000000000000000000000000110000000
000000011111111111111111111111111111100000000000000000000000000000110000000
000000011111111111111111111111111111100000000000000000000000000000110000000
000000011111111111111111111111111111100000000000000000000000000000110000000
000000011111111111111111111111111111100000000000000000000000000000110000000
000000011111111111111111111111111111100000000000000000000000000000110000000
000000011111111111111111111111111111100000000000000000000000000000110000000
000000111111111111111111111111111111100000000000000000000000000000111000000
000000011111111111111111111111111111100000000000000000000000000000110000000
000000011111111111111111111111111111100000000000000000000000000000110000000
000000011111111111111111111111111111100000000000000000000000000000110000000
000000011111111111111111111111111111100000000000000000000000000000110000000
000000011111111111111111111111111111100000000000000000000000000000110000000
000000011111111111111111111111111111100000000000000000000000000000110000000
000000011111111111111111111111111111100000000000000000000000000000110000000
000000001111111111111111111111111111100000000000000000000000000001100000000
000000001111111111111111111111111111100000000000000000000000000001100000000
000000001111111111111111111111111111100000000000000000000000000001100000000
000000000111111111111111111111111111100000000000000000000000000011000000000
000000000111111111111111111111111111100000000000000000000000000011000000000
000000000111111111111111111111111111100000000000000000000000000111000000000
000000000011111111111111111111111111100000000000000000000000000110000000000
000000000011111111111111111111111111100000000000000000000000001110000000000
000000000001111111111111111111111111100000000000000000000000001100000000000
000000000000111111111111111111111111100000000000000000000000011000000000000
000000000000111111111111111111111111100000000000000000000000111000000000000
000000000000011111111111111111111111100000000000000000000001110000000000000
000000000000001111111111111111111111100000000000000000000011100000000000000
000000000000000111111111111111111111100000000000000000000111000000000000000
000000000000000011111111111111111111100000000000000000001110000000000000000
000000000000000001111111111111111111100000000000000000011100000000000000000
000000000000000000111111111111111111100000000000000000111000000000000000000
000000000000000000011111111111111111100000000000000011110000000000000000000
000000000000000000000111111111111111100000000000001111000000000000000000000
000000000000000000000011111111111111100000000000111110000000000000000000000
000000000000000000000000111111111111100000000111111000000000000000000000000
000000000000000000000000000111111111111111111111000000000000000000000000000
000000000000000000000000000000111111111111111000000000000000000000000000000
000000000000000000000000000000000000010000000000000000000000000000000000000
000000000000000000000000000000000000000000000000000000000000000000000000000
000000000000000000000000000000000000000000000000000000000000000000000000000
000000000000000000000000000000000000000000000000000000000000000000000000000
000000000000000000000000000000000000000000000000000000000000000000000000000
000000000000000000000000000000000000000000000000000000000000000000000000000
000000000000000000000000000000000000000000000000000000000000000000000000000

000000000000000000000000000000000000000000000000000000000000000000000000000
000000000000000000000000000000000000000000000000000000000000000000000000000
000000000000000000000000000000000000000000000000000000000000000000000000000
000000000000000000000000000000000000000000000000000000000000000000000000000
000000000000000000000000000000000000000000000000000000000000000000000000000
000000000000000000000000000000000000000000000000000000000000000000000000000
000000000000000000000000000000000000000000000000000000000000000000000000000
000000000000000000000000000000000000000000000000000000000000000000000000000
000000000000000000000000000000000000000000000000000000000000000000000000000
000000000000000000000000000000000000000000000000000000000000000000000000000
000000000000000000000000000000000000000000000000000000000000000000000000000
000000000000000000000000000000000000000000000000000000000000000000000000000
000000000000000000000000000000000000000000000000000000000000000000000000000
000000000000000000000000000000000000000000000000000000000000000000000000000
000000000000000000000000000000000000000000000000000000000000000000000000000
000000000000000000000000000000000000000000000000000000000000000000000000000
000000000000000000000000000000000000000000000000000000000000000000000000000
000000000000000000000000000000000000000000000000000000000000000000000000000
000000000000000000000000000000000000000000000000000000000000000000000000000
000000000000000000000000000000000000000000000000000000000000000000000000000
000000000000000000000000000000000000010000000000000000000000000000000000000
000000000000000000000000000000000000111000000000000000000000000000000000000
000000000000000000000000000000000001101100000000000000000000000000000000000
000000000000000000000000000000000011100110000000000000000000000000000000000
000000000000000000000000000000000111100011000000000000000000000000000000000
000000000000000000000000000000001111100001100000000000000000000000000000000
000000000000000000000000000000011111100000110000000000000000000000000000000
000000000000000000000000000000111111100000011000000000000000000000000000000
000000000000000000000000000001111111100000001100000000000000000000000000000
000000000000000000000000000011111111100000000110000000000000000000000000000
000000000000000000000000000111111111100000000011000000000000000000000000000
000000000000000000000000001111111111100000000001100000000000000000000000000
000000000000000000000000011111111111100000000000110000000000000000000000000
000000000000000000000000111111111111100000000000011000000000000000000000000
000000000000000000000001111111111111100000000000001100000000000000000000000
000000000000000000000011111111111111100000000000000110000000000000000000000
000000000000000000000111111111111111100000000000000011000000000000000000000
000000000000000000001111111111111111100000000000000001100000000000000000000
000000000000000000011111111111111111100000000000000000110000000000000000000
000000000000000000111111111111111111100000000000000000011000000000000000000
000000000000000001111111111111111111100000000000000000001100000000000000000
000000000000000011111111111111111111100000000000000000000110000000000000000
000000000000000111111111111111111111100000000000000000000011000000000000000
000000000000001111111111111111111111100000000000000000000001100000000000000
000000000000011111111111111111111111100000000000000000000000110000000000000
000000000000111111111111111111111111100000000000000000000000011000000000000
000000000001111111111111111111111111100000000000000000000000001100000000000
000000000011111111111111111111111111100000000000000000000000000110000000000
000000000111111111111111111111111111100000000000000000000000000011000000000
000000001111111111111111111111111111100000000000000000000000000001100000000
000000011111111111111111111111111111100000000000000000000000000000110000000
000000111111111111111111111111111111100000000000000000000000000000011000000
000001111111111111111111111111111111111111111111111111111111111111111100000
000011111111111111111111111111111111111111111111111111111111111111111110000
000000000000000000000000000000000000000000000000000000000000000000000000000
000000000000000000000000000000000000000000000000000000000000000000000000000
000000000000000000000000000000000000000000000000000000000000000000000000000
000000000000000000000000000000000000000000000000000000000000000000000000000
000000000000000000000000000000000000000000000000000000000000000000000000000
000000000000000000000000000000000000000000000000000000000000000000000000000
000000000000000000000000000000000000000000000000000000000000000000000000000
000000000000000000000000000000000000000000000000000000000000000000000000000
000000000000000000000000000000000000000000000000000000000000000000000000000
000000000000000000000000000000000000000000000000000000000000000000000000000
000000000000000000000000000000000000000000000000000000000000000000000000000
000000000000000000000000000000000000000000000000000000000000000000000000000
000000000000000000000000000000000000000000000000000000000000000000000000000
000000000000000000000000000000000000000000000000000000000000000000000000000
000000000000000000000000000000000000000000000000000000000000000000000000000
000000000000000000000000000000000000000000000000000000000000000000000000000
000000000000000000000000000000000000000000000000000000000000000000000000000
000000000000000000000000000000000000000000000000000000000000000000000000000
000000000000000000000000000000000000000000000000000000000000000000000000000
000000000000000000000000000000000000000000000000000000000000000000000000000
000000000000000000000000000000000000000000000000000000000000000000000000000

000000000000000000000000000000000000000000000000000000000000000000000000000
000000000000000000000000000000000000000000000000000000000000000000000000000
000000000000000000000000000000000000000000000000000000000000000000000000000
000000000000000000000000000000000000000000000000000000000000000000000000000
000000000000000000000000000000000000000000000000000000000000000000000000000
000000000000000000000000000000000000000000000000000000000000000000000000000
000000000000000000111111111111111111111111111111111111111000000000000000000
000000000000000000111111111111111111111111111111111111111000000000000000000
000000000000000000111111111111111111100000000000000000011000000000000000000
000000000000000000111111111111111111100000000000000000011000000000000000000
000000000000000000111111111111111111100000000000000000011000000000000000000
000000000000000000111111111111111111100000000000000000011000000000000000000
000000000000000000111111111111111111100000000000000000011000000000000000000
000000000000000000111111111111111111100000000000000000011000000000000000000
000000000000000000111111111111111111100000000000000000011000000000000000000
000000000000000000111111111111111111100000000000000000011000000000000000000
000000000000000000111111111111111111100000000000000000011000000000000000000
000000000000000000111111111111111111100000000000000000011000000000000000000
000000000000000000111111111111111111100000000000000000011000000000000000000
000000000000000000111111111111111111100000000000000000011000000000000000000
000000000000000000111111111111111111100000000000000000011000000000000000000
000000000000000000111111111111111111100000000000000000011000000000000000000
000000000000000000111111111111111111100000000000000000011000000000000000000
000000000000000000111111111111111111100000000000000000011000000000000000000
000000000000000000111111111111111111100000000000000000011000000000000000000
000000000000000000111111111111111111100000000000000000011000000000000000000
000000000000000000111111111111111111100000000000000000011000000000000000000
000000000000000000111111111111111111100000000000000000011000000000000000000
000000000000000000111111111111111111100000000000000000011000000000000000000
000000000000000000111111111111111111100000000000000000011000000000000000000
000000000000000000111111111111111111100000000000000000011000000000000000000
000000000000000000111111111111111111100000000000000000011000000000000000000
000000000000000000111111111111111111100000000000000000011000000000000000000
000000000000000000111111111111111111100000000000000000011000000000000000000
000000000000000000111111111111111111100000000000000000011000000000000000000
000000000000000000111111111111111111100000000000000000011000000000000000000
000000000000000000111111111111111111100000000000000000011000000000000000000
000000000000000000111111111111111111100000000000000000011000000000000000000
000000000000000000111111111111111111100000000000000000011000000000000000000
000000000000000000111111111111111111100000000000000000011000000000000000000
000000000000000000111111111111111111100000000000000000011000000000000000000
000000000000000000111111111111111111100000000000000000011000000000000000000
000000000000000000111111111111111111100000000000000000011000000000000000000
000000000000000000111111111111111111100000000000000000011000000000000000000
000000000000000000111111111111111111100000000000000000011000000000000000000
000000000000000000111111111111111111100000000000000000011000000000000000000
000000000000000000111111111111111111100000000000000000011000000000000000000
000000000000000000111111111111111111100000000000000000011000000000000000000
000000000000000000111111111111111111100000000000000000011000000000000000000
000000000000000000111111111111111111100000000000000000011000000000000000000
000000000000000000111111111111111111100000000000000000011000000000000000000
000000000000000000111111111111111111100000000000000000011000000000000000000
000000000000000000111111111111111111100000000000000000011000000000000000000
000000000000000000111111111111111111100000000000000000011000000000000000000
000000000000000000111111111111111111100000000000000000011000000000000000000
000000000000000000111111111111111111100000000000000000011000000000000000000
000000000000000000111111111111111111100000000000000000011000000000000000000
000000000000000000111111111111111111100000000000000000011000000000000000000
000000000000000000111111111111111111100000000000000000011000000000000000000
000000000000000000111111111111111111100000000000000000011000000000000000000
000000000000000000111111111111111111100000000000000000011000000000000000000
000000000000000000111111111111111111100000000000000000011000000000000000000
000000000000000000111111111111111111100000000000000000011000000000000000000
000000000000000000111111111111111111100000000000000000011000000000000000000
000000000000000000111111111111111111100000000000000000011000000000000000000
000000000000000000111111111111111111100000000000000000011000000000000000000
000000000000000000111111111111111111100000000000000000011000000000000000000
000000000000000000111111111111111111111111111111111111111000000000000000000
000000000000000000111111111111111111111111111111111111111000000000000000000
000000000000000000000000000000000000000000000000000000000000000000000000000
000000000000000000000000000000000000000000000000000000000000000000000000000
000000000000000000000000000000000000000000000000000000000000000000000000000
000000000000000000000000000000000000000000000000000000000000000000000000000
000000000000000000000000000000000000000000000000000000000000000000000000000
000000000000000000000000000000000000000000000000000000000000000000000000000

000000000000000000000000000000000000000000000000000000000000000000000000000
000000000000000000000000000000000000000000000000000000000000000000000000000
000000000000000000000000000000000000000000000000000000000000000000000000000
000000000000000000000000000000000000000000000000000000000000000000000000000
000000000000000000000000000000000000000000000000000000000000000000000000000
000000000000000000000000000000000000000000000000000000000000000000000000000
000000000000000000000000000000000000000000000000000000000000000000000000000
000000000000000000000000000000000000000000000000000000000000000000000000000
000000000000000000000000000000000000000000000000000000000000000000000000000
000000000000000000000000000000000000000000000000000000000000000000000000000
000000000000000000000000000000000000000000000000000000000000000000000000000
000000000000000000000000000000000000000000000000000000000000000000000000000
000000000000000000000000000000000000000000000000000000000000000000000000000
000000000000000000000000000000000000000000000000000000000000000000000000000
000000000000000000000000000000000000000000000000000000000000000000000000000
000000000000000000000000000000000000000000000000000000000000000000000000000
000000000000000000000000000000000000000000000000000000000000000000000000000
000000000000000000000000000000000000000000000000000000000000000000000000000
000000000000000000000000000000000000000000000000000000000000000000000000000
000000000000000000000000000000000000000000000000000000000000000000000000000
000000000000000000000000000000000000000000000000000000000000000000000000000
000011111111111111111111111111111111111111111111111111111111111111111110000
000001111111111111111111111111111111111111111111111111111111111111111100000
000000111111111111111111111111111111100000000000000000000000000000011000000
000000011111111111111111111111111111100000000000000000000000000000110000000
000000001111111111111111111111111111100000000000000000000000000001100000000
000000000111111111111111111111111111100000000000000000000000000011000000000
000000000011111111111111111111111111100000000000000000000000000110000000000
000000000001111111111111111111111111100000000000000000000000001100000000000
000000000000111111111111111111111111100000000000000000000000011000000000000
000000000000011111111111111111111111100000000000000000000000110000000000000
000000000000001111111111111111111111100000000000000000000001100000000000000
000000000000000111111111111111111111100000000000000000000011000000000000000
000000000000000011111111111111111111100000000000000000000110000000000000000
000000000000000001111111111111111111100000000000000000001100000000000000000
000000000000000000111111111111111111100000000000000000011000000000000000000
000000000000000000011111111111111111100000000000000000110000000000000000000
000000000000000000001111111111111111100000000000000001100000000000000000000
000000000000000000000111111111111111100000000000000011000000000000000000000
000000000000000000000011111111111111100000000000000110000000000000000000000
000000000000000000000001111111111111100000000000001100000000000000000000000
000000000000000000000000111111111111100000000000011000000000000000000000000
000000000000000000000000011111111111100000000000110000000000000000000000000
000000000000000000000000001111111111100000000001100000000000000000000000000
000000000000000000000000000111111111100000000011000000000000000000000000000
000000000000000000000000000011111111100000000110000000000000000000000000000
000000000000000000000000000001111111100000001100000000000000000000000000000
000000000000000000000000000000111111100000011000000000000000000000000000000
000000000000000000000000000000011111100000110000000000000000000000000000000
000000000000000000000000000000001111100001100000000000000000000000000000000
000000000000000000000000000000000111100011000000000000000000000000000000000
000000000000000000000000000000000011100110000000000000000000000000000000000
000000000000000000000000000000000001101100000000000000000000000000000000000
000000000000000000000000000000000000111000000000000000000000000000000000000
000000000000000000000000000000000000010000000000000000000000000000000000000
000000000000000000000000000000000000000000000000000000000000000000000000000
000000000000000000000000000000000000000000000000000000000000000000000000000
000000000000000000000000000000000000000000000000000000000000000000000000000
000000000000000000000000000000000000000000000000000000000000000000000000000
000000000000000000000000000000000000000000000000000000000000000000000000000
000000000000000000000000000000000000000000000000000000000000000000000000000
000000000000000000000000000000000000000000000000000000000000000000000000000
000000000000000000000000000000000000000000000000000000000000000000000000000
000000000000000000000000000000000000000000000000000000000000000000000000000
000000000000000000000000000000000000000000000000000000000000000000000000000
000000000000000000000000000000000000000000000000000000000000000000000000000
000000000000000000000000000000000000000000000000000000000000000000000000000
000000000000000000000000000000000000000000000000000000000000000000000000000
000000000000000000000000000000000000000000000000000000000000000000000000000
000000000000000000000000000000000000000000000000000000000000000000000000000
000000000000000000000000000000000000000000000000000000000000000000000000000
000000000000000000000000000000000000000000000000000000000000000000000000000
000000000000000000000000000000000000000000000000000000000000000000000000000
000000000000000000000000000000000000000000000000000000000000000000000000000
000000000000000000000000000000000000000000000000000000000000000000000000000

000000000000000000000000000000000000000000000000000000000000000000000000000
000000000000000000000000000000000000000000000000000000000000000000000000000
000000000000000000000000000000000000000000000000000000000000000000000000000
000000000000000000000000000000000000000000000000000000000000000000000000000
000000000000000000000000000000000000000000000000000000000000000000000000000
000000000000000000000000000000000000000000000000000000000000000000000000000
000000000000000000000000000000000000000000000000000000000000000000000000000
000000000000000000000000000000000000000000000000000000000000000000000000000
000000000000000000000000000000000000000000000000000000000000000000000000000
000000000000000000000000000000000000000000000000000000000000000000000000000
000000000000000000000000000000000000000000000000000000000000000000000000000
000000000000000000000000000000000000000000000000000000000000000000000000000
000000000000000000000000000000000000000000000000000000000000000000000000000
000000000000000000000000000000000000000000000000000000000000000000000000000
000000000000000000000000000000000000000000000000000000000000000000000000000
000000000000000000000000000000000000000000000000000000000000000000000000000
000000000000000000000000000000000000000000000000000000000000000000000000000
000000000000000000000000000000000000000000000000000000000000000000000000000
000000111111111111111111111111111111111111111111111111111111111111111000000
000000111111111111111111111111111111111111111111111111111111111111111000000
000000111111111111111111111111111111100000000000000000000000000000011000000
000000111111111111111111111111111111100000000000000000000000000000011000000
000000111111111111111111111111111111100000000000000000000000000000011000000
000000111111111111111111111111111111100000000000000000000000000000011000000
000000111111111111111111111111111111100000000000000000000000000000011000000
000000111111111111111111111111111111100000000000000000000000000000011000000
000000111111111111111111111111111111100000000000000000000000000000011000000
000000111111111111111111111111111111100000000000000000000000000000011000000
000000111111111111111111111111111111100000000000000000000000000000011000000
000000111111111111111111111111111111100000000000000000000000000000011000000
000000111111111111111111111111111111100000000000000000000000000000011000000
000000111111111111111111111111111111100000000000000000000000000000011000000
000000111111111111111111111111111111100000000000000000000000000000011000000
000000111111111111111111111111111111100000000000000000000000000000011000000
000000111111111111111111111111111111100000000000000000000000000000011000000
000000111111111111111111111111111111100000000000000000000000000000011000000
000000111111111111111111111111111111100000000000000000000000000000011000000
000000111111111111111111111111111111100000000000000000000000000000011000000
000000111111111111111111111111111111100000000000000000000000000000011000000
000000111111111111111111111111111111100000000000000000000000000000011000000
000000111111111111111111111111111111100000000000000000000000000000011000000
000000111111111111111111111111111111100000000000000000000000000000011000000
000000111111111111111111111111111111100000000000000000000000000000011000000
000000111111111111111111111111111111100000000000000000000000000000011000000
000000111111111111111111111111111111100000000000000000000000000000011000000
000000111111111111111111111111111111100000000000000000000000000000011000000
000000111111111111111111111111111111100000000000000000000000000000011000000
000000111111111111111111111111111111100000000000000000000000000000011000000
000000111111111111111111111111111111100000000000000000000000000000011000000
000000111111111111111111111111111111100000000000000000000000000000011000000
000000111111111111111111111111111111100000000000000000000000000000011000000
000000111111111111111111111111111111100000000000000000000000000000011000000
000000111111111111111111111111111111100000000000000000000000000000011000000
000000111111111111111111111111111111100000000000000000000000000000011000000
000000111111111111111111111111111111100000000000000000000000000000011000000
000000111111111111111111111111111111111111111111111111111111111111111000000
000000111111111111111111111111111111111111111111111111111111111111111000000
000000000000000000000000000000000000000000000000000000000000000000000000000
000000000000000000000000000000000000000000000000000000000000000000000000000
000000000000000000000000000000000000000000000000000000000000000000000000000
000000000000000000000000000000000000000000000000000000000000000000000000000
000000000000000000000000000000000000000000000000000000000000000000000000000
000000000000000000000000000000000000000000000000000000000000000000000000000
000000000000000000000000000000000000000000000000000000000000000000000000000
000000000000000000000000000000000000000000000000000000000000000000000000000
000000000000000000000000000000000000000000000000000000000000000000000000000
000000000000000000000000000000000000000000000000000000000000000000000000000
000000000000000000000000000000000000000000000000000000000000000000000000000
000000000000000000000000000000000000000000000000000000000000000000000000000
000000000000000000000000000000000000000000000000000000000000000000000000000
000000000000000000000000000000000000000000000000000000000000000000000000000
000000000000000000000000000000000000000000000000000000000000000000000000000
000000000000000000000000000000000000000000000000000000000000000000000000000
000000000000000000000000000000000000000000000000000000000000000000000000000
000000000000000000000000000000000000000000000000000000000000000000000000000

== SDRs ==
00000000001000010010010000000100
00000001001000110000000100000100
00000000100100000110001000000010
00000000000000000000000001001000
10000001000001001001000000001000
00110001000000001001001000110000
10000110010000110000010100101100
10000000001000001100001000001100
10000101010000000000000100011000
00001010000010011100000110000000
00011001100000001000100000101001
10000000000000100010001000000011
00000100000001100000000000000100
00000100000000000000000011000000
00100001100000000101100000010100
10000010000100000000110010000000
00000001001000000000000001000100
10010000000000110000001000000011
00000100010000010100000000100000
00000010010000011001101000011110
00010000110001100000111001001001
10001000010001000001000110000000
00010000000000000000000000000001
00000100001000011000011001101100
00010000000000010000010000001000
00000000000001001010010110000000
01010010010000000001000001000000
00100010101100010010000000000000
00010000010000010000010000000001
00000010010000010100001000001001
00011001100100010001000000100000
00000010000000010000110000101010

00000000001000010010010000000100
00000001001000110000000100000100
00000000100100000110001000000010
00000000000000000000000001001000
10000001000001001001000000001000
00110001000000001001001000110000
10000110010000110000010100101100
10000000001000001100001000001100
10000101010000000000000100011000
00001010000010011100000110000000
00011001100000001000100000101001
10000000000000100010001000000011
00000100000001100000000000000100
00000100000000000000000011000000
00100001100000000101100000010100
10000010000100000000110010000000
00000001001000000000000001000100
10010000000000110000001000000011
00000100010000010100000000100000
00000010010000011001101000011110
00010000110001100000111001001001
10001000010001000001000110000000
00010000000000000000000000000001
00000100001000011000011001101100
00010000000000010000010000001000
00000000000001001010010110000000
01010010010000000001000001000000
00100010101100010010000000000000
00010000010000010000010000000001
00000010010000010100001000001001
00011001100100010001000000100000
00000010000000010000110000101010

00000000001000010010010000000100
00000001001000110000000100000100
00000000100100000110001000000010
00000000000000000000000001001000
10000001000001001001000000001000
00110001000000001001001000110000
10000110010000110000010100101100
10000000001000001100001000001100
10000101010000000000000100011000
00001010000010011100000110000000
00011001100000001000100000101001
10000000000000100010001000000011
00000100000001100000000000000100
00000100000000000000000011000000
00100001100000000101100000010100
10000010000100000000110010000000
00000001001000000000000001000100
10010000000000110000001000000011
00000100010000010100000000100000
00000010010000011001101000011110
00010000110001100000111001001001
10001000010001000001000110000000
00010000000000000000000000000001
00000100001000011000011001101100
00010000000000010000010000001000
00000000000001001010010110000000
01010010010000000001000001000000
00100010101100010010000000000000
00010000010000010000010000000001
00000010010000010100001000001001
00011001100100010001000000100000
00000010000000010000110000101010

11000000000000000000000010000111
01000001000000010010100000000000
00000100000000000000000000010010
00001000011000000000000000001100
00000000110001000000000000010000
00001000000001001000000000000110
10000001010000000000000000001100
00010000010000000110000000000000
00100100010000000000010000000000
00000010000000000000100000000000
00000000000000000000000000000001
10000000000000000000000000000000
00000000000000111000001000000000
00000000000000000010000000100000
00100100000010100001111000000100
00000000000000000010000000000000
00000001000010000001000000000010
00011000000100000100010000100001
01000001101010010000000000100000
00000010000010000000000100000001
00000101000000000010000000100001
00000000000000010100010110000000
00000010000000010000000000000000
00000000100000001010000000000001
00010000000100000000000000000000
00001100001100001011010100011000
01010010000000000000000001000000
00000000000000110000001000000000
00010000000000000011001000010100
01000010000000001001100000010010
00000001000000001000011000000000
00001000000000010000000000000100

01000000000000010000000010000001
00000101000000000000100000000000
00000100000100000000000000010000
00001000010100010000000000001100
00000000010001010000100000010001
00001010000011001010001000000110
10000000100000000000000100001000
10000100000000000010000000110000
00100000000000101000000100000000
00000010000100000100100000100000
00001000100000000100010000000010
10001000000000000000010000000000
00000000000000010000000000100100
00000100000010100010000000100100
01100000000000100001100000000100
01000011000000000000000000001000
00010001001000000101000000000010
00001000000100000000000000100001
01000000000000010000000000100000
00001011000001000000000100010011
00000000000000000000000000100001
10000000000000000100010110000000
00000000000000000001000000000000
00001000001000001010000000000001
00000000000100100000001000000000
00001100001000001010000000000000
00010000000001000000000001100000
00000000000000010000000100000010
00010000000000000010000000010110
00010010000100001000000000010010
00001000000000001101001010000000
00001000000000010000000100010100

00000000001000010010010000000100
00000001001000110000000100000100
00000000100100000110001000000010
00000000000000000000000001001000
10000001000001001001000000001000
00110001000000001001001000110000
10000110010000110000010100101100
10000000001000001100001000001100
10000101010000000000000100011000
00001010000010011100000110000000
00011001100000001000100000101001
10000000000000100010001000000011
00000100000001100000000000000100
00000100000000000000000011000000
00100001100000000101100000010100
10000010000100000000110010000000
00000001001000000000000001000100
10010000000000110000001000000011
00000100010000010100000000100000
00000010010000011001101000011110
00010000110001100000111001001001
10001000010001000001000110000000
00010000000000000000000000000001
00000100001000011000011001101100
00010000000000010000010000001000
00000000000001001010010110000000
01010010010000000001000001000000
00100010101100010010000000000000
00010000010000010000010000000001
00000010010000010100001000001001
00011001100100010001000000100000
00000010000000010000110000101010

01100110000100000000001010000001
00100000000000000010000000000000
00000100010100000000000010010010
00001000010000000010000000001100
00001000000011011000000000000000
00100000000000001000000010000110
00000000100010000000011100000010
10100100010000000010000000000000
00100100010100111000000100000000
01000000000000000100100100100000
00001000000000010000000000000010
10000000000000010000001000000000
00000000000000010000001000000110
10000000000010000000000001100000
00010100000000100101000000000000
01000000000000100100000000001000
00000101000000000101001000000000
00001000100000000000000000000100
10000000000000010000000000100000
00011010000011000000000100000000
00000000000010100001001000100001
00000000000000000000000100000000
00000000000000000001000000000000
00000000000001000000000001000001
00001000000000000000000000000000
00000000001000000011000100100010
00010000000000000000000011000001
00000000010000010000000100000010
00000000000000000010000000010000
00000010000000000100000000010000
00000000000000001000001010000000
00000000000000010000000010000101

00000001000100000000010010001000
01000000000010010010001100001000
01010010110001000000001110000000
00000000000000010001000001001100
00000010000010000000100000000000
00001010010000111001000000010110
00000011010000100000010100101100
10000010000000000110000000000000
00110101000010100000011000010001
00000000001000001101000010010000
00001000000000000001100100000001
00000001000000000001010000000000
00100000000010000101001000100000
01000101001010000000000010100000
00000110000010100100000000010100
01000100000001000000000100000000
00000000001110000100100000000010
00001000000000110000000100000000
00000000000000111100001010000000
01100010000001000001000010001011
00000000000000100000000101100011
10000001000001000000000000100000
00000000000000011111100000001001
01000000001000101001011100000000
00010000000010000010000000000100
00000000001001000000000100010000
11010000110000000000000001000000
00000100000000000000000011000000
10000010000000000100011100110000
01010010001100100000101000010001
01001100000001000010101000010000
01000010000000000100011000100000

01000000000000000010000000000000
00000101000010000000001000000000
00000100000001000000000000000000
00000000010000000000000000000100
00000001010001000100100000000001
00001011000000001000100000000100
00100000000000010010000100001100
10010000000000000010000000000000
00100010000000000000010000100000
00000000000000001000000000000001
00001000000100001100000001000001
00000000000000100010000000000001
00000100000000100100000000000110
00000100000000100000000000100000
00100000100000100000000000000100
10000110000011000000000000001000
00000000000000000101000000000000
00010000000000110100000000100001
00000000000000110000000000100000
00100010000000000000001000000011
00000010000000100000000000000001
10000000000000100100000100000000
00000000000000010000000000000001
01000000101000101000001100000000
00010000000000000000011000001000
00001000001100001001000010010010
00000010000000000000000001000000
00000010000000010000000000000010
00010010000000000000011100000100
00010010010000100000000010000000
00001000000000001001000000000000
00001000000000000000000100010000

