== Attributes ==
title=22_const_square_v2
type= 2x2
result=1
window_size=(75, 75)

== Input ==
000000000000000000000000000000000000000000000000000000000000000000000000000
000000000000000000000000000000000000000000000000000000000000000000000000000
000000000000000000000000000000000000000000000000000000000000000000000000000
000000000000000000000000000000000000000000000000000000000000000000000000000
000000000000000000000000000000000000000000000000000000000000000000000000000
000000000000000000000000000000000000000000000000000000000000000000000000000
000000000000000000000000000000000000000000000000000000000000000000000000000
000000000000000000000000000000000000000000000000000000000000000000000000000
000000000000000000000000000000000000000000000000000000000000000000000000000
000000000000000000000000000000000000000000000000000000000000000000000000000
000000000000000000000000000000000000000000000000000000000000000000000000000
000000000001111111111111111111111111111111111111111111111111111100000000000
000000000001111111111111111111111111111111111111111111111111111100000000000
000000000001100000000000000000000000011111111111111111111111111100000000000
000000000001100000000000000000000000011111111111111111111111111100000000000
000000000001100000000000000000000000011111111111111111111111111100000000000
000000000001100000000000000000000000011111111111111111111111111100000000000
000000000001100000000000000000000000011111111111111111111111111100000000000
000000000001100000000000000000000000011111111111111111111111111100000000000
000000000001100000000000000000000000011111111111111111111111111100000000000
000000000001100000000000000000000000011111111111111111111111111100000000000
000000000001100000000000000000000000011111111111111111111111111100000000000
000000000001100000000000000000000000011111111111111111111111111100000000000
000000000001100000000000000000000000011111111111111111111111111100000000000
000000000001100000000000000000000000011111111111111111111111111100000000000
000000000001100000000000000000000000011111111111111111111111111100000000000
000000000001100000000000000000000000011111111111111111111111111100000000000
000000000001100000000000000000000000011111111111111111111111111100000000000
000000000001100000000000000000000000011111111111111111111111111100000000000
000000000001100000000000000000000000011111111111111111111111111100000000000
000000000001100000000000000000000000011111111111111111111111111100000000000
000000000001100000000000000000000000011111111111111111111111111100000000000
000000000001100000000000000000000000011111111111111111111111111100000000000
000000000001100000000000000000000000011111111111111111111111111100000000000
000000000001100000000000000000000000011111111111111111111111111100000000000
000000000001100000000000000000000000011111111111111111111111111100000000000
000000000001100000000000000000000000011111111111111111111111111100000000000
000000000001100000000000000000000000011111111111111111111111111100000000000
000000000001100000000000000000000000011111111111111111111111111100000000000
000000000001100000000000000000000000011111111111111111111111111100000000000
000000000001100000000000000000000000011111111111111111111111111100000000000
000000000001100000000000000000000000011111111111111111111111111100000000000
000000000001100000000000000000000000011111111111111111111111111100000000000
000000000001100000000000000000000000011111111111111111111111111100000000000
000000000001100000000000000000000000011111111111111111111111111100000000000
000000000001100000000000000000000000011111111111111111111111111100000000000
000000000001100000000000000000000000011111111111111111111111111100000000000
000000000001100000000000000000000000011111111111111111111111111100000000000
000000000001100000000000000000000000011111111111111111111111111100000000000
000000000001100000000000000000000000011111111111111111111111111100000000000
000000000001100000000000000000000000011111111111111111111111111100000000000
000000000001100000000000000000000000011111111111111111111111111100000000000
000000000001100000000000000000000000011111111111111111111111111100000000000
000000000001100000000000000000000000011111111111111111111111111100000000000
000000000001100000000000000000000000011111111111111111111111111100000000000
000000000001100000000000000000000000011111111111111111111111111100000000000
000000000001100000000000000000000000011111111111111111111111111100000000000
000000000001100000000000000000000000011111111111111111111111111100000000000
000000000001100000000000000000000000011111111111111111111111111100000000000
000000000001100000000000000000000000011111111111111111111111111100000000000
000000000001100000000000000000000000011111111111111111111111111100000000000
000000000001100000000000000000000000011111111111111111111111111100000000000
000000000001111111111111111111111111111111111111111111111111111100000000000
000000000001111111111111111111111111111111111111111111111111111100000000000
000000000000000000000000000000000000000000000000000000000000000000000000000
000000000000000000000000000000000000000000000000000000000000000000000000000
000000000000000000000000000000000000000000000000000000000000000000000000000
000000000000000000000000000000000000000000000000000000000000000000000000000
000000000000000000000000000000000000000000000000000000000000000000000000000
000000000000000000000000000000000000000000000000000000000000000000000000000
000000000000000000000000000000000000000000000000000000000000000000000000000
000000000000000000000000000000000000000000000000000000000000000000000000000
000000000000000000000000000000000000000000000000000000000000000000000000000
000000000000000000000000000000000000000000000000000000000000000000000000000
000000000000000000000000000000000000000000000000000000000000000000000000000

000000000000000000000000000000000000000000000000000000000000000000000000000
000000000000000000000000000000000000000000000000000000000000000000000000000
000000000000000000000000000000000000000000000000000000000000000000000000000
000000000000000000000000000000000000000000000000000000000000000000000000000
000000000000000000000000000000000000000000000000000000000000000000000000000
000000000000000000000000000000000000000000000000000000000000000000000000000
000000000000000000000000000000000000000000000000000000000000000000000000000
000000000000000000000000000000000000000000000000000000000000000000000000000
000000000000000000000000000000000000000000000000000000000000000000000000000
000000000000000000000000000000000000000000000000000000000000000000000000000
000000000000000000000000000000000000000000000000000000000000000000000000000
000000000001111111111111111111111111111111111111111111111111111100000000000
000000000001111111111111111111111111111111111111111111111111111100000000000
000000000001100000000000000000000000011111111111111111111111111100000000000
000000000001100000000000000000000000011111111111111111111111111100000000000
000000000001100000000000000000000000011111111111111111111111111100000000000
000000000001100000000000000000000000011111111111111111111111111100000000000
000000000001100000000000000000000000011111111111111111111111111100000000000
000000000001100000000000000000000000011111111111111111111111111100000000000
000000000001100000000000000000000000011111111111111111111111111100000000000
000000000001100000000000000000000000011111111111111111111111111100000000000
000000000001100000000000000000000000011111111111111111111111111100000000000
000000000001100000000000000000000000011111111111111111111111111100000000000
000000000001100000000000000000000000011111111111111111111111111100000000000
000000000001100000000000000000000000011111111111111111111111111100000000000
000000000001100000000000000000000000011111111111111111111111111100000000000
000000000001100000000000000000000000011111111111111111111111111100000000000
000000000001100000000000000000000000011111111111111111111111111100000000000
000000000001100000000000000000000000011111111111111111111111111100000000000
000000000001100000000000000000000000011111111111111111111111111100000000000
000000000001100000000000000000000000011111111111111111111111111100000000000
000000000001100000000000000000000000011111111111111111111111111100000000000
000000000001100000000000000000000000011111111111111111111111111100000000000
000000000001100000000000000000000000011111111111111111111111111100000000000
000000000001100000000000000000000000011111111111111111111111111100000000000
000000000001100000000000000000000000011111111111111111111111111100000000000
000000000001100000000000000000000000011111111111111111111111111100000000000
000000000001100000000000000000000000011111111111111111111111111100000000000
000000000001100000000000000000000000011111111111111111111111111100000000000
000000000001100000000000000000000000011111111111111111111111111100000000000
000000000001100000000000000000000000011111111111111111111111111100000000000
000000000001100000000000000000000000011111111111111111111111111100000000000
000000000001100000000000000000000000011111111111111111111111111100000000000
000000000001100000000000000000000000011111111111111111111111111100000000000
000000000001100000000000000000000000011111111111111111111111111100000000000
000000000001100000000000000000000000011111111111111111111111111100000000000
000000000001100000000000000000000000011111111111111111111111111100000000000
000000000001100000000000000000000000011111111111111111111111111100000000000
000000000001100000000000000000000000011111111111111111111111111100000000000
000000000001100000000000000000000000011111111111111111111111111100000000000
000000000001100000000000000000000000011111111111111111111111111100000000000
000000000001100000000000000000000000011111111111111111111111111100000000000
000000000001100000000000000000000000011111111111111111111111111100000000000
000000000001100000000000000000000000011111111111111111111111111100000000000
000000000001100000000000000000000000011111111111111111111111111100000000000
000000000001100000000000000000000000011111111111111111111111111100000000000
000000000001100000000000000000000000011111111111111111111111111100000000000
000000000001100000000000000000000000011111111111111111111111111100000000000
000000000001100000000000000000000000011111111111111111111111111100000000000
000000000001100000000000000000000000011111111111111111111111111100000000000
000000000001100000000000000000000000011111111111111111111111111100000000000
000000000001100000000000000000000000011111111111111111111111111100000000000
000000000001111111111111111111111111111111111111111111111111111100000000000
000000000001111111111111111111111111111111111111111111111111111100000000000
000000000000000000000000000000000000000000000000000000000000000000000000000
000000000000000000000000000000000000000000000000000000000000000000000000000
000000000000000000000000000000000000000000000000000000000000000000000000000
000000000000000000000000000000000000000000000000000000000000000000000000000
000000000000000000000000000000000000000000000000000000000000000000000000000
000000000000000000000000000000000000000000000000000000000000000000000000000
000000000000000000000000000000000000000000000000000000000000000000000000000
000000000000000000000000000000000000000000000000000000000000000000000000000
000000000000000000000000000000000000000000000000000000000000000000000000000
000000000000000000000000000000000000000000000000000000000000000000000000000
000000000000000000000000000000000000000000000000000000000000000000000000000

000000000000000000000000000000000000000000000000000000000000000000000000000
000000000000000000000000000000000000000000000000000000000000000000000000000
000000000000000000000000000000000000000000000000000000000000000000000000000
000000000000000000000000000000000000000000000000000000000000000000000000000
000000000000000000000000000000000000000000000000000000000000000000000000000
000000000000000000000000000000000000000000000000000000000000000000000000000
000000000000000000000000000000000000000000000000000000000000000000000000000
000000000000000000000000000000000000000000000000000000000000000000000000000
000000000000000000000000000000000000000000000000000000000000000000000000000
000000000000000000000000000000000000000000000000000000000000000000000000000
000000000000000000000000000000000000000000000000000000000000000000000000000
000000000001111111111111111111111111111111111111111111111111111100000000000
000000000001111111111111111111111111111111111111111111111111111100000000000
000000000001100000000000000000000000011111111111111111111111111100000000000
000000000001100000000000000000000000011111111111111111111111111100000000000
000000000001100000000000000000000000011111111111111111111111111100000000000
000000000001100000000000000000000000011111111111111111111111111100000000000
000000000001100000000000000000000000011111111111111111111111111100000000000
000000000001100000000000000000000000011111111111111111111111111100000000000
000000000001100000000000000000000000011111111111111111111111111100000000000
000000000001100000000000000000000000011111111111111111111111111100000000000
000000000001100000000000000000000000011111111111111111111111111100000000000
000000000001100000000000000000000000011111111111111111111111111100000000000
000000000001100000000000000000000000011111111111111111111111111100000000000
000000000001100000000000000000000000011111111111111111111111111100000000000
000000000001100000000000000000000000011111111111111111111111111100000000000
000000000001100000000000000000000000011111111111111111111111111100000000000
000000000001100000000000000000000000011111111111111111111111111100000000000
000000000001100000000000000000000000011111111111111111111111111100000000000
000000000001100000000000000000000000011111111111111111111111111100000000000
000000000001100000000000000000000000011111111111111111111111111100000000000
000000000001100000000000000000000000011111111111111111111111111100000000000
000000000001100000000000000000000000011111111111111111111111111100000000000
000000000001100000000000000000000000011111111111111111111111111100000000000
000000000001100000000000000000000000011111111111111111111111111100000000000
000000000001100000000000000000000000011111111111111111111111111100000000000
000000000001100000000000000000000000011111111111111111111111111100000000000
000000000001100000000000000000000000011111111111111111111111111100000000000
000000000001100000000000000000000000011111111111111111111111111100000000000
000000000001100000000000000000000000011111111111111111111111111100000000000
000000000001100000000000000000000000011111111111111111111111111100000000000
000000000001100000000000000000000000011111111111111111111111111100000000000
000000000001100000000000000000000000011111111111111111111111111100000000000
000000000001100000000000000000000000011111111111111111111111111100000000000
000000000001100000000000000000000000011111111111111111111111111100000000000
000000000001100000000000000000000000011111111111111111111111111100000000000
000000000001100000000000000000000000011111111111111111111111111100000000000
000000000001100000000000000000000000011111111111111111111111111100000000000
000000000001100000000000000000000000011111111111111111111111111100000000000
000000000001100000000000000000000000011111111111111111111111111100000000000
000000000001100000000000000000000000011111111111111111111111111100000000000
000000000001100000000000000000000000011111111111111111111111111100000000000
000000000001100000000000000000000000011111111111111111111111111100000000000
000000000001100000000000000000000000011111111111111111111111111100000000000
000000000001100000000000000000000000011111111111111111111111111100000000000
000000000001100000000000000000000000011111111111111111111111111100000000000
000000000001100000000000000000000000011111111111111111111111111100000000000
000000000001100000000000000000000000011111111111111111111111111100000000000
000000000001100000000000000000000000011111111111111111111111111100000000000
000000000001100000000000000000000000011111111111111111111111111100000000000
000000000001100000000000000000000000011111111111111111111111111100000000000
000000000001100000000000000000000000011111111111111111111111111100000000000
000000000001111111111111111111111111111111111111111111111111111100000000000
000000000001111111111111111111111111111111111111111111111111111100000000000
000000000000000000000000000000000000000000000000000000000000000000000000000
000000000000000000000000000000000000000000000000000000000000000000000000000
000000000000000000000000000000000000000000000000000000000000000000000000000
000000000000000000000000000000000000000000000000000000000000000000000000000
000000000000000000000000000000000000000000000000000000000000000000000000000
000000000000000000000000000000000000000000000000000000000000000000000000000
000000000000000000000000000000000000000000000000000000000000000000000000000
000000000000000000000000000000000000000000000000000000000000000000000000000
000000000000000000000000000000000000000000000000000000000000000000000000000
000000000000000000000000000000000000000000000000000000000000000000000000000
000000000000000000000000000000000000000000000000000000000000000000000000000

== Output ==
000000000000000000000000000000000000000000000000000000000000000000000000000
000000000000000000000000000000000000000000000000000000000000000000000000000
000000000000000000000000000000000000000000000000000000000000000000000000000
000000000000000000000000000000000000000000000000000000000000000000000000000
000000000000000000000000000000000000000000000000000000000000000000000000000
000000000000000000000000000000000000000000000000000000000000000000000000000
000000000000000000000000000000000000000000000000000000000000000000000000000
000000000000000000000000000000000000000000000000000000000000000000000000000
000000000000000000000000000000000000000000000000000000000000000000000000000
000000000000000000000000000000000000000000000000000000000000000000000000000
000000000000000000000000000000000000000000000000000000000000000000000000000
000000000001111111111111111111111111111111111111111111111111111100000000000
000000000001111111111111111111111111111111111111111111111111111100000000000
000000000001100000000000000000000000011111111111111111111111111100000000000
000000000001100000000000000000000000011111111111111111111111111100000000000
000000000001100000000000000000000000011111111111111111111111111100000000000
000000000001100000000000000000000000011111111111111111111111111100000000000
000000000001100000000000000000000000011111111111111111111111111100000000000
000000000001100000000000000000000000011111111111111111111111111100000000000
000000000001100000000000000000000000011111111111111111111111111100000000000
000000000001100000000000000000000000011111111111111111111111111100000000000
000000000001100000000000000000000000011111111111111111111111111100000000000
000000000001100000000000000000000000011111111111111111111111111100000000000
000000000001100000000000000000000000011111111111111111111111111100000000000
000000000001100000000000000000000000011111111111111111111111111100000000000
000000000001100000000000000000000000011111111111111111111111111100000000000
000000000001100000000000000000000000011111111111111111111111111100000000000
000000000001100000000000000000000000011111111111111111111111111100000000000
000000000001100000000000000000000000011111111111111111111111111100000000000
000000000001100000000000000000000000011111111111111111111111111100000000000
000000000001100000000000000000000000011111111111111111111111111100000000000
000000000001100000000000000000000000011111111111111111111111111100000000000
000000000001100000000000000000000000011111111111111111111111111100000000000
000000000001100000000000000000000000011111111111111111111111111100000000000
000000000001100000000000000000000000011111111111111111111111111100000000000
000000000001100000000000000000000000011111111111111111111111111100000000000
000000000001100000000000000000000000011111111111111111111111111100000000000
000000000001100000000000000000000000011111111111111111111111111100000000000
000000000001100000000000000000000000011111111111111111111111111100000000000
000000000001100000000000000000000000011111111111111111111111111100000000000
000000000001100000000000000000000000011111111111111111111111111100000000000
000000000001100000000000000000000000011111111111111111111111111100000000000
000000000001100000000000000000000000011111111111111111111111111100000000000
000000000001100000000000000000000000011111111111111111111111111100000000000
000000000001100000000000000000000000011111111111111111111111111100000000000
000000000001100000000000000000000000011111111111111111111111111100000000000
000000000001100000000000000000000000011111111111111111111111111100000000000
000000000001100000000000000000000000011111111111111111111111111100000000000
000000000001100000000000000000000000011111111111111111111111111100000000000
000000000001100000000000000000000000011111111111111111111111111100000000000
000000000001100000000000000000000000011111111111111111111111111100000000000
000000000001100000000000000000000000011111111111111111111111111100000000000
000000000001100000000000000000000000011111111111111111111111111100000000000
000000000001100000000000000000000000011111111111111111111111111100000000000
000000000001100000000000000000000000011111111111111111111111111100000000000
000000000001100000000000000000000000011111111111111111111111111100000000000
000000000001100000000000000000000000011111111111111111111111111100000000000
000000000001100000000000000000000000011111111111111111111111111100000000000
000000000001100000000000000000000000011111111111111111111111111100000000000
000000000001100000000000000000000000011111111111111111111111111100000000000
000000000001100000000000000000000000011111111111111111111111111100000000000
000000000001100000000000000000000000011111111111111111111111111100000000000
000000000001111111111111111111111111111111111111111111111111111100000000000
000000000001111111111111111111111111111111111111111111111111111100000000000
000000000000000000000000000000000000000000000000000000000000000000000000000
000000000000000000000000000000000000000000000000000000000000000000000000000
000000000000000000000000000000000000000000000000000000000000000000000000000
000000000000000000000000000000000000000000000000000000000000000000000000000
000000000000000000000000000000000000000000000000000000000000000000000000000
000000000000000000000000000000000000000000000000000000000000000000000000000
000000000000000000000000000000000000000000000000000000000000000000000000000
000000000000000000000000000000000000000000000000000000000000000000000000000
000000000000000000000000000000000000000000000000000000000000000000000000000
000000000000000000000000000000000000000000000000000000000000000000000000000
000000000000000000000000000000000000000000000000000000000000000000000000000

000000000000000000000000000000000000000000000000000000000000000000000000000
000000000000000000000000000000000000000000000000000000000000000000000000000
000000000000000000000000000000000000000000000000000000000000000000000000000
000000000000000000000000000000000000000000000000000000000000000000000000000
000000000000000000000000000000000000000000000000000000000000000000000000000
000000000000000000000000000000000000000000000000000000000000000000000000000
000000000000000000000000000000000000010000000000000000000000000000000000000
000000000000000000000000000000111111111111111000000000000000000000000000000
000000000000000000000000000111111111111111111111000000000000000000000000000
000000000000000000000000111111000000011111111111111000000000000000000000000
000000000000000000000011111000000000011111111111111110000000000000000000000
000000000000000000000111100000000000011111111111111111000000000000000000000
000000000000000000011110000000000000011111111111111111110000000000000000000
000000000000000000111000000000000000011111111111111111111000000000000000000
000000000000000001110000000000000000011111111111111111111100000000000000000
000000000000000011100000000000000000011111111111111111111110000000000000000
000000000000000111000000000000000000011111111111111111111111000000000000000
000000000000001110000000000000000000011111111111111111111111100000000000000
000000000000011100000000000000000000011111111111111111111111110000000000000
000000000000111000000000000000000000011111111111111111111111111000000000000
000000000000110000000000000000000000011111111111111111111111111000000000000
000000000001100000000000000000000000011111111111111111111111111100000000000
000000000011100000000000000000000000011111111111111111111111111110000000000
000000000011000000000000000000000000011111111111111111111111111110000000000
000000000111000000000000000000000000011111111111111111111111111111000000000
000000000110000000000000000000000000011111111111111111111111111111000000000
000000000110000000000000000000000000011111111111111111111111111111000000000
000000001100000000000000000000000000011111111111111111111111111111100000000
000000001100000000000000000000000000011111111111111111111111111111100000000
000000001100000000000000000000000000011111111111111111111111111111100000000
000000011000000000000000000000000000011111111111111111111111111111110000000
000000011000000000000000000000000000011111111111111111111111111111110000000
000000011000000000000000000000000000011111111111111111111111111111110000000
000000011000000000000000000000000000011111111111111111111111111111110000000
000000011000000000000000000000000000011111111111111111111111111111110000000
000000011000000000000000000000000000011111111111111111111111111111110000000
000000011000000000000000000000000000011111111111111111111111111111110000000
000000111000000000000000000000000000011111111111111111111111111111111000000
000000011000000000000000000000000000011111111111111111111111111111110000000
000000011000000000000000000000000000011111111111111111111111111111110000000
000000011000000000000000000000000000011111111111111111111111111111110000000
000000011000000000000000000000000000011111111111111111111111111111110000000
000000011000000000000000000000000000011111111111111111111111111111110000000
000000011000000000000000000000000000011111111111111111111111111111110000000
000000011000000000000000000000000000011111111111111111111111111111110000000
000000001100000000000000000000000000011111111111111111111111111111100000000
000000001100000000000000000000000000011111111111111111111111111111100000000
000000001100000000000000000000000000011111111111111111111111111111100000000
000000000110000000000000000000000000011111111111111111111111111111000000000
000000000110000000000000000000000000011111111111111111111111111111000000000
000000000111000000000000000000000000011111111111111111111111111111000000000
000000000011000000000000000000000000011111111111111111111111111110000000000
000000000011100000000000000000000000011111111111111111111111111110000000000
000000000001100000000000000000000000011111111111111111111111111100000000000
000000000000110000000000000000000000011111111111111111111111111000000000000
000000000000111000000000000000000000011111111111111111111111111000000000000
000000000000011100000000000000000000011111111111111111111111110000000000000
000000000000001110000000000000000000011111111111111111111111100000000000000
000000000000000111000000000000000000011111111111111111111111000000000000000
000000000000000011100000000000000000011111111111111111111110000000000000000
000000000000000001110000000000000000011111111111111111111100000000000000000
000000000000000000111000000000000000011111111111111111111000000000000000000
000000000000000000011110000000000000011111111111111111110000000000000000000
000000000000000000000111100000000000011111111111111111000000000000000000000
000000000000000000000011111000000000011111111111111110000000000000000000000
000000000000000000000000111111000000011111111111111000000000000000000000000
000000000000000000000000000111111111111111111111000000000000000000000000000
000000000000000000000000000000111111111111111000000000000000000000000000000
000000000000000000000000000000000000010000000000000000000000000000000000000
000000000000000000000000000000000000000000000000000000000000000000000000000
000000000000000000000000000000000000000000000000000000000000000000000000000
000000000000000000000000000000000000000000000000000000000000000000000000000
000000000000000000000000000000000000000000000000000000000000000000000000000
000000000000000000000000000000000000000000000000000000000000000000000000000
000000000000000000000000000000000000000000000000000000000000000000000000000

000000000000000000000000000000000000000000000000000000000000000000000000000
000000000000000000000000000000000000000000000000000000000000000000000000000
000000000000000000000000000000000000000000000000000000000000000000000000000
000000000000000000000000000000000000000000000000000000000000000000000000000
000000000000000000000000000000000000000000000000000000000000000000000000000
000000000000000000000000000000000000000000000000000000000000000000000000000
000000000000000000000000000000000000000000000000000000000000000000000000000
000000000000000000000000000000000000000000000000000000000000000000000000000
000000000000000000000000000000000000000000000000000000000000000000000000000
000000000000000000000000000000000000000000000000000000000000000000000000000
000000000000000000000000000000000000000000000000000000000000000000000000000
000000000000000000000000000000000000000000000000000000000000000000000000000
000000000000000000000000000000000000000000000000000000000000000000000000000
000000000000000000000000000000000000000000000000000000000000000000000000000
000000000000000000000000000000000000000000000000000000000000000000000000000
000000000000000000000000000000000000000000000000000000000000000000000000000
000000000000000000000000000000000000000000000000000000000000000000000000000
000000000000000000000000000000000000000000000000000000000000000000000000000
000000000000000000000000000000000000000000000000000000000000000000000000000
000000000000000000000000000000000000000000000000000000000000000000000000000
000000000000000000000000000000000000010000000000000000000000000000000000000
000000000000000000000000000000000000111000000000000000000000000000000000000
000000000000000000000000000000000001111100000000000000000000000000000000000
000000000000000000000000000000000011011110000000000000000000000000000000000
000000000000000000000000000000000110011111000000000000000000000000000000000
000000000000000000000000000000001100011111100000000000000000000000000000000
000000000000000000000000000000011000011111110000000000000000000000000000000
000000000000000000000000000000110000011111111000000000000000000000000000000
000000000000000000000000000001100000011111111100000000000000000000000000000
000000000000000000000000000011000000011111111110000000000000000000000000000
000000000000000000000000000110000000011111111111000000000000000000000000000
000000000000000000000000001100000000011111111111100000000000000000000000000
000000000000000000000000011000000000011111111111110000000000000000000000000
000000000000000000000000110000000000011111111111111000000000000000000000000
000000000000000000000001100000000000011111111111111100000000000000000000000
000000000000000000000011000000000000011111111111111110000000000000000000000
000000000000000000000110000000000000011111111111111111000000000000000000000
000000000000000000001100000000000000011111111111111111100000000000000000000
000000000000000000011000000000000000011111111111111111110000000000000000000
000000000000000000110000000000000000011111111111111111111000000000000000000
000000000000000001100000000000000000011111111111111111111100000000000000000
000000000000000011000000000000000000011111111111111111111110000000000000000
000000000000000110000000000000000000011111111111111111111111000000000000000
000000000000001100000000000000000000011111111111111111111111100000000000000
000000000000011000000000000000000000011111111111111111111111110000000000000
000000000000110000000000000000000000011111111111111111111111111000000000000
000000000001100000000000000000000000011111111111111111111111111100000000000
000000000011000000000000000000000000011111111111111111111111111110000000000
000000000110000000000000000000000000011111111111111111111111111111000000000
000000001100000000000000000000000000011111111111111111111111111111100000000
000000011000000000000000000000000000011111111111111111111111111111110000000
000000110000000000000000000000000000011111111111111111111111111111111000000
000001111111111111111111111111111111111111111111111111111111111111111100000
000011111111111111111111111111111111111111111111111111111111111111111110000
000000000000000000000000000000000000000000000000000000000000000000000000000
000000000000000000000000000000000000000000000000000000000000000000000000000
000000000000000000000000000000000000000000000000000000000000000000000000000
000000000000000000000000000000000000000000000000000000000000000000000000000
000000000000000000000000000000000000000000000000000000000000000000000000000
000000000000000000000000000000000000000000000000000000000000000000000000000
000000000000000000000000000000000000000000000000000000000000000000000000000
000000000000000000000000000000000000000000000000000000000000000000000000000
000000000000000000000000000000000000000000000000000000000000000000000000000
000000000000000000000000000000000000000000000000000000000000000000000000000
000000000000000000000000000000000000000000000000000000000000000000000000000
000000000000000000000000000000000000000000000000000000000000000000000000000
000000000000000000000000000000000000000000000000000000000000000000000000000
000000000000000000000000000000000000000000000000000000000000000000000000000
000000000000000000000000000000000000000000000000000000000000000000000000000
000000000000000000000000000000000000000000000000000000000000000000000000000
000000000000000000000000000000000000000000000000000000000000000000000000000
000000000000000000000000000000000000000000000000000000000000000000000000000
000000000000000000000000000000000000000000000000000000000000000000000000000
000000000000000000000000000000000000000000000000000000000000000000000000000
000000000000000000000000000000000000000000000000000000000000000000000000000

000000000000000000000000000000000000000000000000000000000000000000000000000
000000000000000000000000000000000000000000000000000000000000000000000000000
000000000000000000000000000000000000000000000000000000000000000000000000000
000000000000000000000000000000000000000000000000000000000000000000000000000
000000000000000000000000000000000000000000000000000000000000000000000000000
000000000000000000000000000000000000000000000000000000000000000000000000000
000000000000000000111111111111111111111111111111111111111000000000000000000
000000000000000000111111111111111111111111111111111111111000000000000000000
000000000000000000110000000000000000011111111111111111111000000000000000000
000000000000000000110000000000000000011111111111111111111000000000000000000
000000000000000000110000000000000000011111111111111111111000000000000000000
000000000000000000110000000000000000011111111111111111111000000000000000000
000000000000000000110000000000000000011111111111111111111000000000000000000
000000000000000000110000000000000000011111111111111111111000000000000000000
000000000000000000110000000000000000011111111111111111111000000000000000000
000000000000000000110000000000000000011111111111111111111000000000000000000
000000000000000000110000000000000000011111111111111111111000000000000000000
000000000000000000110000000000000000011111111111111111111000000000000000000
000000000000000000110000000000000000011111111111111111111000000000000000000
000000000000000000110000000000000000011111111111111111111000000000000000000
000000000000000000110000000000000000011111111111111111111000000000000000000
000000000000000000110000000000000000011111111111111111111000000000000000000
000000000000000000110000000000000000011111111111111111111000000000000000000
000000000000000000110000000000000000011111111111111111111000000000000000000
000000000000000000110000000000000000011111111111111111111000000000000000000
000000000000000000110000000000000000011111111111111111111000000000000000000
000000000000000000110000000000000000011111111111111111111000000000000000000
000000000000000000110000000000000000011111111111111111111000000000000000000
000000000000000000110000000000000000011111111111111111111000000000000000000
000000000000000000110000000000000000011111111111111111111000000000000000000
000000000000000000110000000000000000011111111111111111111000000000000000000
000000000000000000110000000000000000011111111111111111111000000000000000000
000000000000000000110000000000000000011111111111111111111000000000000000000
000000000000000000110000000000000000011111111111111111111000000000000000000
000000000000000000110000000000000000011111111111111111111000000000000000000
000000000000000000110000000000000000011111111111111111111000000000000000000
000000000000000000110000000000000000011111111111111111111000000000000000000
000000000000000000110000000000000000011111111111111111111000000000000000000
000000000000000000110000000000000000011111111111111111111000000000000000000
000000000000000000110000000000000000011111111111111111111000000000000000000
000000000000000000110000000000000000011111111111111111111000000000000000000
000000000000000000110000000000000000011111111111111111111000000000000000000
000000000000000000110000000000000000011111111111111111111000000000000000000
000000000000000000110000000000000000011111111111111111111000000000000000000
000000000000000000110000000000000000011111111111111111111000000000000000000
000000000000000000110000000000000000011111111111111111111000000000000000000
000000000000000000110000000000000000011111111111111111111000000000000000000
000000000000000000110000000000000000011111111111111111111000000000000000000
000000000000000000110000000000000000011111111111111111111000000000000000000
000000000000000000110000000000000000011111111111111111111000000000000000000
000000000000000000110000000000000000011111111111111111111000000000000000000
000000000000000000110000000000000000011111111111111111111000000000000000000
000000000000000000110000000000000000011111111111111111111000000000000000000
000000000000000000110000000000000000011111111111111111111000000000000000000
000000000000000000110000000000000000011111111111111111111000000000000000000
000000000000000000110000000000000000011111111111111111111000000000000000000
000000000000000000110000000000000000011111111111111111111000000000000000000
000000000000000000110000000000000000011111111111111111111000000000000000000
000000000000000000110000000000000000011111111111111111111000000000000000000
000000000000000000110000000000000000011111111111111111111000000000000000000
000000000000000000110000000000000000011111111111111111111000000000000000000
000000000000000000110000000000000000011111111111111111111000000000000000000
000000000000000000110000000000000000011111111111111111111000000000000000000
000000000000000000110000000000000000011111111111111111111000000000000000000
000000000000000000110000000000000000011111111111111111111000000000000000000
000000000000000000110000000000000000011111111111111111111000000000000000000
000000000000000000110000000000000000011111111111111111111000000000000000000
000000000000000000111111111111111111111111111111111111111000000000000000000
000000000000000000111111111111111111111111111111111111111000000000000000000
000000000000000000000000000000000000000000000000000000000000000000000000000
000000000000000000000000000000000000000000000000000000000000000000000000000
000000000000000000000000000000000000000000000000000000000000000000000000000
000000000000000000000000000000000000000000000000000000000000000000000000000
000000000000000000000000000000000000000000000000000000000000000000000000000
000000000000000000000000000000000000000000000000000000000000000000000000000

000000000000000000000000000000000000000000000000000000000000000000000000000
000000000000000000000000000000000000000000000000000000000000000000000000000
000000000000000000000000000000000000000000000000000000000000000000000000000
000000000000000000000000000000000000000000000000000000000000000000000000000
000000000000000000000000000000000000000000000000000000000000000000000000000
000000000000000000000000000000000000000000000000000000000000000000000000000
000000000000000000000000000000000000000000000000000000000000000000000000000
000000000000000000000000000000000000000000000000000000000000000000000000000
000000000000000000000000000000000000000000000000000000000000000000000000000
000000000000000000000000000000000000000000000000000000000000000000000000000
000000000000000000000000000000000000000000000000000000000000000000000000000
000000000000000000000000000000000000000000000000000000000000000000000000000
000000000000000000000000000000000000000000000000000000000000000000000000000
000000000000000000000000000000000000000000000000000000000000000000000000000
000000000000000000000000000000000000000000000000000000000000000000000000000
000000000000000000000000000000000000000000000000000000000000000000000000000
000000000000000000000000000000000000000000000000000000000000000000000000000
000000000000000000000000000000000000000000000000000000000000000000000000000
000000000000000000000000000000000000000000000000000000000000000000000000000
000000000000000000000000000000000000000000000000000000000000000000000000000
000000000000000000000000000000000000000000000000000000000000000000000000000
000011111111111111111111111111111111111111111111111111111111111111111110000
000001111111111111111111111111111111111111111111111111111111111111111100000
000000110000000000000000000000000000011111111111111111111111111111111000000
000000011000000000000000000000000000011111111111111111111111111111110000000
000000001100000000000000000000000000011111111111111111111111111111100000000
000000000110000000000000000000000000011111111111111111111111111111000000000
000000000011000000000000000000000000011111111111111111111111111110000000000
000000000001100000000000000000000000011111111111111111111111111100000000000
000000000000110000000000000000000000011111111111111111111111111000000000000
000000000000011000000000000000000000011111111111111111111111110000000000000
000000000000001100000000000000000000011111111111111111111111100000000000000
000000000000000110000000000000000000011111111111111111111111000000000000000
000000000000000011000000000000000000011111111111111111111110000000000000000
000000000000000001100000000000000000011111111111111111111100000000000000000
000000000000000000110000000000000000011111111111111111111000000000000000000
000000000000000000011000000000000000011111111111111111110000000000000000000
000000000000000000001100000000000000011111111111111111100000000000000000000
000000000000000000000110000000000000011111111111111111000000000000000000000
000000000000000000000011000000000000011111111111111110000000000000000000000
000000000000000000000001100000000000011111111111111100000000000000000000000
000000000000000000000000110000000000011111111111111000000000000000000000000
000000000000000000000000011000000000011111111111110000000000000000000000000
000000000000000000000000001100000000011111111111100000000000000000000000000
000000000000000000000000000110000000011111111111000000000000000000000000000
000000000000000000000000000011000000011111111110000000000000000000000000000
000000000000000000000000000001100000011111111100000000000000000000000000000
000000000000000000000000000000110000011111111000000000000000000000000000000
000000000000000000000000000000011000011111110000000000000000000000000000000
000000000000000000000000000000001100011111100000000000000000000000000000000
000000000000000000000000000000000110011111000000000000000000000000000000000
000000000000000000000000000000000011011110000000000000000000000000000000000
000000000000000000000000000000000001111100000000000000000000000000000000000
000000000000000000000000000000000000111000000000000000000000000000000000000
000000000000000000000000000000000000010000000000000000000000000000000000000
000000000000000000000000000000000000000000000000000000000000000000000000000
000000000000000000000000000000000000000000000000000000000000000000000000000
000000000000000000000000000000000000000000000000000000000000000000000000000
000000000000000000000000000000000000000000000000000000000000000000000000000
000000000000000000000000000000000000000000000000000000000000000000000000000
000000000000000000000000000000000000000000000000000000000000000000000000000
000000000000000000000000000000000000000000000000000000000000000000000000000
000000000000000000000000000000000000000000000000000000000000000000000000000
000000000000000000000000000000000000000000000000000000000000000000000000000
000000000000000000000000000000000000000000000000000000000000000000000000000
000000000000000000000000000000000000000000000000000000000000000000000000000
000000000000000000000000000000000000000000000000000000000000000000000000000
000000000000000000000000000000000000000000000000000000000000000000000000000
000000000000000000000000000000000000000000000000000000000000000000000000000
000000000000000000000000000000000000000000000000000000000000000000000000000
000000000000000000000000000000000000000000000000000000000000000000000000000
000000000000000000000000000000000000000000000000000000000000000000000000000
000000000000000000000000000000000000000000000000000000000000000000000000000
000000000000000000000000000000000000000000000000000000000000000000000000000
000000000000000000000000000000000000000000000000000000000000000000000000000

000000000000000000000000000000000000000000000000000000000000000000000000000
000000000000000000000000000000000000000000000000000000000000000000000000000
000000000000000000000000000000000000000000000000000000000000000000000000000
000000000000000000000000000000000000000000000000000000000000000000000000000
000000000000000000000000000000000000000000000000000000000000000000000000000
000000000000000000000000000000000000000000000000000000000000000000000000000
000000000000000000000000000000000000000000000000000000000000000000000000000
000000000000000000000000000000000000000000000000000000000000000000000000000
000000000000000000000000000000000000000000000000000000000000000000000000000
000000000000000000000000000000000000000000000000000000000000000000000000000
000000000000000000000000000000000000000000000000000000000000000000000000000
000000000000000000000000000000000000000000000000000000000000000000000000000
000000000000000000000000000000000000000000000000000000000000000000000000000
000000000000000000000000000000000000000000000000000000000000000000000000000
000000000000000000000000000000000000000000000000000000000000000000000000000
000000000000000000000000000000000000000000000000000000000000000000000000000
000000000000000000000000000000000000000000000000000000000000000000000000000
000000000000000000000000000000000000000000000000000000000000000000000000000
000000111111111111111111111111111111111111111111111111111111111111111000000
000000111111111111111111111111111111111111111111111111111111111111111000000
000000110000000000000000000000000000011111111111111111111111111111111000000
000000110000000000000000000000000000011111111111111111111111111111111000000
000000110000000000000000000000000000011111111111111111111111111111111000000
000000110000000000000000000000000000011111111111111111111111111111111000000
000000110000000000000000000000000000011111111111111111111111111111111000000
000000110000000000000000000000000000011111111111111111111111111111111000000
000000110000000000000000000000000000011111111111111111111111111111111000000
000000110000000000000000000000000000011111111111111111111111111111111000000
000000110000000000000000000000000000011111111111111111111111111111111000000
000000110000000000000000000000000000011111111111111111111111111111111000000
000000110000000000000000000000000000011111111111111111111111111111111000000
000000110000000000000000000000000000011111111111111111111111111111111000000
000000110000000000000000000000000000011111111111111111111111111111111000000
000000110000000000000000000000000000011111111111111111111111111111111000000
000000110000000000000000000000000000011111111111111111111111111111111000000
000000110000000000000000000000000000011111111111111111111111111111111000000
000000110000000000000000000000000000011111111111111111111111111111111000000
000000110000000000000000000000000000011111111111111111111111111111111000000
000000110000000000000000000000000000011111111111111111111111111111111000000
000000110000000000000000000000000000011111111111111111111111111111111000000
000000110000000000000000000000000000011111111111111111111111111111111000000
000000110000000000000000000000000000011111111111111111111111111111111000000
000000110000000000000000000000000000011111111111111111111111111111111000000
000000110000000000000000000000000000011111111111111111111111111111111000000
000000110000000000000000000000000000011111111111111111111111111111111000000
000000110000000000000000000000000000011111111111111111111111111111111000000
000000110000000000000000000000000000011111111111111111111111111111111000000
000000110000000000000000000000000000011111111111111111111111111111111000000
000000110000000000000000000000000000011111111111111111111111111111111000000
000000110000000000000000000000000000011111111111111111111111111111111000000
000000110000000000000000000000000000011111111111111111111111111111111000000
000000110000000000000000000000000000011111111111111111111111111111111000000
000000110000000000000000000000000000011111111111111111111111111111111000000
000000110000000000000000000000000000011111111111111111111111111111111000000
000000110000000000000000000000000000011111111111111111111111111111111000000
000000111111111111111111111111111111111111111111111111111111111111111000000
000000111111111111111111111111111111111111111111111111111111111111111000000
000000000000000000000000000000000000000000000000000000000000000000000000000
000000000000000000000000000000000000000000000000000000000000000000000000000
000000000000000000000000000000000000000000000000000000000000000000000000000
000000000000000000000000000000000000000000000000000000000000000000000000000
000000000000000000000000000000000000000000000000000000000000000000000000000
000000000000000000000000000000000000000000000000000000000000000000000000000
000000000000000000000000000000000000000000000000000000000000000000000000000
000000000000000000000000000000000000000000000000000000000000000000000000000
000000000000000000000000000000000000000000000000000000000000000000000000000
000000000000000000000000000000000000000000000000000000000000000000000000000
000000000000000000000000000000000000000000000000000000000000000000000000000
000000000000000000000000000000000000000000000000000000000000000000000000000
000000000000000000000000000000000000000000000000000000000000000000000000000
000000000000000000000000000000000000000000000000000000000000000000000000000
000000000000000000000000000000000000000000000000000000000000000000000000000
000000000000000000000000000000000000000000000000000000000000000000000000000
000000000000000000000000000000000000000000000000000000000000000000000000000
000000000000000000000000000000000000000000000000000000000000000000000000000

== SDRs ==
10110100000000010000000000001010
00001000000010001000000010000010
00000000000110100000010000010100
00010000000100000100010000000010
00000001000000000000000000100000
00000010000000010001000110110100
00011010100010100100001010000000
00001010001000000010010000001000
00001010001001000010000100000000
00000000000101001000010100100000
01001101000000000000000000000000
00011100011010011001100000000010
10000000000000111000000001000000
10011110001101100100000000000000
00000011001000000000000100000010
00000001000100100000000100000000
10000000000000010000001000000000
00100010000100100100011010001000
00100001001000100100000000011010
00000010110100000000000000000000
01010001001100000100001000000010
11000010011000010001000100110000
00000010110001001000000000000000
00000000001001000000100000000011
11101000001000010000100000011110
00001001010000000000001000000110
00110000001000000110100000000101
00010010011100000010000000000011
01000000000000001001000000010100
00100000010000101001010011000110
10010100000000000000011000001001
00000011000000001010000000010001

10110100000000010000000000001010
00001000000010001000000010000010
00000000000110100000010000010100
00010000000100000100010000000010
00000001000000000000000000100000
00000010000000010001000110110100
00011010100010100100001010000000
00001010001000000010010000001000
00001010001001000010000100000000
00000000000101001000010100100000
01001101000000000000000000000000
00011100011010011001100000000010
10000000000000111000000001000000
10011110001101100100000000000000
00000011001000000000000100000010
00000001000100100000000100000000
10000000000000010000001000000000
00100010000100100100011010001000
00100001001000100100000000011010
00000010110100000000000000000000
01010001001100000100001000000010
11000010011000010001000100110000
00000010110001001000000000000000
00000000001001000000100000000011
11101000001000010000100000011110
00001001010000000000001000000110
00110000001000000110100000000101
00010010011100000010000000000011
01000000000000001001000000010100
00100000010000101001010011000110
10010100000000000000011000001001
00000011000000001010000000010001

10110100000000010000000000001010
00001000000010001000000010000010
00000000000110100000010000010100
00010000000100000100010000000010
00000001000000000000000000100000
00000010000000010001000110110100
00011010100010100100001010000000
00001010001000000010010000001000
00001010001001000010000100000000
00000000000101001000010100100000
01001101000000000000000000000000
00011100011010011001100000000010
10000000000000111000000001000000
10011110001101100100000000000000
00000011001000000000000100000010
00000001000100100000000100000000
10000000000000010000001000000000
00100010000100100100011010001000
00100001001000100100000000011010
00000010110100000000000000000000
01010001001100000100001000000010
11000010011000010001000100110000
00000010110001001000000000000000
00000000001001000000100000000011
11101000001000010000100000011110
00001001010000000000001000000110
00110000001000000110100000000101
00010010011100000010000000000011
01000000000000001001000000010100
00100000010000101001010011000110
10010100000000000000011000001001
00000011000000001010000000010001

10110100000000010000000000001010
00001000000010001000000010000010
00000000000110100000010000010100
00010000000100000100010000000010
00000001000000000000000000100000
00000010000000010001000110110100
00011010100010100100001010000000
00001010001000000010010000001000
00001010001001000010000100000000
00000000000101001000010100100000
01001101000000000000000000000000
00011100011010011001100000000010
10000000000000111000000001000000
10011110001101100100000000000000
00000011001000000000000100000010
00000001000100100000000100000000
10000000000000010000001000000000
00100010000100100100011010001000
00100001001000100100000000011010
00000010110100000000000000000000
01010001001100000100001000000010
11000010011000010001000100110000
00000010110001001000000000000000
00000000001001000000100000000011
11101000001000010000100000011110
00001001010000000000001000000110
00110000001000000110100000000101
00010010011100000010000000000011
01000000000000001001000000010100
00100000010000101001010011000110
10010100000000000000011000001001
00000011000000001010000000010001

10110010101100110000001000000010
00000000000100000000000000000100
01000000000101100000010100000110
00010010000000100101010000000000
00100000000000000000010001000010
01100000000001110100010000000001
00010010110000010000001100000000
00000100000000100000000000000000
00000010001100010001000000100000
10110000010000001000000100110000
01000000001000000000100010001001
00000000000000001100000000100000
00000000010000000000000000000100
00001111010101000100000000000000
00000101101000000000110000000000
11100000000000100110000000100000
01000000000000010000001000100010
00001000100100100001011011101100
00000001000000100101000001000000
00100010000001101000000000001001
00000000000000000000000000000000
10001001001100000111000100010000
00000010010001000000000000100000
00000000000000000001100101000001
01100010001000000100000000000110
00111101000000000000000000110010
10101000001001000010000000000100
00001010000100000010000100000011
10010000000000001001000100110100
00000000110001101001010010100001
01000100000011001001010000000011
00000000000000010100001000000000

00000000100000100100000000001000
00000000100000000000100100000001
01001010001100100000000010010100
10011000000010000000000000000100
01000000100000000100001000010001
10001000000010110001001100000100
10011000110010001100001001000000
00000000000001010000000001010010
00001100000000000010001100001100
00000100010100000000000100000100
00000111000000000000000000000000
00000000011100111100000000000000
00001000010000001001000010000001
00100001000100000000000100100000
01011000000000010000101100001010
10000000000101010010010000000100
11100000000000001000000010000000
00010000000100001000001100010000
10100000000000100100000000011000
00110011010000001000000001100011
10010000000000000100000101100000
00000000010101010101100000000000
11000000001000100000000101000000
00101010011001000010000101000100
00100000001000000100010001000100
00000000000000000000101000000100
00000000000100010000001110000001
00001000000100000010100011001000
01001100000000000000101110000100
00100001010001011000000001000000
01100000100001000000001000000011
00000001000101000111000000100010

00100100101100100110010000100010
01010000101100001000000101000111
00010000000000000000010000000010
00100010000000000100000001000010
00000100000000000000001011100010
11000000001010010001010000000010
00010010110010010000000100000100
11000100000010010000000000000000
00000110010000100010000000000010
00000001000000110000000000111000
01010000010001100000100010000001
00000100000000101100000000000100
00000000010000011000000000000100
10101100000001100010000010100001
00010100001100000000100100001000
00000001000100001011000000000100
00100000000000010000001000000000
00100000100000000001001000001000
00000001000100000100000000000000
00000001000000000000100000100001
00011000000000000100000100000010
10011000010101000011100100010000
10000000000000000010000001000100
00000010000000000001100000000000
00000010000000100000000000000111
00101110010000000000101010001000
10000000001100000000000000010000
00010011010000000001000000000010
01000000000100001001001100011000
00110000000010000000000000000101
00100100101000000000010000000000
00000000000000000100000010000000

00000110000001010010101000100000
00000100000000100000010100100001
00010000000000000001011000110001
10000010010101000010000010100100
10000001100000001010001010010000
10000111001001011001000000001001
00000000110000110000000000000001
01000000001111100110001000000000
00000100100100100110101100000000
10010100101001101000000000101100
00111110010000010000101001001100
00000000010000101101100001100000
00100000000000000010010100010000
10111001011100000000000000010000
01001110000100000010010100000000
01010000000000100000100000010110
11100000000000010000000010000000
00101000100110010001010100000000
00000000001010000110100000100000
00010010000010000000000001000000
00010101001011000000101010100000
01010000010010010001100100100100
00000100001010000010101010100000
01100001000000001100010001001001
00000000000000000110010001011110
00101101000100000000001010010100
00110000001100000000100100000001
00010100000001100001000000001000
01000001000001000101000010000000
00011000100001110101000000101100
00100000000001100000000000000001
00100000000100000101101101101000

00000000000000100010000000000010
00110110000100000000000001000000
00010000011101100001000101000110
01000000000011101001011010000100
00000001001000000000000010000000
11000100000000101000000110000000
00011100110000000010000011000000
01001100000010000000000000011000
00001000100100000010010100000110
00010101110100001000000110001000
01000110000000000001010000000001
00001010000010000101000000000000
00101010010000000000000100001000
00011101010111000101000000110000
00000001101100000000000001000001
11000000000101100100000010000000
00000010000000001000000000111010
00001000000111001001001100101100
00000000000000001000000000000010
00010010100010101000000001100010
00000001001000010000011010000000
10000001001010010101100010111000
00000100111001000010000010000100
01000000001001101000000101000001
01000000011000010110110000010110
01000011000000100000001100010010
00111000001000000010100100000000
00011000000100000010110100000010
01010000100000101100000000000000
11000000111000011001000001010000
00100000100000001101000000000010
00000110100001000111001000001000

