== Attributes ==
title=28_triangle_v1_v2
type= 2x2
result=5
window_size=(75, 75)

== Input ==
000000000000000000000000000000000000000000000000000000000000000000000000000
000000000000000000000000000000000000000000000000000000000000000000000000000
000000000000000000000000000000000000000000000000000000000000000000000000000
000000000000000000000000000000000000000000000000000000000000000000000000000
000000000000000000000000000000000000000000000000000000000000000000000000000
000000000000000000000000000000000000000000000000000000000000000000000000000
000000000000000000000000000000000000000000000000000000000000000000000000000
000000000000000000000000000000000000000000000000000000000000000000000000000
000000000000000000000000000000000000000000000000000000000000000000000000000
000000000000000000000000000000000000000000000000000000000000000000000000000
000000000000000000000000000000000000000000000000000000000000000000000000000
000000000000000000000000000000000000000000000000000000000000000000000000000
000000000000000000000000000000000000000000000000000000000000000000000000000
000000000000000000000000000000000000000000000000000000000000000000000000000
000000000000000000000000000000000000000000000000000000000000000000000000000
000000000000000000000000000000000000000000000000000000000000000000000000000
000000000000000000000000000000000000000000000000000000000000000000000000000
000000000000000000000000000000000000000000000000000000000000000000000000000
000000000000000000000000000000000000000000000000000000000000000000000000000
000000000000000000000000000000000000000000000000000000000000000000000000000
000000000000000000000000000000000000010000000000000000000000000000000000000
000000000000000000000000000000000000111000000000000000000000000000000000000
000000000000000000000000000000000001101100000000000000000000000000000000000
000000000000000000000000000000000011100110000000000000000000000000000000000
000000000000000000000000000000000111100011000000000000000000000000000000000
000000000000000000000000000000001111100001100000000000000000000000000000000
000000000000000000000000000000011111100000110000000000000000000000000000000
000000000000000000000000000000111111100000011000000000000000000000000000000
000000000000000000000000000001111111100000001100000000000000000000000000000
000000000000000000000000000011111111100000000110000000000000000000000000000
000000000000000000000000000111111111100000000011000000000000000000000000000
000000000000000000000000001111111111100000000001100000000000000000000000000
000000000000000000000000011111111111100000000000110000000000000000000000000
000000000000000000000000111111111111100000000000011000000000000000000000000
000000000000000000000001111111111111100000000000001100000000000000000000000
000000000000000000000011111111111111100000000000000110000000000000000000000
000000000000000000000111111111111111100000000000000011000000000000000000000
000000000000000000001111111111111111100000000000000001100000000000000000000
000000000000000000011111111111111111100000000000000000110000000000000000000
000000000000000000111111111111111111100000000000000000011000000000000000000
000000000000000001111111111111111111100000000000000000001100000000000000000
000000000000000011111111111111111111100000000000000000000110000000000000000
000000000000000111111111111111111111100000000000000000000011000000000000000
000000000000001111111111111111111111100000000000000000000001100000000000000
000000000000011111111111111111111111100000000000000000000000110000000000000
000000000000111111111111111111111111100000000000000000000000011000000000000
000000000001111111111111111111111111100000000000000000000000001100000000000
000000000011111111111111111111111111100000000000000000000000000110000000000
000000000111111111111111111111111111100000000000000000000000000011000000000
000000001111111111111111111111111111100000000000000000000000000001100000000
000000011111111111111111111111111111100000000000000000000000000000110000000
000000111111111111111111111111111111100000000000000000000000000000011000000
000001111111111111111111111111111111111111111111111111111111111111111100000
000011111111111111111111111111111111111111111111111111111111111111111110000
000000000000000000000000000000000000000000000000000000000000000000000000000
000000000000000000000000000000000000000000000000000000000000000000000000000
000000000000000000000000000000000000000000000000000000000000000000000000000
000000000000000000000000000000000000000000000000000000000000000000000000000
000000000000000000000000000000000000000000000000000000000000000000000000000
000000000000000000000000000000000000000000000000000000000000000000000000000
000000000000000000000000000000000000000000000000000000000000000000000000000
000000000000000000000000000000000000000000000000000000000000000000000000000
000000000000000000000000000000000000000000000000000000000000000000000000000
000000000000000000000000000000000000000000000000000000000000000000000000000
000000000000000000000000000000000000000000000000000000000000000000000000000
000000000000000000000000000000000000000000000000000000000000000000000000000
000000000000000000000000000000000000000000000000000000000000000000000000000
000000000000000000000000000000000000000000000000000000000000000000000000000
000000000000000000000000000000000000000000000000000000000000000000000000000
000000000000000000000000000000000000000000000000000000000000000000000000000
000000000000000000000000000000000000000000000000000000000000000000000000000
000000000000000000000000000000000000000000000000000000000000000000000000000
000000000000000000000000000000000000000000000000000000000000000000000000000
000000000000000000000000000000000000000000000000000000000000000000000000000
000000000000000000000000000000000000000000000000000000000000000000000000000

000000000000000000000000000000000000000000000000000000000000000000000000000
000000000000000000000000000000000000000000000000000000000000000000000000000
000000000000000000000000000000000000000000000000000000000000000000000000000
000000000000000000000000000000000000000000000000000000000000000000000000000
000000000000000000000000000000000000000000000000000000000000000000000000000
000000000000000000000000000000000000000000000000000000000000000000000000000
000000000000000000000000000000000000000000000000000000000000000000000000000
000000000000000000000000000000000000000000000000000000000000000000000000000
000000000000000000000000000000000000000000000000000000000000000000000000000
000000000000000000000000000000000000000000000000000000000000000000000000000
000000000000000000000000000000000000000000000000000000000000000000000000000
000000000000000000000000000000000000000000000000000000000000000000000000000
000000000000000000000000000000000000000000000000000000000000000000000000000
000000000000000000000000000000000000000000000000000000000000000000000000000
000000000000000000000000000000000000000000000000000000000000000000000000000
000000000000000000000000000000000000000000000000000000000000000000000000000
000000000000000000000000000000000000000000000000000000000000000000000000000
000000000000000000000000000000000000000000000000000000000000000000000000000
000000000000000000000000000000000000000000000000000000000000000000000000000
000000000000000000000000000000000000000000000000000000000000000000000000000
000000000000000000000000000000000000010000000000000000000000000000000000000
000000000000000000000000000000000000111000000000000000000000000000000000000
000000000000000000000000000000000001111100000000000000000000000000000000000
000000000000000000000000000000000011011110000000000000000000000000000000000
000000000000000000000000000000000110011111000000000000000000000000000000000
000000000000000000000000000000001100011111100000000000000000000000000000000
000000000000000000000000000000011000011111110000000000000000000000000000000
000000000000000000000000000000110000011111111000000000000000000000000000000
000000000000000000000000000001100000011111111100000000000000000000000000000
000000000000000000000000000011000000011111111110000000000000000000000000000
000000000000000000000000000110000000011111111111000000000000000000000000000
000000000000000000000000001100000000011111111111100000000000000000000000000
000000000000000000000000011000000000011111111111110000000000000000000000000
000000000000000000000000110000000000011111111111111000000000000000000000000
000000000000000000000001100000000000011111111111111100000000000000000000000
000000000000000000000011000000000000011111111111111110000000000000000000000
000000000000000000000110000000000000011111111111111111000000000000000000000
000000000000000000001100000000000000011111111111111111100000000000000000000
000000000000000000011000000000000000011111111111111111110000000000000000000
000000000000000000110000000000000000011111111111111111111000000000000000000
000000000000000001100000000000000000011111111111111111111100000000000000000
000000000000000011000000000000000000011111111111111111111110000000000000000
000000000000000110000000000000000000011111111111111111111111000000000000000
000000000000001100000000000000000000011111111111111111111111100000000000000
000000000000011000000000000000000000011111111111111111111111110000000000000
000000000000110000000000000000000000011111111111111111111111111000000000000
000000000001100000000000000000000000011111111111111111111111111100000000000
000000000011000000000000000000000000011111111111111111111111111110000000000
000000000110000000000000000000000000011111111111111111111111111111000000000
000000001100000000000000000000000000011111111111111111111111111111100000000
000000011000000000000000000000000000011111111111111111111111111111110000000
000000110000000000000000000000000000011111111111111111111111111111111000000
000001111111111111111111111111111111111111111111111111111111111111111100000
000011111111111111111111111111111111111111111111111111111111111111111110000
000000000000000000000000000000000000000000000000000000000000000000000000000
000000000000000000000000000000000000000000000000000000000000000000000000000
000000000000000000000000000000000000000000000000000000000000000000000000000
000000000000000000000000000000000000000000000000000000000000000000000000000
000000000000000000000000000000000000000000000000000000000000000000000000000
000000000000000000000000000000000000000000000000000000000000000000000000000
000000000000000000000000000000000000000000000000000000000000000000000000000
000000000000000000000000000000000000000000000000000000000000000000000000000
000000000000000000000000000000000000000000000000000000000000000000000000000
000000000000000000000000000000000000000000000000000000000000000000000000000
000000000000000000000000000000000000000000000000000000000000000000000000000
000000000000000000000000000000000000000000000000000000000000000000000000000
000000000000000000000000000000000000000000000000000000000000000000000000000
000000000000000000000000000000000000000000000000000000000000000000000000000
000000000000000000000000000000000000000000000000000000000000000000000000000
000000000000000000000000000000000000000000000000000000000000000000000000000
000000000000000000000000000000000000000000000000000000000000000000000000000
000000000000000000000000000000000000000000000000000000000000000000000000000
000000000000000000000000000000000000000000000000000000000000000000000000000
000000000000000000000000000000000000000000000000000000000000000000000000000
000000000000000000000000000000000000000000000000000000000000000000000000000

000000000000000000000000000000000000000000000000000000000000000000000000000
000000000000000000000000000000000000000000000000000000000000000000000000000
000000000000000000000000000000000000000000000000000000000000000000000000000
000000000000000000000000000000000000000000000000000000000000000000000000000
000000000000000000000000000000000000000000000000000000000000000000000000000
000000000000000000000000000000000000000000000000000000000000000000000000000
000000000000000000000000000000000000000000000000000000000000000000000000000
000000000000000000000000000000000000000000000000000000000000000000000000000
000000000000000000000000000000000000000000000000000000000000000000000000000
000000000000000000000000000000000000000000000000000000000000000000000000000
000000000000000000000000000000000000000000000000000000000000000000000000000
000000000000000000000000000000000000000000000000000000000000000000000000000
000000000000000000000000000000000000000000000000000000000000000000000000000
000000000000000000000000000000000000000000000000000000000000000000000000000
000000000000000000000000000000000000000000000000000000000000000000000000000
000000000000000000000000000000000000000000000000000000000000000000000000000
000000000000000000000000000000000000000000000000000000000000000000000000000
000000000000000000000000000000000000000000000000000000000000000000000000000
000000000000000000000000000000000000000000000000000000000000000000000000000
000000000000000000000000000000000000000000000000000000000000000000000000000
000000000000000000000000000000000000010000000000000000000000000000000000000
000000000000000000000000000000000000111000000000000000000000000000000000000
000000000000000000000000000000000001101100000000000000000000000000000000000
000000000000000000000000000000000011100110000000000000000000000000000000000
000000000000000000000000000000000111100011000000000000000000000000000000000
000000000000000000000000000000001111100001100000000000000000000000000000000
000000000000000000000000000000011111100000110000000000000000000000000000000
000000000000000000000000000000111111100000011000000000000000000000000000000
000000000000000000000000000001111111100000001100000000000000000000000000000
000000000000000000000000000011111111100000000110000000000000000000000000000
000000000000000000000000000111111111100000000011000000000000000000000000000
000000000000000000000000001111111111100000000001100000000000000000000000000
000000000000000000000000011111111111100000000000110000000000000000000000000
000000000000000000000000111111111111100000000000011000000000000000000000000
000000000000000000000001111111111111100000000000001100000000000000000000000
000000000000000000000011111111111111100000000000000110000000000000000000000
000000000000000000000111111111111111100000000000000011000000000000000000000
000000000000000000001111111111111111100000000000000001100000000000000000000
000000000000000000011111111111111111100000000000000000110000000000000000000
000000000000000000111111111111111111100000000000000000011000000000000000000
000000000000000001111111111111111111100000000000000000001100000000000000000
000000000000000011111111111111111111100000000000000000000110000000000000000
000000000000000111111111111111111111100000000000000000000011000000000000000
000000000000001111111111111111111111100000000000000000000001100000000000000
000000000000011111111111111111111111100000000000000000000000110000000000000
000000000000111111111111111111111111100000000000000000000000011000000000000
000000000001111111111111111111111111100000000000000000000000001100000000000
000000000011111111111111111111111111100000000000000000000000000110000000000
000000000111111111111111111111111111100000000000000000000000000011000000000
000000001111111111111111111111111111100000000000000000000000000001100000000
000000011111111111111111111111111111100000000000000000000000000000110000000
000000111111111111111111111111111111100000000000000000000000000000011000000
000001111111111111111111111111111111111111111111111111111111111111111100000
000011111111111111111111111111111111111111111111111111111111111111111110000
000000000000000000000000000000000000000000000000000000000000000000000000000
000000000000000000000000000000000000000000000000000000000000000000000000000
000000000000000000000000000000000000000000000000000000000000000000000000000
000000000000000000000000000000000000000000000000000000000000000000000000000
000000000000000000000000000000000000000000000000000000000000000000000000000
000000000000000000000000000000000000000000000000000000000000000000000000000
000000000000000000000000000000000000000000000000000000000000000000000000000
000000000000000000000000000000000000000000000000000000000000000000000000000
000000000000000000000000000000000000000000000000000000000000000000000000000
000000000000000000000000000000000000000000000000000000000000000000000000000
000000000000000000000000000000000000000000000000000000000000000000000000000
000000000000000000000000000000000000000000000000000000000000000000000000000
000000000000000000000000000000000000000000000000000000000000000000000000000
000000000000000000000000000000000000000000000000000000000000000000000000000
000000000000000000000000000000000000000000000000000000000000000000000000000
000000000000000000000000000000000000000000000000000000000000000000000000000
000000000000000000000000000000000000000000000000000000000000000000000000000
000000000000000000000000000000000000000000000000000000000000000000000000000
000000000000000000000000000000000000000000000000000000000000000000000000000
000000000000000000000000000000000000000000000000000000000000000000000000000
000000000000000000000000000000000000000000000000000000000000000000000000000

== Output ==
000000000000000000000000000000000000000000000000000000000000000000000000000
000000000000000000000000000000000000000000000000000000000000000000000000000
000000000000000000000000000000000000000000000000000000000000000000000000000
000000000000000000000000000000000000000000000000000000000000000000000000000
000000000000000000000000000000000000000000000000000000000000000000000000000
000000000000000000000000000000000000000000000000000000000000000000000000000
000000000000000000000000000000000000000000000000000000000000000000000000000
000000000000000000000000000000000000000000000000000000000000000000000000000
000000000000000000000000000000000000000000000000000000000000000000000000000
000000000000000000000000000000000000000000000000000000000000000000000000000
000000000000000000000000000000000000000000000000000000000000000000000000000
000000000001111111111111111111111111111111111111111111111111111100000000000
000000000001111111111111111111111111111111111111111111111111111100000000000
000000000001100000000000000000000000011111111111111111111111111100000000000
000000000001100000000000000000000000011111111111111111111111111100000000000
000000000001100000000000000000000000011111111111111111111111111100000000000
000000000001100000000000000000000000011111111111111111111111111100000000000
000000000001100000000000000000000000011111111111111111111111111100000000000
000000000001100000000000000000000000011111111111111111111111111100000000000
000000000001100000000000000000000000011111111111111111111111111100000000000
000000000001100000000000000000000000011111111111111111111111111100000000000
000000000001100000000000000000000000011111111111111111111111111100000000000
000000000001100000000000000000000000011111111111111111111111111100000000000
000000000001100000000000000000000000011111111111111111111111111100000000000
000000000001100000000000000000000000011111111111111111111111111100000000000
000000000001100000000000000000000000011111111111111111111111111100000000000
000000000001100000000000000000000000011111111111111111111111111100000000000
000000000001100000000000000000000000011111111111111111111111111100000000000
000000000001100000000000000000000000011111111111111111111111111100000000000
000000000001100000000000000000000000011111111111111111111111111100000000000
000000000001100000000000000000000000011111111111111111111111111100000000000
000000000001100000000000000000000000011111111111111111111111111100000000000
000000000001100000000000000000000000011111111111111111111111111100000000000
000000000001100000000000000000000000011111111111111111111111111100000000000
000000000001100000000000000000000000011111111111111111111111111100000000000
000000000001100000000000000000000000011111111111111111111111111100000000000
000000000001100000000000000000000000011111111111111111111111111100000000000
000000000001100000000000000000000000011111111111111111111111111100000000000
000000000001100000000000000000000000011111111111111111111111111100000000000
000000000001100000000000000000000000011111111111111111111111111100000000000
000000000001100000000000000000000000011111111111111111111111111100000000000
000000000001100000000000000000000000011111111111111111111111111100000000000
000000000001100000000000000000000000011111111111111111111111111100000000000
000000000001100000000000000000000000011111111111111111111111111100000000000
000000000001100000000000000000000000011111111111111111111111111100000000000
000000000001100000000000000000000000011111111111111111111111111100000000000
000000000001100000000000000000000000011111111111111111111111111100000000000
000000000001100000000000000000000000011111111111111111111111111100000000000
000000000001100000000000000000000000011111111111111111111111111100000000000
000000000001100000000000000000000000011111111111111111111111111100000000000
000000000001100000000000000000000000011111111111111111111111111100000000000
000000000001100000000000000000000000011111111111111111111111111100000000000
000000000001100000000000000000000000011111111111111111111111111100000000000
000000000001100000000000000000000000011111111111111111111111111100000000000
000000000001100000000000000000000000011111111111111111111111111100000000000
000000000001100000000000000000000000011111111111111111111111111100000000000
000000000001100000000000000000000000011111111111111111111111111100000000000
000000000001100000000000000000000000011111111111111111111111111100000000000
000000000001100000000000000000000000011111111111111111111111111100000000000
000000000001100000000000000000000000011111111111111111111111111100000000000
000000000001100000000000000000000000011111111111111111111111111100000000000
000000000001100000000000000000000000011111111111111111111111111100000000000
000000000001111111111111111111111111111111111111111111111111111100000000000
000000000001111111111111111111111111111111111111111111111111111100000000000
000000000000000000000000000000000000000000000000000000000000000000000000000
000000000000000000000000000000000000000000000000000000000000000000000000000
000000000000000000000000000000000000000000000000000000000000000000000000000
000000000000000000000000000000000000000000000000000000000000000000000000000
000000000000000000000000000000000000000000000000000000000000000000000000000
000000000000000000000000000000000000000000000000000000000000000000000000000
000000000000000000000000000000000000000000000000000000000000000000000000000
000000000000000000000000000000000000000000000000000000000000000000000000000
000000000000000000000000000000000000000000000000000000000000000000000000000
000000000000000000000000000000000000000000000000000000000000000000000000000
000000000000000000000000000000000000000000000000000000000000000000000000000

000000000000000000000000000000000000000000000000000000000000000000000000000
000000000000000000000000000000000000000000000000000000000000000000000000000
000000000000000000000000000000000000000000000000000000000000000000000000000
000000000000000000000000000000000000000000000000000000000000000000000000000
000000000000000000000000000000000000000000000000000000000000000000000000000
000000000000000000000000000000000000000000000000000000000000000000000000000
000000000000000000000000000000000000010000000000000000000000000000000000000
000000000000000000000000000000111111111111111000000000000000000000000000000
000000000000000000000000000111111111111111111111000000000000000000000000000
000000000000000000000000111111000000011111111111111000000000000000000000000
000000000000000000000011111000000000011111111111111110000000000000000000000
000000000000000000000111100000000000011111111111111111000000000000000000000
000000000000000000011110000000000000011111111111111111110000000000000000000
000000000000000000111000000000000000011111111111111111111000000000000000000
000000000000000001110000000000000000011111111111111111111100000000000000000
000000000000000011100000000000000000011111111111111111111110000000000000000
000000000000000111000000000000000000011111111111111111111111000000000000000
000000000000001110000000000000000000011111111111111111111111100000000000000
000000000000011100000000000000000000011111111111111111111111110000000000000
000000000000111000000000000000000000011111111111111111111111111000000000000
000000000000110000000000000000000000011111111111111111111111111000000000000
000000000001100000000000000000000000011111111111111111111111111100000000000
000000000011100000000000000000000000011111111111111111111111111110000000000
000000000011000000000000000000000000011111111111111111111111111110000000000
000000000111000000000000000000000000011111111111111111111111111111000000000
000000000110000000000000000000000000011111111111111111111111111111000000000
000000000110000000000000000000000000011111111111111111111111111111000000000
000000001100000000000000000000000000011111111111111111111111111111100000000
000000001100000000000000000000000000011111111111111111111111111111100000000
000000001100000000000000000000000000011111111111111111111111111111100000000
000000011000000000000000000000000000011111111111111111111111111111110000000
000000011000000000000000000000000000011111111111111111111111111111110000000
000000011000000000000000000000000000011111111111111111111111111111110000000
000000011000000000000000000000000000011111111111111111111111111111110000000
000000011000000000000000000000000000011111111111111111111111111111110000000
000000011000000000000000000000000000011111111111111111111111111111110000000
000000011000000000000000000000000000011111111111111111111111111111110000000
000000111000000000000000000000000000011111111111111111111111111111111000000
000000011000000000000000000000000000011111111111111111111111111111110000000
000000011000000000000000000000000000011111111111111111111111111111110000000
000000011000000000000000000000000000011111111111111111111111111111110000000
000000011000000000000000000000000000011111111111111111111111111111110000000
000000011000000000000000000000000000011111111111111111111111111111110000000
000000011000000000000000000000000000011111111111111111111111111111110000000
000000011000000000000000000000000000011111111111111111111111111111110000000
000000001100000000000000000000000000011111111111111111111111111111100000000
000000001100000000000000000000000000011111111111111111111111111111100000000
000000001100000000000000000000000000011111111111111111111111111111100000000
000000000110000000000000000000000000011111111111111111111111111111000000000
000000000110000000000000000000000000011111111111111111111111111111000000000
000000000111000000000000000000000000011111111111111111111111111111000000000
000000000011000000000000000000000000011111111111111111111111111110000000000
000000000011100000000000000000000000011111111111111111111111111110000000000
000000000001100000000000000000000000011111111111111111111111111100000000000
000000000000110000000000000000000000011111111111111111111111111000000000000
000000000000111000000000000000000000011111111111111111111111111000000000000
000000000000011100000000000000000000011111111111111111111111110000000000000
000000000000001110000000000000000000011111111111111111111111100000000000000
000000000000000111000000000000000000011111111111111111111111000000000000000
000000000000000011100000000000000000011111111111111111111110000000000000000
000000000000000001110000000000000000011111111111111111111100000000000000000
000000000000000000111000000000000000011111111111111111111000000000000000000
000000000000000000011110000000000000011111111111111111110000000000000000000
000000000000000000000111100000000000011111111111111111000000000000000000000
000000000000000000000011111000000000011111111111111110000000000000000000000
000000000000000000000000111111000000011111111111111000000000000000000000000
000000000000000000000000000111111111111111111111000000000000000000000000000
000000000000000000000000000000111111111111111000000000000000000000000000000
000000000000000000000000000000000000010000000000000000000000000000000000000
000000000000000000000000000000000000000000000000000000000000000000000000000
000000000000000000000000000000000000000000000000000000000000000000000000000
000000000000000000000000000000000000000000000000000000000000000000000000000
000000000000000000000000000000000000000000000000000000000000000000000000000
000000000000000000000000000000000000000000000000000000000000000000000000000
000000000000000000000000000000000000000000000000000000000000000000000000000

000000000000000000000000000000000000000000000000000000000000000000000000000
000000000000000000000000000000000000000000000000000000000000000000000000000
000000000000000000000000000000000000000000000000000000000000000000000000000
000000000000000000000000000000000000000000000000000000000000000000000000000
000000000000000000000000000000000000000000000000000000000000000000000000000
000000000000000000000000000000000000000000000000000000000000000000000000000
000000000000000000000000000000000000000000000000000000000000000000000000000
000000000000000000000000000000000000000000000000000000000000000000000000000
000000000000000000000000000000000000000000000000000000000000000000000000000
000000000000000000000000000000000000000000000000000000000000000000000000000
000000000000000000000000000000000000000000000000000000000000000000000000000
000000000000000000000000000000000000000000000000000000000000000000000000000
000000000000000000000000000000000000000000000000000000000000000000000000000
000000000000000000000000000000000000000000000000000000000000000000000000000
000000000000000000000000000000000000000000000000000000000000000000000000000
000000000000000000000000000000000000000000000000000000000000000000000000000
000000000000000000000000000000000000000000000000000000000000000000000000000
000000000000000000000000000000000000000000000000000000000000000000000000000
000000000000000000000000000000000000000000000000000000000000000000000000000
000000000000000000000000000000000000000000000000000000000000000000000000000
000000000000000000000000000000000000010000000000000000000000000000000000000
000000000000000000000000000000000000111000000000000000000000000000000000000
000000000000000000000000000000000001101100000000000000000000000000000000000
000000000000000000000000000000000011100110000000000000000000000000000000000
000000000000000000000000000000000111100011000000000000000000000000000000000
000000000000000000000000000000001111100001100000000000000000000000000000000
000000000000000000000000000000011111100000110000000000000000000000000000000
000000000000000000000000000000111111100000011000000000000000000000000000000
000000000000000000000000000001111111100000001100000000000000000000000000000
000000000000000000000000000011111111100000000110000000000000000000000000000
000000000000000000000000000111111111100000000011000000000000000000000000000
000000000000000000000000001111111111100000000001100000000000000000000000000
000000000000000000000000011111111111100000000000110000000000000000000000000
000000000000000000000000111111111111100000000000011000000000000000000000000
000000000000000000000001111111111111100000000000001100000000000000000000000
000000000000000000000011111111111111100000000000000110000000000000000000000
000000000000000000000111111111111111100000000000000011000000000000000000000
000000000000000000001111111111111111100000000000000001100000000000000000000
000000000000000000011111111111111111100000000000000000110000000000000000000
000000000000000000111111111111111111100000000000000000011000000000000000000
000000000000000001111111111111111111100000000000000000001100000000000000000
000000000000000011111111111111111111100000000000000000000110000000000000000
000000000000000111111111111111111111100000000000000000000011000000000000000
000000000000001111111111111111111111100000000000000000000001100000000000000
000000000000011111111111111111111111100000000000000000000000110000000000000
000000000000111111111111111111111111100000000000000000000000011000000000000
000000000001111111111111111111111111100000000000000000000000001100000000000
000000000011111111111111111111111111100000000000000000000000000110000000000
000000000111111111111111111111111111100000000000000000000000000011000000000
000000001111111111111111111111111111100000000000000000000000000001100000000
000000011111111111111111111111111111100000000000000000000000000000110000000
000000111111111111111111111111111111100000000000000000000000000000011000000
000001111111111111111111111111111111111111111111111111111111111111111100000
000011111111111111111111111111111111111111111111111111111111111111111110000
000000000000000000000000000000000000000000000000000000000000000000000000000
000000000000000000000000000000000000000000000000000000000000000000000000000
000000000000000000000000000000000000000000000000000000000000000000000000000
000000000000000000000000000000000000000000000000000000000000000000000000000
000000000000000000000000000000000000000000000000000000000000000000000000000
000000000000000000000000000000000000000000000000000000000000000000000000000
000000000000000000000000000000000000000000000000000000000000000000000000000
000000000000000000000000000000000000000000000000000000000000000000000000000
000000000000000000000000000000000000000000000000000000000000000000000000000
000000000000000000000000000000000000000000000000000000000000000000000000000
000000000000000000000000000000000000000000000000000000000000000000000000000
000000000000000000000000000000000000000000000000000000000000000000000000000
000000000000000000000000000000000000000000000000000000000000000000000000000
000000000000000000000000000000000000000000000000000000000000000000000000000
000000000000000000000000000000000000000000000000000000000000000000000000000
000000000000000000000000000000000000000000000000000000000000000000000000000
000000000000000000000000000000000000000000000000000000000000000000000000000
000000000000000000000000000000000000000000000000000000000000000000000000000
000000000000000000000000000000000000000000000000000000000000000000000000000
000000000000000000000000000000000000000000000000000000000000000000000000000
000000000000000000000000000000000000000000000000000000000000000000000000000

000000000000000000000000000000000000000000000000000000000000000000000000000
000000000000000000000000000000000000000000000000000000000000000000000000000
000000000000000000000000000000000000000000000000000000000000000000000000000
000000000000000000000000000000000000000000000000000000000000000000000000000
000000000000000000000000000000000000000000000000000000000000000000000000000
000000000000000000000000000000000000000000000000000000000000000000000000000
000000000000000000111111111111111111111111111111111111111000000000000000000
000000000000000000111111111111111111111111111111111111111000000000000000000
000000000000000000110000000000000000011111111111111111111000000000000000000
000000000000000000110000000000000000011111111111111111111000000000000000000
000000000000000000110000000000000000011111111111111111111000000000000000000
000000000000000000110000000000000000011111111111111111111000000000000000000
000000000000000000110000000000000000011111111111111111111000000000000000000
000000000000000000110000000000000000011111111111111111111000000000000000000
000000000000000000110000000000000000011111111111111111111000000000000000000
000000000000000000110000000000000000011111111111111111111000000000000000000
000000000000000000110000000000000000011111111111111111111000000000000000000
000000000000000000110000000000000000011111111111111111111000000000000000000
000000000000000000110000000000000000011111111111111111111000000000000000000
000000000000000000110000000000000000011111111111111111111000000000000000000
000000000000000000110000000000000000011111111111111111111000000000000000000
000000000000000000110000000000000000011111111111111111111000000000000000000
000000000000000000110000000000000000011111111111111111111000000000000000000
000000000000000000110000000000000000011111111111111111111000000000000000000
000000000000000000110000000000000000011111111111111111111000000000000000000
000000000000000000110000000000000000011111111111111111111000000000000000000
000000000000000000110000000000000000011111111111111111111000000000000000000
000000000000000000110000000000000000011111111111111111111000000000000000000
000000000000000000110000000000000000011111111111111111111000000000000000000
000000000000000000110000000000000000011111111111111111111000000000000000000
000000000000000000110000000000000000011111111111111111111000000000000000000
000000000000000000110000000000000000011111111111111111111000000000000000000
000000000000000000110000000000000000011111111111111111111000000000000000000
000000000000000000110000000000000000011111111111111111111000000000000000000
000000000000000000110000000000000000011111111111111111111000000000000000000
000000000000000000110000000000000000011111111111111111111000000000000000000
000000000000000000110000000000000000011111111111111111111000000000000000000
000000000000000000110000000000000000011111111111111111111000000000000000000
000000000000000000110000000000000000011111111111111111111000000000000000000
000000000000000000110000000000000000011111111111111111111000000000000000000
000000000000000000110000000000000000011111111111111111111000000000000000000
000000000000000000110000000000000000011111111111111111111000000000000000000
000000000000000000110000000000000000011111111111111111111000000000000000000
000000000000000000110000000000000000011111111111111111111000000000000000000
000000000000000000110000000000000000011111111111111111111000000000000000000
000000000000000000110000000000000000011111111111111111111000000000000000000
000000000000000000110000000000000000011111111111111111111000000000000000000
000000000000000000110000000000000000011111111111111111111000000000000000000
000000000000000000110000000000000000011111111111111111111000000000000000000
000000000000000000110000000000000000011111111111111111111000000000000000000
000000000000000000110000000000000000011111111111111111111000000000000000000
000000000000000000110000000000000000011111111111111111111000000000000000000
000000000000000000110000000000000000011111111111111111111000000000000000000
000000000000000000110000000000000000011111111111111111111000000000000000000
000000000000000000110000000000000000011111111111111111111000000000000000000
000000000000000000110000000000000000011111111111111111111000000000000000000
000000000000000000110000000000000000011111111111111111111000000000000000000
000000000000000000110000000000000000011111111111111111111000000000000000000
000000000000000000110000000000000000011111111111111111111000000000000000000
000000000000000000110000000000000000011111111111111111111000000000000000000
000000000000000000110000000000000000011111111111111111111000000000000000000
000000000000000000110000000000000000011111111111111111111000000000000000000
000000000000000000110000000000000000011111111111111111111000000000000000000
000000000000000000110000000000000000011111111111111111111000000000000000000
000000000000000000110000000000000000011111111111111111111000000000000000000
000000000000000000110000000000000000011111111111111111111000000000000000000
000000000000000000110000000000000000011111111111111111111000000000000000000
000000000000000000111111111111111111111111111111111111111000000000000000000
000000000000000000111111111111111111111111111111111111111000000000000000000
000000000000000000000000000000000000000000000000000000000000000000000000000
000000000000000000000000000000000000000000000000000000000000000000000000000
000000000000000000000000000000000000000000000000000000000000000000000000000
000000000000000000000000000000000000000000000000000000000000000000000000000
000000000000000000000000000000000000000000000000000000000000000000000000000
000000000000000000000000000000000000000000000000000000000000000000000000000

000000000000000000000000000000000000000000000000000000000000000000000000000
000000000000000000000000000000000000000000000000000000000000000000000000000
000000000000000000000000000000000000000000000000000000000000000000000000000
000000000000000000000000000000000000000000000000000000000000000000000000000
000000000000000000000000000000000000000000000000000000000000000000000000000
000000000000000000000000000000000000000000000000000000000000000000000000000
000000000000000000000000000000000000000000000000000000000000000000000000000
000000000000000000000000000000000000000000000000000000000000000000000000000
000000000000000000000000000000000000000000000000000000000000000000000000000
000000000000000000000000000000000000000000000000000000000000000000000000000
000000000000000000000000000000000000000000000000000000000000000000000000000
000000000000000000000000000000000000000000000000000000000000000000000000000
000000000000000000000000000000000000000000000000000000000000000000000000000
000000000000000000000000000000000000000000000000000000000000000000000000000
000000000000000000000000000000000000000000000000000000000000000000000000000
000000000000000000000000000000000000000000000000000000000000000000000000000
000000000000000000000000000000000000000000000000000000000000000000000000000
000000000000000000000000000000000000000000000000000000000000000000000000000
000000000000000000000000000000000000000000000000000000000000000000000000000
000000000000000000000000000000000000000000000000000000000000000000000000000
000000000000000000000000000000000000010000000000000000000000000000000000000
000000000000000000000000000000000000111000000000000000000000000000000000000
000000000000000000000000000000000001111100000000000000000000000000000000000
000000000000000000000000000000000011011110000000000000000000000000000000000
000000000000000000000000000000000110011111000000000000000000000000000000000
000000000000000000000000000000001100011111100000000000000000000000000000000
000000000000000000000000000000011000011111110000000000000000000000000000000
000000000000000000000000000000110000011111111000000000000000000000000000000
000000000000000000000000000001100000011111111100000000000000000000000000000
000000000000000000000000000011000000011111111110000000000000000000000000000
000000000000000000000000000110000000011111111111000000000000000000000000000
000000000000000000000000001100000000011111111111100000000000000000000000000
000000000000000000000000011000000000011111111111110000000000000000000000000
000000000000000000000000110000000000011111111111111000000000000000000000000
000000000000000000000001100000000000011111111111111100000000000000000000000
000000000000000000000011000000000000011111111111111110000000000000000000000
000000000000000000000110000000000000011111111111111111000000000000000000000
000000000000000000001100000000000000011111111111111111100000000000000000000
000000000000000000011000000000000000011111111111111111110000000000000000000
000000000000000000110000000000000000011111111111111111111000000000000000000
000000000000000001100000000000000000011111111111111111111100000000000000000
000000000000000011000000000000000000011111111111111111111110000000000000000
000000000000000110000000000000000000011111111111111111111111000000000000000
000000000000001100000000000000000000011111111111111111111111100000000000000
000000000000011000000000000000000000011111111111111111111111110000000000000
000000000000110000000000000000000000011111111111111111111111111000000000000
000000000001100000000000000000000000011111111111111111111111111100000000000
000000000011000000000000000000000000011111111111111111111111111110000000000
000000000110000000000000000000000000011111111111111111111111111111000000000
000000001100000000000000000000000000011111111111111111111111111111100000000
000000011000000000000000000000000000011111111111111111111111111111110000000
000000110000000000000000000000000000011111111111111111111111111111111000000
000001111111111111111111111111111111111111111111111111111111111111111100000
000011111111111111111111111111111111111111111111111111111111111111111110000
000000000000000000000000000000000000000000000000000000000000000000000000000
000000000000000000000000000000000000000000000000000000000000000000000000000
000000000000000000000000000000000000000000000000000000000000000000000000000
000000000000000000000000000000000000000000000000000000000000000000000000000
000000000000000000000000000000000000000000000000000000000000000000000000000
000000000000000000000000000000000000000000000000000000000000000000000000000
000000000000000000000000000000000000000000000000000000000000000000000000000
000000000000000000000000000000000000000000000000000000000000000000000000000
000000000000000000000000000000000000000000000000000000000000000000000000000
000000000000000000000000000000000000000000000000000000000000000000000000000
000000000000000000000000000000000000000000000000000000000000000000000000000
000000000000000000000000000000000000000000000000000000000000000000000000000
000000000000000000000000000000000000000000000000000000000000000000000000000
000000000000000000000000000000000000000000000000000000000000000000000000000
000000000000000000000000000000000000000000000000000000000000000000000000000
000000000000000000000000000000000000000000000000000000000000000000000000000
000000000000000000000000000000000000000000000000000000000000000000000000000
000000000000000000000000000000000000000000000000000000000000000000000000000
000000000000000000000000000000000000000000000000000000000000000000000000000
000000000000000000000000000000000000000000000000000000000000000000000000000
000000000000000000000000000000000000000000000000000000000000000000000000000

000000000000000000000000000000000000000000000000000000000000000000000000000
000000000000000000000000000000000000000000000000000000000000000000000000000
000000000000000000000000000000000000000000000000000000000000000000000000000
000000000000000000000000000000000000000000000000000000000000000000000000000
000000000000000000000000000000000000000000000000000000000000000000000000000
000000000000000000000000000000000000000000000000000000000000000000000000000
000000000000000000000000000000000000000000000000000000000000000000000000000
000000000000000000000000000000000000000000000000000000000000000000000000000
000000000000000000000000000000000000000000000000000000000000000000000000000
000000000000000000000000000000000000000000000000000000000000000000000000000
000000000000000000000000000000000000000000000000000000000000000000000000000
000000000000000000000000000000000000000000000000000000000000000000000000000
000000000000000000000000000000000000000000000000000000000000000000000000000
000000000000000000000000000000000000000000000000000000000000000000000000000
000000000000000000000000000000000000000000000000000000000000000000000000000
000000000000000000000000000000000000000000000000000000000000000000000000000
000000000000000000000000000000000000000000000000000000000000000000000000000
000000000000000000000000000000000000000000000000000000000000000000000000000
000000111111111111111111111111111111111111111111111111111111111111111000000
000000111111111111111111111111111111111111111111111111111111111111111000000
000000110000000000000000000000000000011111111111111111111111111111111000000
000000110000000000000000000000000000011111111111111111111111111111111000000
000000110000000000000000000000000000011111111111111111111111111111111000000
000000110000000000000000000000000000011111111111111111111111111111111000000
000000110000000000000000000000000000011111111111111111111111111111111000000
000000110000000000000000000000000000011111111111111111111111111111111000000
000000110000000000000000000000000000011111111111111111111111111111111000000
000000110000000000000000000000000000011111111111111111111111111111111000000
000000110000000000000000000000000000011111111111111111111111111111111000000
000000110000000000000000000000000000011111111111111111111111111111111000000
000000110000000000000000000000000000011111111111111111111111111111111000000
000000110000000000000000000000000000011111111111111111111111111111111000000
000000110000000000000000000000000000011111111111111111111111111111111000000
000000110000000000000000000000000000011111111111111111111111111111111000000
000000110000000000000000000000000000011111111111111111111111111111111000000
000000110000000000000000000000000000011111111111111111111111111111111000000
000000110000000000000000000000000000011111111111111111111111111111111000000
000000110000000000000000000000000000011111111111111111111111111111111000000
000000110000000000000000000000000000011111111111111111111111111111111000000
000000110000000000000000000000000000011111111111111111111111111111111000000
000000110000000000000000000000000000011111111111111111111111111111111000000
000000110000000000000000000000000000011111111111111111111111111111111000000
000000110000000000000000000000000000011111111111111111111111111111111000000
000000110000000000000000000000000000011111111111111111111111111111111000000
000000110000000000000000000000000000011111111111111111111111111111111000000
000000110000000000000000000000000000011111111111111111111111111111111000000
000000110000000000000000000000000000011111111111111111111111111111111000000
000000110000000000000000000000000000011111111111111111111111111111111000000
000000110000000000000000000000000000011111111111111111111111111111111000000
000000110000000000000000000000000000011111111111111111111111111111111000000
000000110000000000000000000000000000011111111111111111111111111111111000000
000000110000000000000000000000000000011111111111111111111111111111111000000
000000110000000000000000000000000000011111111111111111111111111111111000000
000000110000000000000000000000000000011111111111111111111111111111111000000
000000110000000000000000000000000000011111111111111111111111111111111000000
000000111111111111111111111111111111111111111111111111111111111111111000000
000000111111111111111111111111111111111111111111111111111111111111111000000
000000000000000000000000000000000000000000000000000000000000000000000000000
000000000000000000000000000000000000000000000000000000000000000000000000000
000000000000000000000000000000000000000000000000000000000000000000000000000
000000000000000000000000000000000000000000000000000000000000000000000000000
000000000000000000000000000000000000000000000000000000000000000000000000000
000000000000000000000000000000000000000000000000000000000000000000000000000
000000000000000000000000000000000000000000000000000000000000000000000000000
000000000000000000000000000000000000000000000000000000000000000000000000000
000000000000000000000000000000000000000000000000000000000000000000000000000
000000000000000000000000000000000000000000000000000000000000000000000000000
000000000000000000000000000000000000000000000000000000000000000000000000000
000000000000000000000000000000000000000000000000000000000000000000000000000
000000000000000000000000000000000000000000000000000000000000000000000000000
000000000000000000000000000000000000000000000000000000000000000000000000000
000000000000000000000000000000000000000000000000000000000000000000000000000
000000000000000000000000000000000000000000000000000000000000000000000000000
000000000000000000000000000000000000000000000000000000000000000000000000000
000000000000000000000000000000000000000000000000000000000000000000000000000

== SDRs ==
00000000001000010010010000000100
00000001001000110000000100000100
00000000100100000110001000000010
00000000000000000000000001001000
10000001000001001001000000001000
00110001000000001001001000110000
10000110010000110000010100101100
10000000001000001100001000001100
10000101010000000000000100011000
00001010000010011100000110000000
00011001100000001000100000101001
10000000000000100010001000000011
00000100000001100000000000000100
00000100000000000000000011000000
00100001100000000101100000010100
10000010000100000000110010000000
00000001001000000000000001000100
10010000000000110000001000000011
00000100010000010100000000100000
00000010010000011001101000011110
00010000110001100000111001001001
10001000010001000001000110000000
00010000000000000000000000000001
00000100001000011000011001101100
00010000000000010000010000001000
00000000000001001010010110000000
01010010010000000001000001000000
00100010101100010010000000000000
00010000010000010000010000000001
00000010010000010100001000001001
00011001100100010001000000100000
00000010000000010000110000101010

00000001100000001010110000000010
00101000001001011110000000100100
00000000000000010011000000000100
00000101000000100000100010000000
10100000000011000000001100001010
00010100100010000000010001100000
00000110000000110000000000000100
10111010000000001101010000001100
00000000100000000000001000011010
10111000010010001000011011001100
00001100100010100000000011000010
00100000001100100010000000001110
01010100100001000000001000010100
00100000010000010010000000001000
00000001000001000001001110011001
01000010010001100000000000011000
01001000000001100000000001010101
10000001110001100100000000000010
10100000010001010100000100010001
00100000100110100000000001010100
10000100010001100000001000001010
01000110001000000010100011001100
10011000100001100000001010000100
01110010000010110000110000000010
00000001000000000000000000000000
00100000011010000000000100011000
00000100010000000001010000101010
11010000100000000000000000010100
10100010110001000000000000101010
00100000000001010100011001100001
00110101000100010000010100010001
00001100000000100000100000000000

00000000001000010010010000000100
00000001001000110000000100000100
00000000100100000110001000000010
00000000000000000000000001001000
10000001000001001001000000001000
00110001000000001001001000110000
10000110010000110000010100101100
10000000001000001100001000001100
10000101010000000000000100011000
00001010000010011100000110000000
00011001100000001000100000101001
10000000000000100010001000000011
00000100000001100000000000000100
00000100000000000000000011000000
00100001100000000101100000010100
10000010000100000000110010000000
00000001001000000000000001000100
10010000000000110000001000000011
00000100010000010100000000100000
00000010010000011001101000011110
00010000110001100000111001001001
10001000010001000001000110000000
00010000000000000000000000000001
00000100001000011000011001101100
00010000000000010000010000001000
00000000000001001010010110000000
01010010010000000001000001000000
00100010101100010010000000000000
00010000010000010000010000000001
00000010010000010100001000001001
00011001100100010001000000100000
00000010000000010000110000101010

00001000000000100000100000010010
00000000010001000000000001000001
00000000000000000000010000000000
00100000000000100000000000010000
10100000000000000000000100000000
10000000001110000000000001100000
00010000000000000010000000000000
00000000000000000000000000001000
00100000000000000000001001000000
01010000101010000010001000000010
00000000100000100010000011000000
00001001100000000000000010001000
01000000000000000000000011010000
00001000010000000000000100000001
10000000000101000000001110010001
00000000010000000000000000010000
00000000010000100000000001000000
00000001001101000101000000001000
11100000010001000000000000000100
00000100000100000000000100000000
10000110000000000000000000000000
00010000000000000000000011000010
00010000000001000000000000010000
01000001000010000000000000000000
00000001000000000000010000000111
00000000010010000000000000001000
00000000001000000000010000000000
11110000010000000000000000100100
10100000000000010100000000000000
00000000000000001000000000100000
10000000010100000000000001000001
00101000010000000000000000000000

00010000100000110000100000010010
00000001010001000000000000000000
00000000000000000000010000100000
01000101000000110100100000000000
00100000000000000000000100000000
10000000001000000000001000100010
00000000000000000000000000000001
00000010000000010000000000001100
01000000000000000000000000010010
00010000101000000000010000000100
00000000100001000000000010000000
01001000000100000000100011000000
01000000100000000000000001100100
00001001000100000000000100010100
10000000000000000000000110000000
00000000000000001000000000001100
00000000000000000000000011000000
10000000001100000110000000001000
01100000010000000000000000000000
00010000000100000000000010000000
00000100000000000000000000001010
01010001000000000000110011000011
00010010000001100000000000001100
10001000000000000000000000000000
11000101000001000000000110000110
01000000010000000000000000000000
00000000000000000000000000011000
00100000100000000000000100100100
10000000110000000100000000100000
00000000000000000000000000100000
00000001010110000001000000000001
00101000010000000000100000000000

00000000001000010010010000000100
00000001001000110000000100000100
00000000100100000110001000000010
00000000000000000000000001001000
10000001000001001001000000001000
00110001000000001001001000110000
10000110010000110000010100101100
10000000001000001100001000001100
10000101010000000000000100011000
00001010000010011100000110000000
00011001100000001000100000101001
10000000000000100010001000000011
00000100000001100000000000000100
00000100000000000000000011000000
00100001100000000101100000010100
10000010000100000000110010000000
00000001001000000000000001000100
10010000000000110000001000000011
00000100010000010100000000100000
00000010010000011001101000011110
00010000110001100000111001001001
10001000010001000001000110000000
00010000000000000000000000000001
00000100001000011000011001101100
00010000000000010000010000001000
00000000000001001010010110000000
01010010010000000001000001000000
00100010101100010010000000000000
00010000010000010000010000000001
00000010010000010100001000001001
00011001100100010001000000100000
00000010000000010000110000101010

00111001010000001001000000010000
00001000010001000000000000000000
01000000000000000000001100000000
11000011000000010100100000000000
00100000000000000000000100100000
10000010100100000000000010000011
00100001000000010000000010000000
00000000001000010000000000000000
00100000000000000001001000000000
00110000100010000010110001000100
00000000100010110100000010100000
00001000001001000000000010010000
01000000101000000000000011000101
10001001011000010000000100010110
00000000000001000000000110010000
00001000110000001100100000101001
10000100011000000000000011000000
00100000110101000010000000011010
10000000000000000000000100000010
00110100000100000000000000000100
10000000000001000000000000001000
01010101000000101000000000000000
00010000000001000000000000000110
01100101000001000000000001000100
10000000001000000000010000100011
00000000010000000000000000101010
00000100000010100100000000000000
01001000010001000000000000000100
10100000100110010100000001100000
00000000100001010100010000000000
10100011000110000010100000100001
00011000010000000010100000000000

00000001100000001010110000000010
00101000001001011110000000100100
00000000000000010011000000000100
00000101000000100000100010000000
10100000000011000000001100001010
00010100100010000000010001100000
00000110000000110000000000000100
10111010000000001101010000001100
00000000100000000000001000011010
10111000010010001000011011001100
00001100100010100000000011000010
00100000001100100010000000001110
01010100100001000000001000010100
00100000010000010010000000001000
00000001000001000001001110011001
01000010010001100000000000011000
01001000000001100000000001010101
10000001110001100100000000000010
10100000010001010100000100010001
00100000100110100000000001010100
10000100010001100000001000001010
01000110001000000010100011001100
10011000100001100000001010000100
01110010000010110000110000000010
00000001000000000000000000000000
00100000011010000000000100011000
00000100010000000001010000101010
11010000100000000000000000010100
10100010110001000000000000101010
00100000000001010100011001100001
00110101000100010000010100010001
00001100000000100000100000000000

00000000000000101000100000000010
00000000010000000000001000000000
00010000000000000000010000000000
00000000000000100001001000000001
00100000000000000000000100000000
10000000100100000000000000000000
00100000000000000000000000000000
00000001000100000000000000000000
01000010000000100000001000011000
00010000000000000000000000000000
00000100010011100100000001000000
01000000000100000000100000000100
01100000110000001000000101000100
00000000000000110000001100010001
10000000000001000000001110000000
00000000000000000000000100000000
00000000000000000100000001010100
10000000101100100110000001001001
00101100010001000000000000000100
00100000000000000000000101000000
10000110000000000001000000000000
01000000000000000000101010000010
10000000000001000100000000001100
11010010000000000000000000000000
00000000000000000000010000000000
01000000001001000000000010000100
00000000000000000000000000011000
00000010000000001000000000100100
10010000100000000000000000000000
00000000000000101100000000100000
00000000010100000001000000000001
00100000000000100000000000000000

