== Attributes ==
title=35_rectangle_h1_h2
type= 2x2
result=6
window_size=(75, 75)

== Input ==
000000000000000000000000000000000000000000000000000000000000000000000000000
000000000000000000000000000000000000000000000000000000000000000000000000000
000000000000000000000000000000000000000000000000000000000000000000000000000
000000000000000000000000000000000000000000000000000000000000000000000000000
000000000000000000000000000000000000000000000000000000000000000000000000000
000000000000000000000000000000000000000000000000000000000000000000000000000
000000000000000000111111111111111111111111111111111111111000000000000000000
000000000000000000111111111111111111111111111111111111111000000000000000000
000000000000000000111111111111111111111111111111111111111000000000000000000
000000000000000000111111111111111111111111111111111111111000000000000000000
000000000000000000111111111111111111111111111111111111111000000000000000000
000000000000000000111111111111111111111111111111111111111000000000000000000
000000000000000000111111111111111111111111111111111111111000000000000000000
000000000000000000111111111111111111111111111111111111111000000000000000000
000000000000000000111111111111111111111111111111111111111000000000000000000
000000000000000000111111111111111111111111111111111111111000000000000000000
000000000000000000111111111111111111111111111111111111111000000000000000000
000000000000000000111111111111111111111111111111111111111000000000000000000
000000000000000000111111111111111111111111111111111111111000000000000000000
000000000000000000111111111111111111111111111111111111111000000000000000000
000000000000000000111111111111111111111111111111111111111000000000000000000
000000000000000000111111111111111111111111111111111111111000000000000000000
000000000000000000111111111111111111111111111111111111111000000000000000000
000000000000000000111111111111111111111111111111111111111000000000000000000
000000000000000000111111111111111111111111111111111111111000000000000000000
000000000000000000111111111111111111111111111111111111111000000000000000000
000000000000000000111111111111111111111111111111111111111000000000000000000
000000000000000000111111111111111111111111111111111111111000000000000000000
000000000000000000111111111111111111111111111111111111111000000000000000000
000000000000000000111111111111111111111111111111111111111000000000000000000
000000000000000000111111111111111111111111111111111111111000000000000000000
000000000000000000111111111111111111111111111111111111111000000000000000000
000000000000000000111111111111111111111111111111111111111000000000000000000
000000000000000000111111111111111111111111111111111111111000000000000000000
000000000000000000111111111111111111111111111111111111111000000000000000000
000000000000000000111111111111111111111111111111111111111000000000000000000
000000000000000000111111111111111111111111111111111111111000000000000000000
000000000000000000110000000000000000000000000000000000011000000000000000000
000000000000000000110000000000000000000000000000000000011000000000000000000
000000000000000000110000000000000000000000000000000000011000000000000000000
000000000000000000110000000000000000000000000000000000011000000000000000000
000000000000000000110000000000000000000000000000000000011000000000000000000
000000000000000000110000000000000000000000000000000000011000000000000000000
000000000000000000110000000000000000000000000000000000011000000000000000000
000000000000000000110000000000000000000000000000000000011000000000000000000
000000000000000000110000000000000000000000000000000000011000000000000000000
000000000000000000110000000000000000000000000000000000011000000000000000000
000000000000000000110000000000000000000000000000000000011000000000000000000
000000000000000000110000000000000000000000000000000000011000000000000000000
000000000000000000110000000000000000000000000000000000011000000000000000000
000000000000000000110000000000000000000000000000000000011000000000000000000
000000000000000000110000000000000000000000000000000000011000000000000000000
000000000000000000110000000000000000000000000000000000011000000000000000000
000000000000000000110000000000000000000000000000000000011000000000000000000
000000000000000000110000000000000000000000000000000000011000000000000000000
000000000000000000110000000000000000000000000000000000011000000000000000000
000000000000000000110000000000000000000000000000000000011000000000000000000
000000000000000000110000000000000000000000000000000000011000000000000000000
000000000000000000110000000000000000000000000000000000011000000000000000000
000000000000000000110000000000000000000000000000000000011000000000000000000
000000000000000000110000000000000000000000000000000000011000000000000000000
000000000000000000110000000000000000000000000000000000011000000000000000000
000000000000000000110000000000000000000000000000000000011000000000000000000
000000000000000000110000000000000000000000000000000000011000000000000000000
000000000000000000110000000000000000000000000000000000011000000000000000000
000000000000000000110000000000000000000000000000000000011000000000000000000
000000000000000000110000000000000000000000000000000000011000000000000000000
000000000000000000111111111111111111111111111111111111111000000000000000000
000000000000000000111111111111111111111111111111111111111000000000000000000
000000000000000000000000000000000000000000000000000000000000000000000000000
000000000000000000000000000000000000000000000000000000000000000000000000000
000000000000000000000000000000000000000000000000000000000000000000000000000
000000000000000000000000000000000000000000000000000000000000000000000000000
000000000000000000000000000000000000000000000000000000000000000000000000000
000000000000000000000000000000000000000000000000000000000000000000000000000

000000000000000000000000000000000000000000000000000000000000000000000000000
000000000000000000000000000000000000000000000000000000000000000000000000000
000000000000000000000000000000000000000000000000000000000000000000000000000
000000000000000000000000000000000000000000000000000000000000000000000000000
000000000000000000000000000000000000000000000000000000000000000000000000000
000000000000000000000000000000000000000000000000000000000000000000000000000
000000000000000000111111111111111111111111111111111111111000000000000000000
000000000000000000111111111111111111111111111111111111111000000000000000000
000000000000000000110000000000000000000000000000000000011000000000000000000
000000000000000000110000000000000000000000000000000000011000000000000000000
000000000000000000110000000000000000000000000000000000011000000000000000000
000000000000000000110000000000000000000000000000000000011000000000000000000
000000000000000000110000000000000000000000000000000000011000000000000000000
000000000000000000110000000000000000000000000000000000011000000000000000000
000000000000000000110000000000000000000000000000000000011000000000000000000
000000000000000000110000000000000000000000000000000000011000000000000000000
000000000000000000110000000000000000000000000000000000011000000000000000000
000000000000000000110000000000000000000000000000000000011000000000000000000
000000000000000000110000000000000000000000000000000000011000000000000000000
000000000000000000110000000000000000000000000000000000011000000000000000000
000000000000000000110000000000000000000000000000000000011000000000000000000
000000000000000000110000000000000000000000000000000000011000000000000000000
000000000000000000110000000000000000000000000000000000011000000000000000000
000000000000000000110000000000000000000000000000000000011000000000000000000
000000000000000000110000000000000000000000000000000000011000000000000000000
000000000000000000110000000000000000000000000000000000011000000000000000000
000000000000000000110000000000000000000000000000000000011000000000000000000
000000000000000000110000000000000000000000000000000000011000000000000000000
000000000000000000110000000000000000000000000000000000011000000000000000000
000000000000000000110000000000000000000000000000000000011000000000000000000
000000000000000000110000000000000000000000000000000000011000000000000000000
000000000000000000110000000000000000000000000000000000011000000000000000000
000000000000000000110000000000000000000000000000000000011000000000000000000
000000000000000000110000000000000000000000000000000000011000000000000000000
000000000000000000110000000000000000000000000000000000011000000000000000000
000000000000000000110000000000000000000000000000000000011000000000000000000
000000000000000000110000000000000000000000000000000000011000000000000000000
000000000000000000111111111111111111111111111111111111111000000000000000000
000000000000000000111111111111111111111111111111111111111000000000000000000
000000000000000000111111111111111111111111111111111111111000000000000000000
000000000000000000111111111111111111111111111111111111111000000000000000000
000000000000000000111111111111111111111111111111111111111000000000000000000
000000000000000000111111111111111111111111111111111111111000000000000000000
000000000000000000111111111111111111111111111111111111111000000000000000000
000000000000000000111111111111111111111111111111111111111000000000000000000
000000000000000000111111111111111111111111111111111111111000000000000000000
000000000000000000111111111111111111111111111111111111111000000000000000000
000000000000000000111111111111111111111111111111111111111000000000000000000
000000000000000000111111111111111111111111111111111111111000000000000000000
000000000000000000111111111111111111111111111111111111111000000000000000000
000000000000000000111111111111111111111111111111111111111000000000000000000
000000000000000000111111111111111111111111111111111111111000000000000000000
000000000000000000111111111111111111111111111111111111111000000000000000000
000000000000000000111111111111111111111111111111111111111000000000000000000
000000000000000000111111111111111111111111111111111111111000000000000000000
000000000000000000111111111111111111111111111111111111111000000000000000000
000000000000000000111111111111111111111111111111111111111000000000000000000
000000000000000000111111111111111111111111111111111111111000000000000000000
000000000000000000111111111111111111111111111111111111111000000000000000000
000000000000000000111111111111111111111111111111111111111000000000000000000
000000000000000000111111111111111111111111111111111111111000000000000000000
000000000000000000111111111111111111111111111111111111111000000000000000000
000000000000000000111111111111111111111111111111111111111000000000000000000
000000000000000000111111111111111111111111111111111111111000000000000000000
000000000000000000111111111111111111111111111111111111111000000000000000000
000000000000000000111111111111111111111111111111111111111000000000000000000
000000000000000000111111111111111111111111111111111111111000000000000000000
000000000000000000111111111111111111111111111111111111111000000000000000000
000000000000000000111111111111111111111111111111111111111000000000000000000
000000000000000000000000000000000000000000000000000000000000000000000000000
000000000000000000000000000000000000000000000000000000000000000000000000000
000000000000000000000000000000000000000000000000000000000000000000000000000
000000000000000000000000000000000000000000000000000000000000000000000000000
000000000000000000000000000000000000000000000000000000000000000000000000000
000000000000000000000000000000000000000000000000000000000000000000000000000

000000000000000000000000000000000000000000000000000000000000000000000000000
000000000000000000000000000000000000000000000000000000000000000000000000000
000000000000000000000000000000000000000000000000000000000000000000000000000
000000000000000000000000000000000000000000000000000000000000000000000000000
000000000000000000000000000000000000000000000000000000000000000000000000000
000000000000000000000000000000000000000000000000000000000000000000000000000
000000000000000000111111111111111111111111111111111111111000000000000000000
000000000000000000111111111111111111111111111111111111111000000000000000000
000000000000000000111111111111111111111111111111111111111000000000000000000
000000000000000000111111111111111111111111111111111111111000000000000000000
000000000000000000111111111111111111111111111111111111111000000000000000000
000000000000000000111111111111111111111111111111111111111000000000000000000
000000000000000000111111111111111111111111111111111111111000000000000000000
000000000000000000111111111111111111111111111111111111111000000000000000000
000000000000000000111111111111111111111111111111111111111000000000000000000
000000000000000000111111111111111111111111111111111111111000000000000000000
000000000000000000111111111111111111111111111111111111111000000000000000000
000000000000000000111111111111111111111111111111111111111000000000000000000
000000000000000000111111111111111111111111111111111111111000000000000000000
000000000000000000111111111111111111111111111111111111111000000000000000000
000000000000000000111111111111111111111111111111111111111000000000000000000
000000000000000000111111111111111111111111111111111111111000000000000000000
000000000000000000111111111111111111111111111111111111111000000000000000000
000000000000000000111111111111111111111111111111111111111000000000000000000
000000000000000000111111111111111111111111111111111111111000000000000000000
000000000000000000111111111111111111111111111111111111111000000000000000000
000000000000000000111111111111111111111111111111111111111000000000000000000
000000000000000000111111111111111111111111111111111111111000000000000000000
000000000000000000111111111111111111111111111111111111111000000000000000000
000000000000000000111111111111111111111111111111111111111000000000000000000
000000000000000000111111111111111111111111111111111111111000000000000000000
000000000000000000111111111111111111111111111111111111111000000000000000000
000000000000000000111111111111111111111111111111111111111000000000000000000
000000000000000000111111111111111111111111111111111111111000000000000000000
000000000000000000111111111111111111111111111111111111111000000000000000000
000000000000000000111111111111111111111111111111111111111000000000000000000
000000000000000000111111111111111111111111111111111111111000000000000000000
000000000000000000110000000000000000000000000000000000011000000000000000000
000000000000000000110000000000000000000000000000000000011000000000000000000
000000000000000000110000000000000000000000000000000000011000000000000000000
000000000000000000110000000000000000000000000000000000011000000000000000000
000000000000000000110000000000000000000000000000000000011000000000000000000
000000000000000000110000000000000000000000000000000000011000000000000000000
000000000000000000110000000000000000000000000000000000011000000000000000000
000000000000000000110000000000000000000000000000000000011000000000000000000
000000000000000000110000000000000000000000000000000000011000000000000000000
000000000000000000110000000000000000000000000000000000011000000000000000000
000000000000000000110000000000000000000000000000000000011000000000000000000
000000000000000000110000000000000000000000000000000000011000000000000000000
000000000000000000110000000000000000000000000000000000011000000000000000000
000000000000000000110000000000000000000000000000000000011000000000000000000
000000000000000000110000000000000000000000000000000000011000000000000000000
000000000000000000110000000000000000000000000000000000011000000000000000000
000000000000000000110000000000000000000000000000000000011000000000000000000
000000000000000000110000000000000000000000000000000000011000000000000000000
000000000000000000110000000000000000000000000000000000011000000000000000000
000000000000000000110000000000000000000000000000000000011000000000000000000
000000000000000000110000000000000000000000000000000000011000000000000000000
000000000000000000110000000000000000000000000000000000011000000000000000000
000000000000000000110000000000000000000000000000000000011000000000000000000
000000000000000000110000000000000000000000000000000000011000000000000000000
000000000000000000110000000000000000000000000000000000011000000000000000000
000000000000000000110000000000000000000000000000000000011000000000000000000
000000000000000000110000000000000000000000000000000000011000000000000000000
000000000000000000110000000000000000000000000000000000011000000000000000000
000000000000000000110000000000000000000000000000000000011000000000000000000
000000000000000000110000000000000000000000000000000000011000000000000000000
000000000000000000111111111111111111111111111111111111111000000000000000000
000000000000000000111111111111111111111111111111111111111000000000000000000
000000000000000000000000000000000000000000000000000000000000000000000000000
000000000000000000000000000000000000000000000000000000000000000000000000000
000000000000000000000000000000000000000000000000000000000000000000000000000
000000000000000000000000000000000000000000000000000000000000000000000000000
000000000000000000000000000000000000000000000000000000000000000000000000000
000000000000000000000000000000000000000000000000000000000000000000000000000

== Output ==
000000000000000000000000000000000000000000000000000000000000000000000000000
000000000000000000000000000000000000000000000000000000000000000000000000000
000000000000000000000000000000000000000000000000000000000000000000000000000
000000000000000000000000000000000000000000000000000000000000000000000000000
000000000000000000000000000000000000000000000000000000000000000000000000000
000000000000000000000000000000000000000000000000000000000000000000000000000
000000000000000000000000000000000000000000000000000000000000000000000000000
000000000000000000000000000000000000000000000000000000000000000000000000000
000000000000000000000000000000000000000000000000000000000000000000000000000
000000000000000000000000000000000000000000000000000000000000000000000000000
000000000000000000000000000000000000000000000000000000000000000000000000000
000000000001111111111111111111111111111111111111111111111111111100000000000
000000000001111111111111111111111111111111111111111111111111111100000000000
000000000001100000000000000000000000000000000000000000000000001100000000000
000000000001100000000000000000000000000000000000000000000000001100000000000
000000000001100000000000000000000000000000000000000000000000001100000000000
000000000001100000000000000000000000000000000000000000000000001100000000000
000000000001100000000000000000000000000000000000000000000000001100000000000
000000000001100000000000000000000000000000000000000000000000001100000000000
000000000001100000000000000000000000000000000000000000000000001100000000000
000000000001100000000000000000000000000000000000000000000000001100000000000
000000000001100000000000000000000000000000000000000000000000001100000000000
000000000001100000000000000000000000000000000000000000000000001100000000000
000000000001100000000000000000000000000000000000000000000000001100000000000
000000000001100000000000000000000000000000000000000000000000001100000000000
000000000001100000000000000000000000000000000000000000000000001100000000000
000000000001100000000000000000000000000000000000000000000000001100000000000
000000000001100000000000000000000000000000000000000000000000001100000000000
000000000001100000000000000000000000000000000000000000000000001100000000000
000000000001100000000000000000000000000000000000000000000000001100000000000
000000000001100000000000000000000000000000000000000000000000001100000000000
000000000001100000000000000000000000000000000000000000000000001100000000000
000000000001100000000000000000000000000000000000000000000000001100000000000
000000000001100000000000000000000000000000000000000000000000001100000000000
000000000001100000000000000000000000000000000000000000000000001100000000000
000000000001100000000000000000000000000000000000000000000000001100000000000
000000000001100000000000000000000000000000000000000000000000001100000000000
000000000001111111111111111111111111111111111111111111111111111100000000000
000000000001111111111111111111111111111111111111111111111111111100000000000
000000000001111111111111111111111111111111111111111111111111111100000000000
000000000001111111111111111111111111111111111111111111111111111100000000000
000000000001111111111111111111111111111111111111111111111111111100000000000
000000000001111111111111111111111111111111111111111111111111111100000000000
000000000001111111111111111111111111111111111111111111111111111100000000000
000000000001111111111111111111111111111111111111111111111111111100000000000
000000000001111111111111111111111111111111111111111111111111111100000000000
000000000001111111111111111111111111111111111111111111111111111100000000000
000000000001111111111111111111111111111111111111111111111111111100000000000
000000000001111111111111111111111111111111111111111111111111111100000000000
000000000001111111111111111111111111111111111111111111111111111100000000000
000000000001111111111111111111111111111111111111111111111111111100000000000
000000000001111111111111111111111111111111111111111111111111111100000000000
000000000001111111111111111111111111111111111111111111111111111100000000000
000000000001111111111111111111111111111111111111111111111111111100000000000
000000000001111111111111111111111111111111111111111111111111111100000000000
000000000001111111111111111111111111111111111111111111111111111100000000000
000000000001111111111111111111111111111111111111111111111111111100000000000
000000000001111111111111111111111111111111111111111111111111111100000000000
000000000001111111111111111111111111111111111111111111111111111100000000000
000000000001111111111111111111111111111111111111111111111111111100000000000
000000000001111111111111111111111111111111111111111111111111111100000000000
000000000001111111111111111111111111111111111111111111111111111100000000000
000000000001111111111111111111111111111111111111111111111111111100000000000
000000000001111111111111111111111111111111111111111111111111111100000000000
000000000000000000000000000000000000000000000000000000000000000000000000000
000000000000000000000000000000000000000000000000000000000000000000000000000
000000000000000000000000000000000000000000000000000000000000000000000000000
000000000000000000000000000000000000000000000000000000000000000000000000000
000000000000000000000000000000000000000000000000000000000000000000000000000
000000000000000000000000000000000000000000000000000000000000000000000000000
000000000000000000000000000000000000000000000000000000000000000000000000000
000000000000000000000000000000000000000000000000000000000000000000000000000
000000000000000000000000000000000000000000000000000000000000000000000000000
000000000000000000000000000000000000000000000000000000000000000000000000000
000000000000000000000000000000000000000000000000000000000000000000000000000

000000000000000000000000000000000000000000000000000000000000000000000000000
000000000000000000000000000000000000000000000000000000000000000000000000000
000000000000000000000000000000000000000000000000000000000000000000000000000
000000000000000000000000000000000000000000000000000000000000000000000000000
000000000000000000000000000000000000000000000000000000000000000000000000000
000000000000000000000000000000000000000000000000000000000000000000000000000
000000000000000000000000000000000000010000000000000000000000000000000000000
000000000000000000000000000000111111111111111000000000000000000000000000000
000000000000000000000000000111111111111111111111000000000000000000000000000
000000000000000000000000111111000000000000000111111000000000000000000000000
000000000000000000000011111000000000000000000000111110000000000000000000000
000000000000000000000111100000000000000000000000001111000000000000000000000
000000000000000000011110000000000000000000000000000011110000000000000000000
000000000000000000111000000000000000000000000000000000111000000000000000000
000000000000000001110000000000000000000000000000000000011100000000000000000
000000000000000011100000000000000000000000000000000000001110000000000000000
000000000000000111000000000000000000000000000000000000000111000000000000000
000000000000001110000000000000000000000000000000000000000011100000000000000
000000000000011100000000000000000000000000000000000000000001110000000000000
000000000000111000000000000000000000000000000000000000000000111000000000000
000000000000110000000000000000000000000000000000000000000000011000000000000
000000000001100000000000000000000000000000000000000000000000001100000000000
000000000011100000000000000000000000000000000000000000000000001110000000000
000000000011000000000000000000000000000000000000000000000000000110000000000
000000000111000000000000000000000000000000000000000000000000000111000000000
000000000110000000000000000000000000000000000000000000000000000011000000000
000000000110000000000000000000000000000000000000000000000000000011000000000
000000001100000000000000000000000000000000000000000000000000000001100000000
000000001100000000000000000000000000000000000000000000000000000001100000000
000000001100000000000000000000000000000000000000000000000000000001100000000
000000011000000000000000000000000000000000000000000000000000000000110000000
000000011000000000000000000000000000000000000000000000000000000000110000000
000000011000000000000000000000000000000000000000000000000000000000110000000
000000011000000000000000000000000000000000000000000000000000000000110000000
000000011000000000000000000000000000000000000000000000000000000000110000000
000000011000000000000000000000000000000000000000000000000000000000110000000
000000011000000000000000000000000000000000000000000000000000000000110000000
000000111111111111111111111111111111111111111111111111111111111111111000000
000000011111111111111111111111111111111111111111111111111111111111110000000
000000011111111111111111111111111111111111111111111111111111111111110000000
000000011111111111111111111111111111111111111111111111111111111111110000000
000000011111111111111111111111111111111111111111111111111111111111110000000
000000011111111111111111111111111111111111111111111111111111111111110000000
000000011111111111111111111111111111111111111111111111111111111111110000000
000000011111111111111111111111111111111111111111111111111111111111110000000
000000001111111111111111111111111111111111111111111111111111111111100000000
000000001111111111111111111111111111111111111111111111111111111111100000000
000000001111111111111111111111111111111111111111111111111111111111100000000
000000000111111111111111111111111111111111111111111111111111111111000000000
000000000111111111111111111111111111111111111111111111111111111111000000000
000000000111111111111111111111111111111111111111111111111111111111000000000
000000000011111111111111111111111111111111111111111111111111111110000000000
000000000011111111111111111111111111111111111111111111111111111110000000000
000000000001111111111111111111111111111111111111111111111111111100000000000
000000000000111111111111111111111111111111111111111111111111111000000000000
000000000000111111111111111111111111111111111111111111111111111000000000000
000000000000011111111111111111111111111111111111111111111111110000000000000
000000000000001111111111111111111111111111111111111111111111100000000000000
000000000000000111111111111111111111111111111111111111111111000000000000000
000000000000000011111111111111111111111111111111111111111110000000000000000
000000000000000001111111111111111111111111111111111111111100000000000000000
000000000000000000111111111111111111111111111111111111111000000000000000000
000000000000000000011111111111111111111111111111111111110000000000000000000
000000000000000000000111111111111111111111111111111111000000000000000000000
000000000000000000000011111111111111111111111111111110000000000000000000000
000000000000000000000000111111111111111111111111111000000000000000000000000
000000000000000000000000000111111111111111111111000000000000000000000000000
000000000000000000000000000000111111111111111000000000000000000000000000000
000000000000000000000000000000000000010000000000000000000000000000000000000
000000000000000000000000000000000000000000000000000000000000000000000000000
000000000000000000000000000000000000000000000000000000000000000000000000000
000000000000000000000000000000000000000000000000000000000000000000000000000
000000000000000000000000000000000000000000000000000000000000000000000000000
000000000000000000000000000000000000000000000000000000000000000000000000000
000000000000000000000000000000000000000000000000000000000000000000000000000

000000000000000000000000000000000000000000000000000000000000000000000000000
000000000000000000000000000000000000000000000000000000000000000000000000000
000000000000000000000000000000000000000000000000000000000000000000000000000
000000000000000000000000000000000000000000000000000000000000000000000000000
000000000000000000000000000000000000000000000000000000000000000000000000000
000000000000000000000000000000000000000000000000000000000000000000000000000
000000000000000000000000000000000000000000000000000000000000000000000000000
000000000000000000000000000000000000000000000000000000000000000000000000000
000000000000000000000000000000000000000000000000000000000000000000000000000
000000000000000000000000000000000000000000000000000000000000000000000000000
000000000000000000000000000000000000000000000000000000000000000000000000000
000000000000000000000000000000000000000000000000000000000000000000000000000
000000000000000000000000000000000000000000000000000000000000000000000000000
000000000000000000000000000000000000000000000000000000000000000000000000000
000000000000000000000000000000000000000000000000000000000000000000000000000
000000000000000000000000000000000000000000000000000000000000000000000000000
000000000000000000000000000000000000000000000000000000000000000000000000000
000000000000000000000000000000000000000000000000000000000000000000000000000
000000000000000000000000000000000000000000000000000000000000000000000000000
000000000000000000000000000000000000000000000000000000000000000000000000000
000000000000000000000000000000000000010000000000000000000000000000000000000
000000000000000000000000000000000000111000000000000000000000000000000000000
000000000000000000000000000000000001101100000000000000000000000000000000000
000000000000000000000000000000000011000110000000000000000000000000000000000
000000000000000000000000000000000110000011000000000000000000000000000000000
000000000000000000000000000000001100000001100000000000000000000000000000000
000000000000000000000000000000011000000000110000000000000000000000000000000
000000000000000000000000000000110000000000011000000000000000000000000000000
000000000000000000000000000001100000000000001100000000000000000000000000000
000000000000000000000000000011000000000000000110000000000000000000000000000
000000000000000000000000000110000000000000000011000000000000000000000000000
000000000000000000000000001100000000000000000001100000000000000000000000000
000000000000000000000000011000000000000000000000110000000000000000000000000
000000000000000000000000110000000000000000000000011000000000000000000000000
000000000000000000000001100000000000000000000000001100000000000000000000000
000000000000000000000011000000000000000000000000000110000000000000000000000
000000000000000000000110000000000000000000000000000011000000000000000000000
000000000000000000001111111111111111111111111111111111100000000000000000000
000000000000000000011111111111111111111111111111111111110000000000000000000
000000000000000000111111111111111111111111111111111111111000000000000000000
000000000000000001111111111111111111111111111111111111111100000000000000000
000000000000000011111111111111111111111111111111111111111110000000000000000
000000000000000111111111111111111111111111111111111111111111000000000000000
000000000000001111111111111111111111111111111111111111111111100000000000000
000000000000011111111111111111111111111111111111111111111111110000000000000
000000000000111111111111111111111111111111111111111111111111111000000000000
000000000001111111111111111111111111111111111111111111111111111100000000000
000000000011111111111111111111111111111111111111111111111111111110000000000
000000000111111111111111111111111111111111111111111111111111111111000000000
000000001111111111111111111111111111111111111111111111111111111111100000000
000000011111111111111111111111111111111111111111111111111111111111110000000
000000111111111111111111111111111111111111111111111111111111111111111000000
000001111111111111111111111111111111111111111111111111111111111111111100000
000011111111111111111111111111111111111111111111111111111111111111111110000
000000000000000000000000000000000000000000000000000000000000000000000000000
000000000000000000000000000000000000000000000000000000000000000000000000000
000000000000000000000000000000000000000000000000000000000000000000000000000
000000000000000000000000000000000000000000000000000000000000000000000000000
000000000000000000000000000000000000000000000000000000000000000000000000000
000000000000000000000000000000000000000000000000000000000000000000000000000
000000000000000000000000000000000000000000000000000000000000000000000000000
000000000000000000000000000000000000000000000000000000000000000000000000000
000000000000000000000000000000000000000000000000000000000000000000000000000
000000000000000000000000000000000000000000000000000000000000000000000000000
000000000000000000000000000000000000000000000000000000000000000000000000000
000000000000000000000000000000000000000000000000000000000000000000000000000
000000000000000000000000000000000000000000000000000000000000000000000000000
000000000000000000000000000000000000000000000000000000000000000000000000000
000000000000000000000000000000000000000000000000000000000000000000000000000
000000000000000000000000000000000000000000000000000000000000000000000000000
000000000000000000000000000000000000000000000000000000000000000000000000000
000000000000000000000000000000000000000000000000000000000000000000000000000
000000000000000000000000000000000000000000000000000000000000000000000000000
000000000000000000000000000000000000000000000000000000000000000000000000000
000000000000000000000000000000000000000000000000000000000000000000000000000

000000000000000000000000000000000000000000000000000000000000000000000000000
000000000000000000000000000000000000000000000000000000000000000000000000000
000000000000000000000000000000000000000000000000000000000000000000000000000
000000000000000000000000000000000000000000000000000000000000000000000000000
000000000000000000000000000000000000000000000000000000000000000000000000000
000000000000000000000000000000000000000000000000000000000000000000000000000
000000000000000000111111111111111111111111111111111111111000000000000000000
000000000000000000111111111111111111111111111111111111111000000000000000000
000000000000000000111111111111111111111111111111111111111000000000000000000
000000000000000000111111111111111111111111111111111111111000000000000000000
000000000000000000111111111111111111111111111111111111111000000000000000000
000000000000000000111111111111111111111111111111111111111000000000000000000
000000000000000000111111111111111111111111111111111111111000000000000000000
000000000000000000111111111111111111111111111111111111111000000000000000000
000000000000000000111111111111111111111111111111111111111000000000000000000
000000000000000000111111111111111111111111111111111111111000000000000000000
000000000000000000111111111111111111111111111111111111111000000000000000000
000000000000000000111111111111111111111111111111111111111000000000000000000
000000000000000000111111111111111111111111111111111111111000000000000000000
000000000000000000111111111111111111111111111111111111111000000000000000000
000000000000000000111111111111111111111111111111111111111000000000000000000
000000000000000000111111111111111111111111111111111111111000000000000000000
000000000000000000111111111111111111111111111111111111111000000000000000000
000000000000000000111111111111111111111111111111111111111000000000000000000
000000000000000000111111111111111111111111111111111111111000000000000000000
000000000000000000111111111111111111111111111111111111111000000000000000000
000000000000000000111111111111111111111111111111111111111000000000000000000
000000000000000000111111111111111111111111111111111111111000000000000000000
000000000000000000111111111111111111111111111111111111111000000000000000000
000000000000000000111111111111111111111111111111111111111000000000000000000
000000000000000000111111111111111111111111111111111111111000000000000000000
000000000000000000111111111111111111111111111111111111111000000000000000000
000000000000000000111111111111111111111111111111111111111000000000000000000
000000000000000000111111111111111111111111111111111111111000000000000000000
000000000000000000111111111111111111111111111111111111111000000000000000000
000000000000000000111111111111111111111111111111111111111000000000000000000
000000000000000000111111111111111111111111111111111111111000000000000000000
000000000000000000110000000000000000000000000000000000011000000000000000000
000000000000000000110000000000000000000000000000000000011000000000000000000
000000000000000000110000000000000000000000000000000000011000000000000000000
000000000000000000110000000000000000000000000000000000011000000000000000000
000000000000000000110000000000000000000000000000000000011000000000000000000
000000000000000000110000000000000000000000000000000000011000000000000000000
000000000000000000110000000000000000000000000000000000011000000000000000000
000000000000000000110000000000000000000000000000000000011000000000000000000
000000000000000000110000000000000000000000000000000000011000000000000000000
000000000000000000110000000000000000000000000000000000011000000000000000000
000000000000000000110000000000000000000000000000000000011000000000000000000
000000000000000000110000000000000000000000000000000000011000000000000000000
000000000000000000110000000000000000000000000000000000011000000000000000000
000000000000000000110000000000000000000000000000000000011000000000000000000
000000000000000000110000000000000000000000000000000000011000000000000000000
000000000000000000110000000000000000000000000000000000011000000000000000000
000000000000000000110000000000000000000000000000000000011000000000000000000
000000000000000000110000000000000000000000000000000000011000000000000000000
000000000000000000110000000000000000000000000000000000011000000000000000000
000000000000000000110000000000000000000000000000000000011000000000000000000
000000000000000000110000000000000000000000000000000000011000000000000000000
000000000000000000110000000000000000000000000000000000011000000000000000000
000000000000000000110000000000000000000000000000000000011000000000000000000
000000000000000000110000000000000000000000000000000000011000000000000000000
000000000000000000110000000000000000000000000000000000011000000000000000000
000000000000000000110000000000000000000000000000000000011000000000000000000
000000000000000000110000000000000000000000000000000000011000000000000000000
000000000000000000110000000000000000000000000000000000011000000000000000000
000000000000000000110000000000000000000000000000000000011000000000000000000
000000000000000000110000000000000000000000000000000000011000000000000000000
000000000000000000111111111111111111111111111111111111111000000000000000000
000000000000000000111111111111111111111111111111111111111000000000000000000
000000000000000000000000000000000000000000000000000000000000000000000000000
000000000000000000000000000000000000000000000000000000000000000000000000000
000000000000000000000000000000000000000000000000000000000000000000000000000
000000000000000000000000000000000000000000000000000000000000000000000000000
000000000000000000000000000000000000000000000000000000000000000000000000000
000000000000000000000000000000000000000000000000000000000000000000000000000

000000000000000000000000000000000000000000000000000000000000000000000000000
000000000000000000000000000000000000000000000000000000000000000000000000000
000000000000000000000000000000000000000000000000000000000000000000000000000
000000000000000000000000000000000000000000000000000000000000000000000000000
000000000000000000000000000000000000000000000000000000000000000000000000000
000000000000000000000000000000000000000000000000000000000000000000000000000
000000000000000000000000000000000000000000000000000000000000000000000000000
000000000000000000000000000000000000000000000000000000000000000000000000000
000000000000000000000000000000000000000000000000000000000000000000000000000
000000000000000000000000000000000000000000000000000000000000000000000000000
000000000000000000000000000000000000000000000000000000000000000000000000000
000000000000000000000000000000000000000000000000000000000000000000000000000
000000000000000000000000000000000000000000000000000000000000000000000000000
000000000000000000000000000000000000000000000000000000000000000000000000000
000000000000000000000000000000000000000000000000000000000000000000000000000
000000000000000000000000000000000000000000000000000000000000000000000000000
000000000000000000000000000000000000000000000000000000000000000000000000000
000000000000000000000000000000000000000000000000000000000000000000000000000
000000000000000000000000000000000000000000000000000000000000000000000000000
000000000000000000000000000000000000000000000000000000000000000000000000000
000000000000000000000000000000000000000000000000000000000000000000000000000
000011111111111111111111111111111111111111111111111111111111111111111110000
000001111111111111111111111111111111111111111111111111111111111111111100000
000000110000000000000000000000000000000000000000000000000000000000011000000
000000011000000000000000000000000000000000000000000000000000000000110000000
000000001100000000000000000000000000000000000000000000000000000001100000000
000000000110000000000000000000000000000000000000000000000000000011000000000
000000000011000000000000000000000000000000000000000000000000000110000000000
000000000001100000000000000000000000000000000000000000000000001100000000000
000000000000110000000000000000000000000000000000000000000000011000000000000
000000000000011000000000000000000000000000000000000000000000110000000000000
000000000000001100000000000000000000000000000000000000000001100000000000000
000000000000000110000000000000000000000000000000000000000011000000000000000
000000000000000011000000000000000000000000000000000000000110000000000000000
000000000000000001100000000000000000000000000000000000001100000000000000000
000000000000000000110000000000000000000000000000000000011000000000000000000
000000000000000000011000000000000000000000000000000000110000000000000000000
000000000000000000001111111111111111111111111111111111100000000000000000000
000000000000000000000111111111111111111111111111111111000000000000000000000
000000000000000000000011111111111111111111111111111110000000000000000000000
000000000000000000000001111111111111111111111111111100000000000000000000000
000000000000000000000000111111111111111111111111111000000000000000000000000
000000000000000000000000011111111111111111111111110000000000000000000000000
000000000000000000000000001111111111111111111111100000000000000000000000000
000000000000000000000000000111111111111111111111000000000000000000000000000
000000000000000000000000000011111111111111111110000000000000000000000000000
000000000000000000000000000001111111111111111100000000000000000000000000000
000000000000000000000000000000111111111111111000000000000000000000000000000
000000000000000000000000000000011111111111110000000000000000000000000000000
000000000000000000000000000000001111111111100000000000000000000000000000000
000000000000000000000000000000000111111111000000000000000000000000000000000
000000000000000000000000000000000011111110000000000000000000000000000000000
000000000000000000000000000000000001111100000000000000000000000000000000000
000000000000000000000000000000000000111000000000000000000000000000000000000
000000000000000000000000000000000000010000000000000000000000000000000000000
000000000000000000000000000000000000000000000000000000000000000000000000000
000000000000000000000000000000000000000000000000000000000000000000000000000
000000000000000000000000000000000000000000000000000000000000000000000000000
000000000000000000000000000000000000000000000000000000000000000000000000000
000000000000000000000000000000000000000000000000000000000000000000000000000
000000000000000000000000000000000000000000000000000000000000000000000000000
000000000000000000000000000000000000000000000000000000000000000000000000000
000000000000000000000000000000000000000000000000000000000000000000000000000
000000000000000000000000000000000000000000000000000000000000000000000000000
000000000000000000000000000000000000000000000000000000000000000000000000000
000000000000000000000000000000000000000000000000000000000000000000000000000
000000000000000000000000000000000000000000000000000000000000000000000000000
000000000000000000000000000000000000000000000000000000000000000000000000000
000000000000000000000000000000000000000000000000000000000000000000000000000
000000000000000000000000000000000000000000000000000000000000000000000000000
000000000000000000000000000000000000000000000000000000000000000000000000000
000000000000000000000000000000000000000000000000000000000000000000000000000
000000000000000000000000000000000000000000000000000000000000000000000000000
000000000000000000000000000000000000000000000000000000000000000000000000000
000000000000000000000000000000000000000000000000000000000000000000000000000

000000000000000000000000000000000000000000000000000000000000000000000000000
000000000000000000000000000000000000000000000000000000000000000000000000000
000000000000000000000000000000000000000000000000000000000000000000000000000
000000000000000000000000000000000000000000000000000000000000000000000000000
000000000000000000000000000000000000000000000000000000000000000000000000000
000000000000000000000000000000000000000000000000000000000000000000000000000
000000000000000000111111111111111111111111111111111111111000000000000000000
000000000000000000111111111111111111111111111111111111111000000000000000000
000000000000000000110000000000000000000000000000000000011000000000000000000
000000000000000000110000000000000000000000000000000000011000000000000000000
000000000000000000110000000000000000000000000000000000011000000000000000000
000000000000000000110000000000000000000000000000000000011000000000000000000
000000000000000000110000000000000000000000000000000000011000000000000000000
000000000000000000110000000000000000000000000000000000011000000000000000000
000000000000000000110000000000000000000000000000000000011000000000000000000
000000000000000000110000000000000000000000000000000000011000000000000000000
000000000000000000110000000000000000000000000000000000011000000000000000000
000000000000000000110000000000000000000000000000000000011000000000000000000
000000000000000000110000000000000000000000000000000000011000000000000000000
000000000000000000110000000000000000000000000000000000011000000000000000000
000000000000000000110000000000000000000000000000000000011000000000000000000
000000000000000000110000000000000000000000000000000000011000000000000000000
000000000000000000110000000000000000000000000000000000011000000000000000000
000000000000000000110000000000000000000000000000000000011000000000000000000
000000000000000000110000000000000000000000000000000000011000000000000000000
000000000000000000110000000000000000000000000000000000011000000000000000000
000000000000000000110000000000000000000000000000000000011000000000000000000
000000000000000000110000000000000000000000000000000000011000000000000000000
000000000000000000110000000000000000000000000000000000011000000000000000000
000000000000000000110000000000000000000000000000000000011000000000000000000
000000000000000000110000000000000000000000000000000000011000000000000000000
000000000000000000110000000000000000000000000000000000011000000000000000000
000000000000000000110000000000000000000000000000000000011000000000000000000
000000000000000000110000000000000000000000000000000000011000000000000000000
000000000000000000110000000000000000000000000000000000011000000000000000000
000000000000000000110000000000000000000000000000000000011000000000000000000
000000000000000000110000000000000000000000000000000000011000000000000000000
000000000000000000111111111111111111111111111111111111111000000000000000000
000000000000000000111111111111111111111111111111111111111000000000000000000
000000000000000000111111111111111111111111111111111111111000000000000000000
000000000000000000111111111111111111111111111111111111111000000000000000000
000000000000000000111111111111111111111111111111111111111000000000000000000
000000000000000000111111111111111111111111111111111111111000000000000000000
000000000000000000111111111111111111111111111111111111111000000000000000000
000000000000000000111111111111111111111111111111111111111000000000000000000
000000000000000000111111111111111111111111111111111111111000000000000000000
000000000000000000111111111111111111111111111111111111111000000000000000000
000000000000000000111111111111111111111111111111111111111000000000000000000
000000000000000000111111111111111111111111111111111111111000000000000000000
000000000000000000111111111111111111111111111111111111111000000000000000000
000000000000000000111111111111111111111111111111111111111000000000000000000
000000000000000000111111111111111111111111111111111111111000000000000000000
000000000000000000111111111111111111111111111111111111111000000000000000000
000000000000000000111111111111111111111111111111111111111000000000000000000
000000000000000000111111111111111111111111111111111111111000000000000000000
000000000000000000111111111111111111111111111111111111111000000000000000000
000000000000000000111111111111111111111111111111111111111000000000000000000
000000000000000000111111111111111111111111111111111111111000000000000000000
000000000000000000111111111111111111111111111111111111111000000000000000000
000000000000000000111111111111111111111111111111111111111000000000000000000
000000000000000000111111111111111111111111111111111111111000000000000000000
000000000000000000111111111111111111111111111111111111111000000000000000000
000000000000000000111111111111111111111111111111111111111000000000000000000
000000000000000000111111111111111111111111111111111111111000000000000000000
000000000000000000111111111111111111111111111111111111111000000000000000000
000000000000000000111111111111111111111111111111111111111000000000000000000
000000000000000000111111111111111111111111111111111111111000000000000000000
000000000000000000111111111111111111111111111111111111111000000000000000000
000000000000000000111111111111111111111111111111111111111000000000000000000
000000000000000000000000000000000000000000000000000000000000000000000000000
000000000000000000000000000000000000000000000000000000000000000000000000000
000000000000000000000000000000000000000000000000000000000000000000000000000
000000000000000000000000000000000000000000000000000000000000000000000000000
000000000000000000000000000000000000000000000000000000000000000000000000000
000000000000000000000000000000000000000000000000000000000000000000000000000

== SDRs ==
00100000000001000110000100000000
01110000100000000000000100000010
00011001000000000010011000000010
10100100000101000100000001000010
00000101000010100110001111000010
00000000000000000001110100000000
00010010000011010001000010100001
10100000010000000000010000000000
00100100000000101100101010000100
01001010000000100000001000100000
01010000110100101000100000000011
00010001000000001100000001001100
10000001011001001000100100000101
00001000001000000010100010001101
00110000000010001010000100011010
00000000000000001001100000000000
00100010000000011000101001000000
00000000110000000001000000001100
11001100100110010100000101101000
00000100000000000000100000100000
10001000000100100000100000010000
10010100111000001000100000000010
10110000000001000010010011000110
00000000000000000010100000000000
00000000000110100001000000000100
00101000110010000010101100100000
10000010110000010000000000010000
00000001000000000001000100000010
00011111000000000010000100011100
00010010000010000010000000000101
00100000110100000000100000100000
10000000000000000100000000000000

01000000101100000010000000100110
10000000001010001001000001001111
00000000000000010000000000001000
00000000011000000011100001001011
00000000000000010000100000100100
00000001001010010100000010000010
00000000110000000000100101000110
01010001000001010000000000010001
00000110010000010010000001001011
00000100000000010100000001011010
00010000011011100010010000010000
00000000000100100000001010010000
00000100000100001001100101000000
10100110100001010010000000100011
10000100000100010100001000001000
01000000000100000011001001001100
00100000000000000100000001000100
01000000100000010000101000000001
00000001000000001000100000000010
00011001000100000000000000110101
00000000000000000101001100000010
00001000000100100001100101010000
10000000000000010000001100010000
00001010000000010001001000000000
00000010000001101000001000000001
00000110000000000001001001001000
01000100000100001000000010000000
01000011000000010001000000000000
01000000000100001101001000010011
00101100010010000000000000001101
00000100001000000000010000010000
01100000010000100000100010000000

00100000000001000110000100000000
01110000100000000000000100000010
00011001000000000010011000000010
10100100000101000100000001000010
00000101000010100110001111000010
00000000000000000001110100000000
00010010000011010001000010100001
10100000010000000000010000000000
00100100000000101100101010000100
01001010000000100000001000100000
01010000110100101000100000000011
00010001000000001100000001001100
10000001011001001000100100000101
00001000001000000010100010001101
00110000000010001010000100011010
00000000000000001001100000000000
00100010000000011000101001000000
00000000110000000001000000001100
11001100100110010100000101101000
00000100000000000000100000100000
10001000000100100000100000010000
10010100111000001000100000000010
10110000000001000010010011000110
00000000000000000010100000000000
00000000000110100001000000000100
00101000110010000010101100100000
10000010110000010000000000010000
00000001000000000001000100000010
00011111000000000010000100011100
00010010000010000010000000000101
00100000110100000000100000100000
10000000000000000100000000000000

01010001000000000000000010011110
10000000000011001000000000001000
00000000000110000000100010000100
00000000000000000000000000001010
00000000000000010000000000100000
00000010010000000000000000110100
00101000100100000100001000000000
10010000001000000011000000001011
00001010001001000000000001000001
00000000000100010100010100000101
00000000000010000110000000000000
00010000011000000010000010010011
00001000000000011010001001000000
10000010000101000000000100000000
00000000001001000101000000000110
00000001001010100000011000001001
00000100001110000100010000000111
11000000000100100100001010000001
00010010000001000000000000001010
00000000010100010001001000010001
00100000001100000101000000000010
01100110000000100001001101000000
00000010100000001000000000000000
00000000000001000100000000001110
01101000001001001000000000001001
00000000000000000001000000001110
01000100000000001100001010100101
00000010000110010010000000100010
01000000101000011001000001000000
00000100010000001001010111000010
10010100000000000000001000000100
01000001010000000010100100000011

00010001100100000001000000010110
10000000000101000010101000101100
11000100000100010000000111000000
00010000000000110001100000001000
00100000000000010000010000000001
00000000010001100100001000010001
00000000100000000010001101000000
00000001000000010000000001000011
00000000011000010000000000100000
10000000010000010110000101010010
00000000001000000010000010000000
10000000100000000000001010010000
00001000000000000000000001000010
00000010000111010000001100000000
00000100100001000100010000000000
10100100000000000110001001001001
00000000010100000101000000000110
11000000100100000000001011100000
00010010000000000001000001000000
00001000000000010101001000010001
00000000010000000001000000001100
00000010000100100011001101010000
00000010010000010000001000000000
00000010010000010001001100000100
01110011000000000000010000100001
00010000000001000001000000001000
10000100000001001000001000100000
01001010100100000010000100000001
10000000101100011101111001010001
00000100000001001001110110000000
00001100000001010001000100010010
00000100000000000000000000000000

00001000100000000000000000001010
00000000100001000000100001110001
10100010000100000000000000001000
00101000101000010000100000001100
01001000001000000000000000110001
11001000010010100000001000001010
10000000110110001100101001100110
00010001000100010001000001010110
00001000100001000000011000001000
00010000011000000000000100000110
00100010000010010110000010010000
00010000011100010010000000000001
00001000010100000001001000000000
00100000000000000000000100100000
01001000000000010100001000000110
10000000000010000010000010000001
11000000101100000101010110000100
00000000000001001000001000010000
00100000000000000000100000000000
10110001011000000001100000010001
10010000000100000101000101100100
00000000000100100000101000000000
01000010001010000000001100010000
00111000010010000010000100000100
00100000001000000100011100000000
00000000000000000001000000000101
01000000000100000000001011100000
00001000100100000010000011101000
01000000000000100000101111000001
00100001010001001000010001001000
00111000000001000000001010010010
00100100100101000001000000100010

00100000000001000110000100000000
01110000100000000000000100000010
00011001000000000010011000000010
10100100000101000100000001000010
00000101000010100110001111000010
00000000000000000001110100000000
00010010000011010001000010100001
10100000010000000000010000000000
00100100000000101100101010000100
01001010000000100000001000100000
01010000110100101000100000000011
00010001000000001100000001001100
10000001011001001000100100000101
00001000001000000010100010001101
00110000000010001010000100011010
00000000000000001001100000000000
00100010000000011000101001000000
00000000110000000001000000001100
11001100100110010100000101101000
00000100000000000000100000100000
10001000000100100000100000010000
10010100111000001000100000000010
10110000000001000010010011000110
00000000000000000010100000000000
00000000000110100001000000000100
00101000110010000010101100100000
10000010110000010000000000010000
00000001000000000001000100000010
00011111000000000010000100011100
00010010000010000010000000000101
00100000110100000000100000100000
10000000000000000100000000000000

00000000001000000010000001100000
00000100001000000000010000110001
10100000000000000001011000100001
00000000110000000010000000110000
10001000100000010010110000010000
11000110010001001000000000001001
10000001110100110100100000100110
00000000000110001110101000000001
00010000100000000100100100001001
10010000101000000000000100001101
00110000010000010110111011100100
00000010010000000010001000000001
00010010000000000001010011111000
11100000010000000000000100110010
01001100000000000000010000000000
11110001010000100000100000010001
11000000000010000100010110000000
00101100000111000000111000000001
00000000001001000010100000000001
00011001000010010000000001000110
00010100001000010100000110100001
01000010000010000000110100001001
01000010001010000000111010110000
00100000000010110100011000101000
00000010000000000100011001101010
01001101001100001000000011010001
00000001100100000000000000000010
00000010000010100101000000101000
11000000000000100101000010000001
00011000000000010100100000101100
01100000000101100000100000000000
00111100100100100000011100101100

01000000101100000010000000100110
10000000001010001001000001001111
00000000000000010000000000001000
00000000011000000011100001001011
00000000000000010000100000100100
00000001001010010100000010000010
00000000110000000000100101000110
01010001000001010000000000010001
00000110010000010010000001001011
00000100000000010100000001011010
00010000011011100010010000010000
00000000000100100000001010010000
00000100000100001001100101000000
10100110100001010010000000100011
10000100000100010100001000001000
01000000000100000011001001001100
00100000000000000100000001000100
01000000100000010000101000000001
00000001000000001000100000000010
00011001000100000000000000110101
00000000000000000101001100000010
00001000000100100001100101010000
10000000000000010000001100010000
00001010000000010001001000000000
00000010000001101000001000000001
00000110000000000001001001001000
01000100000100001000000010000000
01000011000000010001000000000000
01000000000100001101001000010011
00101100010010000000000000001101
00000100001000000000010000010000
01100000010000100000100010000000

