== Attributes ==
title=36_triangle_h1_h2
type= 2x2
result=5
window_size=(75, 75)

== Input ==
000000000000000000000000000000000000000000000000000000000000000000000000000
000000000000000000000000000000000000000000000000000000000000000000000000000
000000000000000000000000000000000000000000000000000000000000000000000000000
000000000000000000000000000000000000000000000000000000000000000000000000000
000000000000000000000000000000000000000000000000000000000000000000000000000
000000000000000000000000000000000000000000000000000000000000000000000000000
000000000000000000000000000000000000000000000000000000000000000000000000000
000000000000000000000000000000000000000000000000000000000000000000000000000
000000000000000000000000000000000000000000000000000000000000000000000000000
000000000000000000000000000000000000000000000000000000000000000000000000000
000000000000000000000000000000000000000000000000000000000000000000000000000
000000000000000000000000000000000000000000000000000000000000000000000000000
000000000000000000000000000000000000000000000000000000000000000000000000000
000000000000000000000000000000000000000000000000000000000000000000000000000
000000000000000000000000000000000000000000000000000000000000000000000000000
000000000000000000000000000000000000000000000000000000000000000000000000000
000000000000000000000000000000000000000000000000000000000000000000000000000
000000000000000000000000000000000000000000000000000000000000000000000000000
000000000000000000000000000000000000000000000000000000000000000000000000000
000000000000000000000000000000000000000000000000000000000000000000000000000
000000000000000000000000000000000000010000000000000000000000000000000000000
000000000000000000000000000000000000111000000000000000000000000000000000000
000000000000000000000000000000000001111100000000000000000000000000000000000
000000000000000000000000000000000011111110000000000000000000000000000000000
000000000000000000000000000000000111111111000000000000000000000000000000000
000000000000000000000000000000001111111111100000000000000000000000000000000
000000000000000000000000000000011111111111110000000000000000000000000000000
000000000000000000000000000000111111111111111000000000000000000000000000000
000000000000000000000000000001111111111111111100000000000000000000000000000
000000000000000000000000000011111111111111111110000000000000000000000000000
000000000000000000000000000111111111111111111111000000000000000000000000000
000000000000000000000000001111111111111111111111100000000000000000000000000
000000000000000000000000011111111111111111111111110000000000000000000000000
000000000000000000000000111111111111111111111111111000000000000000000000000
000000000000000000000001111111111111111111111111111100000000000000000000000
000000000000000000000011111111111111111111111111111110000000000000000000000
000000000000000000000111111111111111111111111111111111000000000000000000000
000000000000000000001100000000000000000000000000000001100000000000000000000
000000000000000000011000000000000000000000000000000000110000000000000000000
000000000000000000110000000000000000000000000000000000011000000000000000000
000000000000000001100000000000000000000000000000000000001100000000000000000
000000000000000011000000000000000000000000000000000000000110000000000000000
000000000000000110000000000000000000000000000000000000000011000000000000000
000000000000001100000000000000000000000000000000000000000001100000000000000
000000000000011000000000000000000000000000000000000000000000110000000000000
000000000000110000000000000000000000000000000000000000000000011000000000000
000000000001100000000000000000000000000000000000000000000000001100000000000
000000000011000000000000000000000000000000000000000000000000000110000000000
000000000110000000000000000000000000000000000000000000000000000011000000000
000000001100000000000000000000000000000000000000000000000000000001100000000
000000011000000000000000000000000000000000000000000000000000000000110000000
000000110000000000000000000000000000000000000000000000000000000000011000000
000001111111111111111111111111111111111111111111111111111111111111111100000
000011111111111111111111111111111111111111111111111111111111111111111110000
000000000000000000000000000000000000000000000000000000000000000000000000000
000000000000000000000000000000000000000000000000000000000000000000000000000
000000000000000000000000000000000000000000000000000000000000000000000000000
000000000000000000000000000000000000000000000000000000000000000000000000000
000000000000000000000000000000000000000000000000000000000000000000000000000
000000000000000000000000000000000000000000000000000000000000000000000000000
000000000000000000000000000000000000000000000000000000000000000000000000000
000000000000000000000000000000000000000000000000000000000000000000000000000
000000000000000000000000000000000000000000000000000000000000000000000000000
000000000000000000000000000000000000000000000000000000000000000000000000000
000000000000000000000000000000000000000000000000000000000000000000000000000
000000000000000000000000000000000000000000000000000000000000000000000000000
000000000000000000000000000000000000000000000000000000000000000000000000000
000000000000000000000000000000000000000000000000000000000000000000000000000
000000000000000000000000000000000000000000000000000000000000000000000000000
000000000000000000000000000000000000000000000000000000000000000000000000000
000000000000000000000000000000000000000000000000000000000000000000000000000
000000000000000000000000000000000000000000000000000000000000000000000000000
000000000000000000000000000000000000000000000000000000000000000000000000000
000000000000000000000000000000000000000000000000000000000000000000000000000
000000000000000000000000000000000000000000000000000000000000000000000000000

000000000000000000000000000000000000000000000000000000000000000000000000000
000000000000000000000000000000000000000000000000000000000000000000000000000
000000000000000000000000000000000000000000000000000000000000000000000000000
000000000000000000000000000000000000000000000000000000000000000000000000000
000000000000000000000000000000000000000000000000000000000000000000000000000
000000000000000000000000000000000000000000000000000000000000000000000000000
000000000000000000000000000000000000000000000000000000000000000000000000000
000000000000000000000000000000000000000000000000000000000000000000000000000
000000000000000000000000000000000000000000000000000000000000000000000000000
000000000000000000000000000000000000000000000000000000000000000000000000000
000000000000000000000000000000000000000000000000000000000000000000000000000
000000000000000000000000000000000000000000000000000000000000000000000000000
000000000000000000000000000000000000000000000000000000000000000000000000000
000000000000000000000000000000000000000000000000000000000000000000000000000
000000000000000000000000000000000000000000000000000000000000000000000000000
000000000000000000000000000000000000000000000000000000000000000000000000000
000000000000000000000000000000000000000000000000000000000000000000000000000
000000000000000000000000000000000000000000000000000000000000000000000000000
000000000000000000000000000000000000000000000000000000000000000000000000000
000000000000000000000000000000000000000000000000000000000000000000000000000
000000000000000000000000000000000000010000000000000000000000000000000000000
000000000000000000000000000000000000111000000000000000000000000000000000000
000000000000000000000000000000000001101100000000000000000000000000000000000
000000000000000000000000000000000011000110000000000000000000000000000000000
000000000000000000000000000000000110000011000000000000000000000000000000000
000000000000000000000000000000001100000001100000000000000000000000000000000
000000000000000000000000000000011000000000110000000000000000000000000000000
000000000000000000000000000000110000000000011000000000000000000000000000000
000000000000000000000000000001100000000000001100000000000000000000000000000
000000000000000000000000000011000000000000000110000000000000000000000000000
000000000000000000000000000110000000000000000011000000000000000000000000000
000000000000000000000000001100000000000000000001100000000000000000000000000
000000000000000000000000011000000000000000000000110000000000000000000000000
000000000000000000000000110000000000000000000000011000000000000000000000000
000000000000000000000001100000000000000000000000001100000000000000000000000
000000000000000000000011000000000000000000000000000110000000000000000000000
000000000000000000000110000000000000000000000000000011000000000000000000000
000000000000000000001111111111111111111111111111111111100000000000000000000
000000000000000000011111111111111111111111111111111111110000000000000000000
000000000000000000111111111111111111111111111111111111111000000000000000000
000000000000000001111111111111111111111111111111111111111100000000000000000
000000000000000011111111111111111111111111111111111111111110000000000000000
000000000000000111111111111111111111111111111111111111111111000000000000000
000000000000001111111111111111111111111111111111111111111111100000000000000
000000000000011111111111111111111111111111111111111111111111110000000000000
000000000000111111111111111111111111111111111111111111111111111000000000000
000000000001111111111111111111111111111111111111111111111111111100000000000
000000000011111111111111111111111111111111111111111111111111111110000000000
000000000111111111111111111111111111111111111111111111111111111111000000000
000000001111111111111111111111111111111111111111111111111111111111100000000
000000011111111111111111111111111111111111111111111111111111111111110000000
000000111111111111111111111111111111111111111111111111111111111111111000000
000001111111111111111111111111111111111111111111111111111111111111111100000
000011111111111111111111111111111111111111111111111111111111111111111110000
000000000000000000000000000000000000000000000000000000000000000000000000000
000000000000000000000000000000000000000000000000000000000000000000000000000
000000000000000000000000000000000000000000000000000000000000000000000000000
000000000000000000000000000000000000000000000000000000000000000000000000000
000000000000000000000000000000000000000000000000000000000000000000000000000
000000000000000000000000000000000000000000000000000000000000000000000000000
000000000000000000000000000000000000000000000000000000000000000000000000000
000000000000000000000000000000000000000000000000000000000000000000000000000
000000000000000000000000000000000000000000000000000000000000000000000000000
000000000000000000000000000000000000000000000000000000000000000000000000000
000000000000000000000000000000000000000000000000000000000000000000000000000
000000000000000000000000000000000000000000000000000000000000000000000000000
000000000000000000000000000000000000000000000000000000000000000000000000000
000000000000000000000000000000000000000000000000000000000000000000000000000
000000000000000000000000000000000000000000000000000000000000000000000000000
000000000000000000000000000000000000000000000000000000000000000000000000000
000000000000000000000000000000000000000000000000000000000000000000000000000
000000000000000000000000000000000000000000000000000000000000000000000000000
000000000000000000000000000000000000000000000000000000000000000000000000000
000000000000000000000000000000000000000000000000000000000000000000000000000
000000000000000000000000000000000000000000000000000000000000000000000000000

000000000000000000000000000000000000000000000000000000000000000000000000000
000000000000000000000000000000000000000000000000000000000000000000000000000
000000000000000000000000000000000000000000000000000000000000000000000000000
000000000000000000000000000000000000000000000000000000000000000000000000000
000000000000000000000000000000000000000000000000000000000000000000000000000
000000000000000000000000000000000000000000000000000000000000000000000000000
000000000000000000000000000000000000000000000000000000000000000000000000000
000000000000000000000000000000000000000000000000000000000000000000000000000
000000000000000000000000000000000000000000000000000000000000000000000000000
000000000000000000000000000000000000000000000000000000000000000000000000000
000000000000000000000000000000000000000000000000000000000000000000000000000
000000000000000000000000000000000000000000000000000000000000000000000000000
000000000000000000000000000000000000000000000000000000000000000000000000000
000000000000000000000000000000000000000000000000000000000000000000000000000
000000000000000000000000000000000000000000000000000000000000000000000000000
000000000000000000000000000000000000000000000000000000000000000000000000000
000000000000000000000000000000000000000000000000000000000000000000000000000
000000000000000000000000000000000000000000000000000000000000000000000000000
000000000000000000000000000000000000000000000000000000000000000000000000000
000000000000000000000000000000000000000000000000000000000000000000000000000
000000000000000000000000000000000000010000000000000000000000000000000000000
000000000000000000000000000000000000111000000000000000000000000000000000000
000000000000000000000000000000000001111100000000000000000000000000000000000
000000000000000000000000000000000011111110000000000000000000000000000000000
000000000000000000000000000000000111111111000000000000000000000000000000000
000000000000000000000000000000001111111111100000000000000000000000000000000
000000000000000000000000000000011111111111110000000000000000000000000000000
000000000000000000000000000000111111111111111000000000000000000000000000000
000000000000000000000000000001111111111111111100000000000000000000000000000
000000000000000000000000000011111111111111111110000000000000000000000000000
000000000000000000000000000111111111111111111111000000000000000000000000000
000000000000000000000000001111111111111111111111100000000000000000000000000
000000000000000000000000011111111111111111111111110000000000000000000000000
000000000000000000000000111111111111111111111111111000000000000000000000000
000000000000000000000001111111111111111111111111111100000000000000000000000
000000000000000000000011111111111111111111111111111110000000000000000000000
000000000000000000000111111111111111111111111111111111000000000000000000000
000000000000000000001100000000000000000000000000000001100000000000000000000
000000000000000000011000000000000000000000000000000000110000000000000000000
000000000000000000110000000000000000000000000000000000011000000000000000000
000000000000000001100000000000000000000000000000000000001100000000000000000
000000000000000011000000000000000000000000000000000000000110000000000000000
000000000000000110000000000000000000000000000000000000000011000000000000000
000000000000001100000000000000000000000000000000000000000001100000000000000
000000000000011000000000000000000000000000000000000000000000110000000000000
000000000000110000000000000000000000000000000000000000000000011000000000000
000000000001100000000000000000000000000000000000000000000000001100000000000
000000000011000000000000000000000000000000000000000000000000000110000000000
000000000110000000000000000000000000000000000000000000000000000011000000000
000000001100000000000000000000000000000000000000000000000000000001100000000
000000011000000000000000000000000000000000000000000000000000000000110000000
000000110000000000000000000000000000000000000000000000000000000000011000000
000001111111111111111111111111111111111111111111111111111111111111111100000
000011111111111111111111111111111111111111111111111111111111111111111110000
000000000000000000000000000000000000000000000000000000000000000000000000000
000000000000000000000000000000000000000000000000000000000000000000000000000
000000000000000000000000000000000000000000000000000000000000000000000000000
000000000000000000000000000000000000000000000000000000000000000000000000000
000000000000000000000000000000000000000000000000000000000000000000000000000
000000000000000000000000000000000000000000000000000000000000000000000000000
000000000000000000000000000000000000000000000000000000000000000000000000000
000000000000000000000000000000000000000000000000000000000000000000000000000
000000000000000000000000000000000000000000000000000000000000000000000000000
000000000000000000000000000000000000000000000000000000000000000000000000000
000000000000000000000000000000000000000000000000000000000000000000000000000
000000000000000000000000000000000000000000000000000000000000000000000000000
000000000000000000000000000000000000000000000000000000000000000000000000000
000000000000000000000000000000000000000000000000000000000000000000000000000
000000000000000000000000000000000000000000000000000000000000000000000000000
000000000000000000000000000000000000000000000000000000000000000000000000000
000000000000000000000000000000000000000000000000000000000000000000000000000
000000000000000000000000000000000000000000000000000000000000000000000000000
000000000000000000000000000000000000000000000000000000000000000000000000000
000000000000000000000000000000000000000000000000000000000000000000000000000
000000000000000000000000000000000000000000000000000000000000000000000000000

== Output ==
000000000000000000000000000000000000000000000000000000000000000000000000000
000000000000000000000000000000000000000000000000000000000000000000000000000
000000000000000000000000000000000000000000000000000000000000000000000000000
000000000000000000000000000000000000000000000000000000000000000000000000000
000000000000000000000000000000000000000000000000000000000000000000000000000
000000000000000000000000000000000000000000000000000000000000000000000000000
000000000000000000000000000000000000000000000000000000000000000000000000000
000000000000000000000000000000000000000000000000000000000000000000000000000
000000000000000000000000000000000000000000000000000000000000000000000000000
000000000000000000000000000000000000000000000000000000000000000000000000000
000000000000000000000000000000000000000000000000000000000000000000000000000
000000000001111111111111111111111111111111111111111111111111111100000000000
000000000001111111111111111111111111111111111111111111111111111100000000000
000000000001100000000000000000000000000000000000000000000000001100000000000
000000000001100000000000000000000000000000000000000000000000001100000000000
000000000001100000000000000000000000000000000000000000000000001100000000000
000000000001100000000000000000000000000000000000000000000000001100000000000
000000000001100000000000000000000000000000000000000000000000001100000000000
000000000001100000000000000000000000000000000000000000000000001100000000000
000000000001100000000000000000000000000000000000000000000000001100000000000
000000000001100000000000000000000000000000000000000000000000001100000000000
000000000001100000000000000000000000000000000000000000000000001100000000000
000000000001100000000000000000000000000000000000000000000000001100000000000
000000000001100000000000000000000000000000000000000000000000001100000000000
000000000001100000000000000000000000000000000000000000000000001100000000000
000000000001100000000000000000000000000000000000000000000000001100000000000
000000000001100000000000000000000000000000000000000000000000001100000000000
000000000001100000000000000000000000000000000000000000000000001100000000000
000000000001100000000000000000000000000000000000000000000000001100000000000
000000000001100000000000000000000000000000000000000000000000001100000000000
000000000001100000000000000000000000000000000000000000000000001100000000000
000000000001100000000000000000000000000000000000000000000000001100000000000
000000000001100000000000000000000000000000000000000000000000001100000000000
000000000001100000000000000000000000000000000000000000000000001100000000000
000000000001100000000000000000000000000000000000000000000000001100000000000
000000000001100000000000000000000000000000000000000000000000001100000000000
000000000001100000000000000000000000000000000000000000000000001100000000000
000000000001111111111111111111111111111111111111111111111111111100000000000
000000000001111111111111111111111111111111111111111111111111111100000000000
000000000001111111111111111111111111111111111111111111111111111100000000000
000000000001111111111111111111111111111111111111111111111111111100000000000
000000000001111111111111111111111111111111111111111111111111111100000000000
000000000001111111111111111111111111111111111111111111111111111100000000000
000000000001111111111111111111111111111111111111111111111111111100000000000
000000000001111111111111111111111111111111111111111111111111111100000000000
000000000001111111111111111111111111111111111111111111111111111100000000000
000000000001111111111111111111111111111111111111111111111111111100000000000
000000000001111111111111111111111111111111111111111111111111111100000000000
000000000001111111111111111111111111111111111111111111111111111100000000000
000000000001111111111111111111111111111111111111111111111111111100000000000
000000000001111111111111111111111111111111111111111111111111111100000000000
000000000001111111111111111111111111111111111111111111111111111100000000000
000000000001111111111111111111111111111111111111111111111111111100000000000
000000000001111111111111111111111111111111111111111111111111111100000000000
000000000001111111111111111111111111111111111111111111111111111100000000000
000000000001111111111111111111111111111111111111111111111111111100000000000
000000000001111111111111111111111111111111111111111111111111111100000000000
000000000001111111111111111111111111111111111111111111111111111100000000000
000000000001111111111111111111111111111111111111111111111111111100000000000
000000000001111111111111111111111111111111111111111111111111111100000000000
000000000001111111111111111111111111111111111111111111111111111100000000000
000000000001111111111111111111111111111111111111111111111111111100000000000
000000000001111111111111111111111111111111111111111111111111111100000000000
000000000001111111111111111111111111111111111111111111111111111100000000000
000000000000000000000000000000000000000000000000000000000000000000000000000
000000000000000000000000000000000000000000000000000000000000000000000000000
000000000000000000000000000000000000000000000000000000000000000000000000000
000000000000000000000000000000000000000000000000000000000000000000000000000
000000000000000000000000000000000000000000000000000000000000000000000000000
000000000000000000000000000000000000000000000000000000000000000000000000000
000000000000000000000000000000000000000000000000000000000000000000000000000
000000000000000000000000000000000000000000000000000000000000000000000000000
000000000000000000000000000000000000000000000000000000000000000000000000000
000000000000000000000000000000000000000000000000000000000000000000000000000
000000000000000000000000000000000000000000000000000000000000000000000000000

000000000000000000000000000000000000000000000000000000000000000000000000000
000000000000000000000000000000000000000000000000000000000000000000000000000
000000000000000000000000000000000000000000000000000000000000000000000000000
000000000000000000000000000000000000000000000000000000000000000000000000000
000000000000000000000000000000000000000000000000000000000000000000000000000
000000000000000000000000000000000000000000000000000000000000000000000000000
000000000000000000000000000000000000010000000000000000000000000000000000000
000000000000000000000000000000111111111111111000000000000000000000000000000
000000000000000000000000000111111111111111111111000000000000000000000000000
000000000000000000000000111111000000000000000111111000000000000000000000000
000000000000000000000011111000000000000000000000111110000000000000000000000
000000000000000000000111100000000000000000000000001111000000000000000000000
000000000000000000011110000000000000000000000000000011110000000000000000000
000000000000000000111000000000000000000000000000000000111000000000000000000
000000000000000001110000000000000000000000000000000000011100000000000000000
000000000000000011100000000000000000000000000000000000001110000000000000000
000000000000000111000000000000000000000000000000000000000111000000000000000
000000000000001110000000000000000000000000000000000000000011100000000000000
000000000000011100000000000000000000000000000000000000000001110000000000000
000000000000111000000000000000000000000000000000000000000000111000000000000
000000000000110000000000000000000000000000000000000000000000011000000000000
000000000001100000000000000000000000000000000000000000000000001100000000000
000000000011100000000000000000000000000000000000000000000000001110000000000
000000000011000000000000000000000000000000000000000000000000000110000000000
000000000111000000000000000000000000000000000000000000000000000111000000000
000000000110000000000000000000000000000000000000000000000000000011000000000
000000000110000000000000000000000000000000000000000000000000000011000000000
000000001100000000000000000000000000000000000000000000000000000001100000000
000000001100000000000000000000000000000000000000000000000000000001100000000
000000001100000000000000000000000000000000000000000000000000000001100000000
000000011000000000000000000000000000000000000000000000000000000000110000000
000000011000000000000000000000000000000000000000000000000000000000110000000
000000011000000000000000000000000000000000000000000000000000000000110000000
000000011000000000000000000000000000000000000000000000000000000000110000000
000000011000000000000000000000000000000000000000000000000000000000110000000
000000011000000000000000000000000000000000000000000000000000000000110000000
000000011000000000000000000000000000000000000000000000000000000000110000000
000000111111111111111111111111111111111111111111111111111111111111111000000
000000011111111111111111111111111111111111111111111111111111111111110000000
000000011111111111111111111111111111111111111111111111111111111111110000000
000000011111111111111111111111111111111111111111111111111111111111110000000
000000011111111111111111111111111111111111111111111111111111111111110000000
000000011111111111111111111111111111111111111111111111111111111111110000000
000000011111111111111111111111111111111111111111111111111111111111110000000
000000011111111111111111111111111111111111111111111111111111111111110000000
000000001111111111111111111111111111111111111111111111111111111111100000000
000000001111111111111111111111111111111111111111111111111111111111100000000
000000001111111111111111111111111111111111111111111111111111111111100000000
000000000111111111111111111111111111111111111111111111111111111111000000000
000000000111111111111111111111111111111111111111111111111111111111000000000
000000000111111111111111111111111111111111111111111111111111111111000000000
000000000011111111111111111111111111111111111111111111111111111110000000000
000000000011111111111111111111111111111111111111111111111111111110000000000
000000000001111111111111111111111111111111111111111111111111111100000000000
000000000000111111111111111111111111111111111111111111111111111000000000000
000000000000111111111111111111111111111111111111111111111111111000000000000
000000000000011111111111111111111111111111111111111111111111110000000000000
000000000000001111111111111111111111111111111111111111111111100000000000000
000000000000000111111111111111111111111111111111111111111111000000000000000
000000000000000011111111111111111111111111111111111111111110000000000000000
000000000000000001111111111111111111111111111111111111111100000000000000000
000000000000000000111111111111111111111111111111111111111000000000000000000
000000000000000000011111111111111111111111111111111111110000000000000000000
000000000000000000000111111111111111111111111111111111000000000000000000000
000000000000000000000011111111111111111111111111111110000000000000000000000
000000000000000000000000111111111111111111111111111000000000000000000000000
000000000000000000000000000111111111111111111111000000000000000000000000000
000000000000000000000000000000111111111111111000000000000000000000000000000
000000000000000000000000000000000000010000000000000000000000000000000000000
000000000000000000000000000000000000000000000000000000000000000000000000000
000000000000000000000000000000000000000000000000000000000000000000000000000
000000000000000000000000000000000000000000000000000000000000000000000000000
000000000000000000000000000000000000000000000000000000000000000000000000000
000000000000000000000000000000000000000000000000000000000000000000000000000
000000000000000000000000000000000000000000000000000000000000000000000000000

000000000000000000000000000000000000000000000000000000000000000000000000000
000000000000000000000000000000000000000000000000000000000000000000000000000
000000000000000000000000000000000000000000000000000000000000000000000000000
000000000000000000000000000000000000000000000000000000000000000000000000000
000000000000000000000000000000000000000000000000000000000000000000000000000
000000000000000000000000000000000000000000000000000000000000000000000000000
000000000000000000000000000000000000000000000000000000000000000000000000000
000000000000000000000000000000000000000000000000000000000000000000000000000
000000000000000000000000000000000000000000000000000000000000000000000000000
000000000000000000000000000000000000000000000000000000000000000000000000000
000000000000000000000000000000000000000000000000000000000000000000000000000
000000000000000000000000000000000000000000000000000000000000000000000000000
000000000000000000000000000000000000000000000000000000000000000000000000000
000000000000000000000000000000000000000000000000000000000000000000000000000
000000000000000000000000000000000000000000000000000000000000000000000000000
000000000000000000000000000000000000000000000000000000000000000000000000000
000000000000000000000000000000000000000000000000000000000000000000000000000
000000000000000000000000000000000000000000000000000000000000000000000000000
000000000000000000000000000000000000000000000000000000000000000000000000000
000000000000000000000000000000000000000000000000000000000000000000000000000
000000000000000000000000000000000000010000000000000000000000000000000000000
000000000000000000000000000000000000111000000000000000000000000000000000000
000000000000000000000000000000000001111100000000000000000000000000000000000
000000000000000000000000000000000011111110000000000000000000000000000000000
000000000000000000000000000000000111111111000000000000000000000000000000000
000000000000000000000000000000001111111111100000000000000000000000000000000
000000000000000000000000000000011111111111110000000000000000000000000000000
000000000000000000000000000000111111111111111000000000000000000000000000000
000000000000000000000000000001111111111111111100000000000000000000000000000
000000000000000000000000000011111111111111111110000000000000000000000000000
000000000000000000000000000111111111111111111111000000000000000000000000000
000000000000000000000000001111111111111111111111100000000000000000000000000
000000000000000000000000011111111111111111111111110000000000000000000000000
000000000000000000000000111111111111111111111111111000000000000000000000000
000000000000000000000001111111111111111111111111111100000000000000000000000
000000000000000000000011111111111111111111111111111110000000000000000000000
000000000000000000000111111111111111111111111111111111000000000000000000000
000000000000000000001100000000000000000000000000000001100000000000000000000
000000000000000000011000000000000000000000000000000000110000000000000000000
000000000000000000110000000000000000000000000000000000011000000000000000000
000000000000000001100000000000000000000000000000000000001100000000000000000
000000000000000011000000000000000000000000000000000000000110000000000000000
000000000000000110000000000000000000000000000000000000000011000000000000000
000000000000001100000000000000000000000000000000000000000001100000000000000
000000000000011000000000000000000000000000000000000000000000110000000000000
000000000000110000000000000000000000000000000000000000000000011000000000000
000000000001100000000000000000000000000000000000000000000000001100000000000
000000000011000000000000000000000000000000000000000000000000000110000000000
000000000110000000000000000000000000000000000000000000000000000011000000000
000000001100000000000000000000000000000000000000000000000000000001100000000
000000011000000000000000000000000000000000000000000000000000000000110000000
000000110000000000000000000000000000000000000000000000000000000000011000000
000001111111111111111111111111111111111111111111111111111111111111111100000
000011111111111111111111111111111111111111111111111111111111111111111110000
000000000000000000000000000000000000000000000000000000000000000000000000000
000000000000000000000000000000000000000000000000000000000000000000000000000
000000000000000000000000000000000000000000000000000000000000000000000000000
000000000000000000000000000000000000000000000000000000000000000000000000000
000000000000000000000000000000000000000000000000000000000000000000000000000
000000000000000000000000000000000000000000000000000000000000000000000000000
000000000000000000000000000000000000000000000000000000000000000000000000000
000000000000000000000000000000000000000000000000000000000000000000000000000
000000000000000000000000000000000000000000000000000000000000000000000000000
000000000000000000000000000000000000000000000000000000000000000000000000000
000000000000000000000000000000000000000000000000000000000000000000000000000
000000000000000000000000000000000000000000000000000000000000000000000000000
000000000000000000000000000000000000000000000000000000000000000000000000000
000000000000000000000000000000000000000000000000000000000000000000000000000
000000000000000000000000000000000000000000000000000000000000000000000000000
000000000000000000000000000000000000000000000000000000000000000000000000000
000000000000000000000000000000000000000000000000000000000000000000000000000
000000000000000000000000000000000000000000000000000000000000000000000000000
000000000000000000000000000000000000000000000000000000000000000000000000000
000000000000000000000000000000000000000000000000000000000000000000000000000
000000000000000000000000000000000000000000000000000000000000000000000000000

000000000000000000000000000000000000000000000000000000000000000000000000000
000000000000000000000000000000000000000000000000000000000000000000000000000
000000000000000000000000000000000000000000000000000000000000000000000000000
000000000000000000000000000000000000000000000000000000000000000000000000000
000000000000000000000000000000000000000000000000000000000000000000000000000
000000000000000000000000000000000000000000000000000000000000000000000000000
000000000000000000111111111111111111111111111111111111111000000000000000000
000000000000000000111111111111111111111111111111111111111000000000000000000
000000000000000000110000000000000000000000000000000000011000000000000000000
000000000000000000110000000000000000000000000000000000011000000000000000000
000000000000000000110000000000000000000000000000000000011000000000000000000
000000000000000000110000000000000000000000000000000000011000000000000000000
000000000000000000110000000000000000000000000000000000011000000000000000000
000000000000000000110000000000000000000000000000000000011000000000000000000
000000000000000000110000000000000000000000000000000000011000000000000000000
000000000000000000110000000000000000000000000000000000011000000000000000000
000000000000000000110000000000000000000000000000000000011000000000000000000
000000000000000000110000000000000000000000000000000000011000000000000000000
000000000000000000110000000000000000000000000000000000011000000000000000000
000000000000000000110000000000000000000000000000000000011000000000000000000
000000000000000000110000000000000000000000000000000000011000000000000000000
000000000000000000110000000000000000000000000000000000011000000000000000000
000000000000000000110000000000000000000000000000000000011000000000000000000
000000000000000000110000000000000000000000000000000000011000000000000000000
000000000000000000110000000000000000000000000000000000011000000000000000000
000000000000000000110000000000000000000000000000000000011000000000000000000
000000000000000000110000000000000000000000000000000000011000000000000000000
000000000000000000110000000000000000000000000000000000011000000000000000000
000000000000000000110000000000000000000000000000000000011000000000000000000
000000000000000000110000000000000000000000000000000000011000000000000000000
000000000000000000110000000000000000000000000000000000011000000000000000000
000000000000000000110000000000000000000000000000000000011000000000000000000
000000000000000000110000000000000000000000000000000000011000000000000000000
000000000000000000110000000000000000000000000000000000011000000000000000000
000000000000000000110000000000000000000000000000000000011000000000000000000
000000000000000000110000000000000000000000000000000000011000000000000000000
000000000000000000110000000000000000000000000000000000011000000000000000000
000000000000000000111111111111111111111111111111111111111000000000000000000
000000000000000000111111111111111111111111111111111111111000000000000000000
000000000000000000111111111111111111111111111111111111111000000000000000000
000000000000000000111111111111111111111111111111111111111000000000000000000
000000000000000000111111111111111111111111111111111111111000000000000000000
000000000000000000111111111111111111111111111111111111111000000000000000000
000000000000000000111111111111111111111111111111111111111000000000000000000
000000000000000000111111111111111111111111111111111111111000000000000000000
000000000000000000111111111111111111111111111111111111111000000000000000000
000000000000000000111111111111111111111111111111111111111000000000000000000
000000000000000000111111111111111111111111111111111111111000000000000000000
000000000000000000111111111111111111111111111111111111111000000000000000000
000000000000000000111111111111111111111111111111111111111000000000000000000
000000000000000000111111111111111111111111111111111111111000000000000000000
000000000000000000111111111111111111111111111111111111111000000000000000000
000000000000000000111111111111111111111111111111111111111000000000000000000
000000000000000000111111111111111111111111111111111111111000000000000000000
000000000000000000111111111111111111111111111111111111111000000000000000000
000000000000000000111111111111111111111111111111111111111000000000000000000
000000000000000000111111111111111111111111111111111111111000000000000000000
000000000000000000111111111111111111111111111111111111111000000000000000000
000000000000000000111111111111111111111111111111111111111000000000000000000
000000000000000000111111111111111111111111111111111111111000000000000000000
000000000000000000111111111111111111111111111111111111111000000000000000000
000000000000000000111111111111111111111111111111111111111000000000000000000
000000000000000000111111111111111111111111111111111111111000000000000000000
000000000000000000111111111111111111111111111111111111111000000000000000000
000000000000000000111111111111111111111111111111111111111000000000000000000
000000000000000000111111111111111111111111111111111111111000000000000000000
000000000000000000111111111111111111111111111111111111111000000000000000000
000000000000000000111111111111111111111111111111111111111000000000000000000
000000000000000000111111111111111111111111111111111111111000000000000000000
000000000000000000000000000000000000000000000000000000000000000000000000000
000000000000000000000000000000000000000000000000000000000000000000000000000
000000000000000000000000000000000000000000000000000000000000000000000000000
000000000000000000000000000000000000000000000000000000000000000000000000000
000000000000000000000000000000000000000000000000000000000000000000000000000
000000000000000000000000000000000000000000000000000000000000000000000000000

000000000000000000000000000000000000000000000000000000000000000000000000000
000000000000000000000000000000000000000000000000000000000000000000000000000
000000000000000000000000000000000000000000000000000000000000000000000000000
000000000000000000000000000000000000000000000000000000000000000000000000000
000000000000000000000000000000000000000000000000000000000000000000000000000
000000000000000000000000000000000000000000000000000000000000000000000000000
000000000000000000000000000000000000000000000000000000000000000000000000000
000000000000000000000000000000000000000000000000000000000000000000000000000
000000000000000000000000000000000000000000000000000000000000000000000000000
000000000000000000000000000000000000000000000000000000000000000000000000000
000000000000000000000000000000000000000000000000000000000000000000000000000
000000000000000000000000000000000000000000000000000000000000000000000000000
000000000000000000000000000000000000000000000000000000000000000000000000000
000000000000000000000000000000000000000000000000000000000000000000000000000
000000000000000000000000000000000000000000000000000000000000000000000000000
000000000000000000000000000000000000000000000000000000000000000000000000000
000000000000000000000000000000000000000000000000000000000000000000000000000
000000000000000000000000000000000000000000000000000000000000000000000000000
000000000000000000000000000000000000000000000000000000000000000000000000000
000000000000000000000000000000000000000000000000000000000000000000000000000
000000000000000000000000000000000000010000000000000000000000000000000000000
000000000000000000000000000000000000111000000000000000000000000000000000000
000000000000000000000000000000000001101100000000000000000000000000000000000
000000000000000000000000000000000011000110000000000000000000000000000000000
000000000000000000000000000000000110000011000000000000000000000000000000000
000000000000000000000000000000001100000001100000000000000000000000000000000
000000000000000000000000000000011000000000110000000000000000000000000000000
000000000000000000000000000000110000000000011000000000000000000000000000000
000000000000000000000000000001100000000000001100000000000000000000000000000
000000000000000000000000000011000000000000000110000000000000000000000000000
000000000000000000000000000110000000000000000011000000000000000000000000000
000000000000000000000000001100000000000000000001100000000000000000000000000
000000000000000000000000011000000000000000000000110000000000000000000000000
000000000000000000000000110000000000000000000000011000000000000000000000000
000000000000000000000001100000000000000000000000001100000000000000000000000
000000000000000000000011000000000000000000000000000110000000000000000000000
000000000000000000000110000000000000000000000000000011000000000000000000000
000000000000000000001111111111111111111111111111111111100000000000000000000
000000000000000000011111111111111111111111111111111111110000000000000000000
000000000000000000111111111111111111111111111111111111111000000000000000000
000000000000000001111111111111111111111111111111111111111100000000000000000
000000000000000011111111111111111111111111111111111111111110000000000000000
000000000000000111111111111111111111111111111111111111111111000000000000000
000000000000001111111111111111111111111111111111111111111111100000000000000
000000000000011111111111111111111111111111111111111111111111110000000000000
000000000000111111111111111111111111111111111111111111111111111000000000000
000000000001111111111111111111111111111111111111111111111111111100000000000
000000000011111111111111111111111111111111111111111111111111111110000000000
000000000111111111111111111111111111111111111111111111111111111111000000000
000000001111111111111111111111111111111111111111111111111111111111100000000
000000011111111111111111111111111111111111111111111111111111111111110000000
000000111111111111111111111111111111111111111111111111111111111111111000000
000001111111111111111111111111111111111111111111111111111111111111111100000
000011111111111111111111111111111111111111111111111111111111111111111110000
000000000000000000000000000000000000000000000000000000000000000000000000000
000000000000000000000000000000000000000000000000000000000000000000000000000
000000000000000000000000000000000000000000000000000000000000000000000000000
000000000000000000000000000000000000000000000000000000000000000000000000000
000000000000000000000000000000000000000000000000000000000000000000000000000
000000000000000000000000000000000000000000000000000000000000000000000000000
000000000000000000000000000000000000000000000000000000000000000000000000000
000000000000000000000000000000000000000000000000000000000000000000000000000
000000000000000000000000000000000000000000000000000000000000000000000000000
000000000000000000000000000000000000000000000000000000000000000000000000000
000000000000000000000000000000000000000000000000000000000000000000000000000
000000000000000000000000000000000000000000000000000000000000000000000000000
000000000000000000000000000000000000000000000000000000000000000000000000000
000000000000000000000000000000000000000000000000000000000000000000000000000
000000000000000000000000000000000000000000000000000000000000000000000000000
000000000000000000000000000000000000000000000000000000000000000000000000000
000000000000000000000000000000000000000000000000000000000000000000000000000
000000000000000000000000000000000000000000000000000000000000000000000000000
000000000000000000000000000000000000000000000000000000000000000000000000000
000000000000000000000000000000000000000000000000000000000000000000000000000
000000000000000000000000000000000000000000000000000000000000000000000000000

000000000000000000000000000000000000000000000000000000000000000000000000000
000000000000000000000000000000000000000000000000000000000000000000000000000
000000000000000000000000000000000000000000000000000000000000000000000000000
000000000000000000000000000000000000000000000000000000000000000000000000000
000000000000000000000000000000000000000000000000000000000000000000000000000
000000000000000000000000000000000000000000000000000000000000000000000000000
000000000000000000000000000000000000000000000000000000000000000000000000000
000000000000000000000000000000000000000000000000000000000000000000000000000
000000000000000000000000000000000000000000000000000000000000000000000000000
000000000000000000000000000000000000000000000000000000000000000000000000000
000000000000000000000000000000000000000000000000000000000000000000000000000
000000000000000000000000000000000000000000000000000000000000000000000000000
000000000000000000000000000000000000000000000000000000000000000000000000000
000000000000000000000000000000000000000000000000000000000000000000000000000
000000000000000000000000000000000000000000000000000000000000000000000000000
000000000000000000000000000000000000000000000000000000000000000000000000000
000000000000000000000000000000000000000000000000000000000000000000000000000
000000000000000000000000000000000000000000000000000000000000000000000000000
000000111111111111111111111111111111111111111111111111111111111111111000000
000000111111111111111111111111111111111111111111111111111111111111111000000
000000110000000000000000000000000000000000000000000000000000000000011000000
000000110000000000000000000000000000000000000000000000000000000000011000000
000000110000000000000000000000000000000000000000000000000000000000011000000
000000110000000000000000000000000000000000000000000000000000000000011000000
000000110000000000000000000000000000000000000000000000000000000000011000000
000000110000000000000000000000000000000000000000000000000000000000011000000
000000110000000000000000000000000000000000000000000000000000000000011000000
000000110000000000000000000000000000000000000000000000000000000000011000000
000000110000000000000000000000000000000000000000000000000000000000011000000
000000110000000000000000000000000000000000000000000000000000000000011000000
000000110000000000000000000000000000000000000000000000000000000000011000000
000000110000000000000000000000000000000000000000000000000000000000011000000
000000110000000000000000000000000000000000000000000000000000000000011000000
000000110000000000000000000000000000000000000000000000000000000000011000000
000000110000000000000000000000000000000000000000000000000000000000011000000
000000110000000000000000000000000000000000000000000000000000000000011000000
000000110000000000000000000000000000000000000000000000000000000000011000000
000000111111111111111111111111111111111111111111111111111111111111111000000
000000111111111111111111111111111111111111111111111111111111111111111000000
000000111111111111111111111111111111111111111111111111111111111111111000000
000000111111111111111111111111111111111111111111111111111111111111111000000
000000111111111111111111111111111111111111111111111111111111111111111000000
000000111111111111111111111111111111111111111111111111111111111111111000000
000000111111111111111111111111111111111111111111111111111111111111111000000
000000111111111111111111111111111111111111111111111111111111111111111000000
000000111111111111111111111111111111111111111111111111111111111111111000000
000000111111111111111111111111111111111111111111111111111111111111111000000
000000111111111111111111111111111111111111111111111111111111111111111000000
000000111111111111111111111111111111111111111111111111111111111111111000000
000000111111111111111111111111111111111111111111111111111111111111111000000
000000111111111111111111111111111111111111111111111111111111111111111000000
000000111111111111111111111111111111111111111111111111111111111111111000000
000000111111111111111111111111111111111111111111111111111111111111111000000
000000111111111111111111111111111111111111111111111111111111111111111000000
000000111111111111111111111111111111111111111111111111111111111111111000000
000000111111111111111111111111111111111111111111111111111111111111111000000
000000111111111111111111111111111111111111111111111111111111111111111000000
000000000000000000000000000000000000000000000000000000000000000000000000000
000000000000000000000000000000000000000000000000000000000000000000000000000
000000000000000000000000000000000000000000000000000000000000000000000000000
000000000000000000000000000000000000000000000000000000000000000000000000000
000000000000000000000000000000000000000000000000000000000000000000000000000
000000000000000000000000000000000000000000000000000000000000000000000000000
000000000000000000000000000000000000000000000000000000000000000000000000000
000000000000000000000000000000000000000000000000000000000000000000000000000
000000000000000000000000000000000000000000000000000000000000000000000000000
000000000000000000000000000000000000000000000000000000000000000000000000000
000000000000000000000000000000000000000000000000000000000000000000000000000
000000000000000000000000000000000000000000000000000000000000000000000000000
000000000000000000000000000000000000000000000000000000000000000000000000000
000000000000000000000000000000000000000000000000000000000000000000000000000
000000000000000000000000000000000000000000000000000000000000000000000000000
000000000000000000000000000000000000000000000000000000000000000000000000000
000000000000000000000000000000000000000000000000000000000000000000000000000
000000000000000000000000000000000000000000000000000000000000000000000000000

== SDRs ==
00001000010000000100000000000000
00000001110000000010000100000000
01001010011000100010001000100000
00011100000010000000000000100101
11000110100100000100001000010101
00101000000000000000001101000100
00000000000001101000010000000001
00101000000001000100000001001000
00000100000000100000101000000100
00100000000010000000000000000100
00100111000000001000000000100011
10001000000100101100000100001000
00000001100000000100000000000001
00000001000000110011100000000100
01100010000000010010100100001010
00000000100001010010110010000100
00000001000000100010000011000000
00010000000010000000000101010000
10101100000000110000010000111100
00000010101000001110100000001010
10000010000000000000000001100000
00010100011101000100000000100001
10001000001000100000000001000000
01101001001000000010000001000101
00001000110000000000010001000100
00100000000000100100110010000000
00000010000010010000010110000000
00001100001000000000000010000000
00001101000000000000100110000100
10010001000001000010000001000000
00100000100000100100001001001000
10000000000010000101000001000010

00001000100000000000000000001010
00000000100001000000100001110001
10100010000100000000000000001000
00101000101000010000100000001100
01001000001000000000000000110001
11001000010010100000001000001010
10000000110110001100101001100110
00010001000100010001000001010110
00001000100001000000011000001000
00010000011000000000000100000110
00100010000010010110000010010000
00010000011100010010000000000001
00001000010100000001001000000000
00100000000000000000000100100000
01001000000000010100001000000110
10000000000010000010000010000001
11000000101100000101010110000100
00000000000001001000001000010000
00100000000000000000100000000000
10110001011000000001100000010001
10010000000100000101000101100100
00000000000100100000101000000000
01000010001010000000001100010000
00111000010010000010000100000100
00100000001000000100011100000000
00000000000000000001000000000101
01000000000100000000001011100000
00001000100100000010000011101000
01000000000000100000101111000001
00100001010001001000010001001000
00111000000001000000001010010010
00100100100101000001000000100010

00001000010000000100000000000000
00000001110000000010000100000000
01001010011000100010001000100000
00011100000010000000000000100101
11000110100100000100001000010101
00101000000000000000001101000100
00000000000001101000010000000001
00101000000001000100000001001000
00000100000000100000101000000100
00100000000010000000000000000100
00100111000000001000000000100011
10001000000100101100000100001000
00000001100000000100000000000001
00000001000000110011100000000100
01100010000000010010100100001010
00000000100001010010110010000100
00000001000000100010000011000000
00010000000010000000000101010000
10101100000000110000010000111100
00000010101000001110100000001010
10000010000000000000000001100000
00010100011101000100000000100001
10001000001000100000000001000000
01101001001000000010000001000101
00001000110000000000010001000100
00100000000000100100110010000000
00000010000010010000010110000000
00001100001000000000000010000000
00001101000000000000100110000100
10010001000001000010000001000000
00100000100000100100001001001000
10000000000010000101000001000010

01010001000000000000000010011110
10000000000011001000000000001000
00000000000110000000100010000100
00000000000000000000000000001010
00000000000000010000000000100000
00000010010000000000000000110100
00101000100100000100001000000000
10010000001000000011000000001011
00001010001001000000000001000001
00000000000100010100010100000101
00000000000010000110000000000000
00010000011000000010000010010011
00001000000000011010001001000000
10000010000101000000000100000000
00000000001001000101000000000110
00000001001010100000011000001001
00000100001110000100010000000111
11000000000100100100001010000001
00010010000001000000000000001010
00000000010100010001001000010001
00100000001100000101000000000010
01100110000000100001001101000000
00000010100000001000000000000000
00000000000001000100000000001110
01101000001001001000000000001001
00000000000000000001000000001110
01000100000000001100001010100101
00000010000110010010000000100010
01000000101000011001000001000000
00000100010000001001010111000010
10010100000000000000001000000100
01000001010000000010100100000011

00010001100100000001000000010110
10000000000101000010101000101100
11000100000100010000000111000000
00010000000000110001100000001000
00100000000000010000010000000001
00000000010001100100001000010001
00000000100000000010001101000000
00000001000000010000000001000011
00000000011000010000000000100000
10000000010000010110000101010010
00000000001000000010000010000000
10000000100000000000001010010000
00001000000000000000000001000010
00000010000111010000001100000000
00000100100001000100010000000000
10100100000000000110001001001001
00000000010100000101000000000110
11000000100100000000001011100000
00010010000000000001000001000000
00001000000000010101001000010001
00000000010000000001000000001100
00000010000100100011001101010000
00000010010000010000001000000000
00000010010000010001001100000100
01110011000000000000010000100001
00010000000001000001000000001000
10000100000001001000001000100000
01001010100100000010000100000001
10000000101100011101111001010001
00000100000001001001110110000000
00001100000001010001000100010010
00000100000000000000000000000000

00001000010000000100000000000000
00000001110000000010000100000000
01001010011000100010001000100000
00011100000010000000000000100101
11000110100100000100001000010101
00101000000000000000001101000100
00000000000001101000010000000001
00101000000001000100000001001000
00000100000000100000101000000100
00100000000010000000000000000100
00100111000000001000000000100011
10001000000100101100000100001000
00000001100000000100000000000001
00000001000000110011100000000100
01100010000000010010100100001010
00000000100001010010110010000100
00000001000000100010000011000000
00010000000010000000000101010000
10101100000000110000010000111100
00000010101000001110100000001010
10000010000000000000000001100000
00010100011101000100000000100001
10001000001000100000000001000000
01101001001000000010000001000101
00001000110000000000010001000100
00100000000000100100110010000000
00000010000010010000010110000000
00001100001000000000000010000000
00001101000000000000100110000100
10010001000001000010000001000000
00100000100000100100001001001000
10000000000010000101000001000010

01000000101100000010000000100110
10000000001010001001000001001111
00000000000000010000000000001000
00000000011000000011100001001011
00000000000000010000100000100100
00000001001010010100000010000010
00000000110000000000100101000110
01010001000001010000000000010001
00000110010000010010000001001011
00000100000000010100000001011010
00010000011011100010010000010000
00000000000100100000001010010000
00000100000100001001100101000000
10100110100001010010000000100011
10000100000100010100001000001000
01000000000100000011001001001100
00100000000000000100000001000100
01000000100000010000101000000001
00000001000000001000100000000010
00011001000100000000000000110101
00000000000000000101001100000010
00001000000100100001100101010000
10000000000000010000001100010000
00001010000000010001001000000000
00000010000001101000001000000001
00000110000000000001001001001000
01000100000100001000000010000000
01000011000000010001000000000000
01000000000100001101001000010011
00101100010010000000000000001101
00000100001000000000010000010000
01100000010000100000100010000000

00001000100000000000000000001010
00000000100001000000100001110001
10100010000100000000000000001000
00101000101000010000100000001100
01001000001000000000000000110001
11001000010010100000001000001010
10000000110110001100101001100110
00010001000100010001000001010110
00001000100001000000011000001000
00010000011000000000000100000110
00100010000010010110000010010000
00010000011100010010000000000001
00001000010100000001001000000000
00100000000000000000000100100000
01001000000000010100001000000110
10000000000010000010000010000001
11000000101100000101010110000100
00000000000001001000001000010000
00100000000000000000100000000000
10110001011000000001100000010001
10010000000100000101000101100100
00000000000100100000101000000000
01000010001010000000001100010000
00111000010010000010000100000100
00100000001000000100011100000000
00000000000000000001000000000101
01000000000100000000001011100000
00001000100100000010000011101000
01000000000000100000101111000001
00100001010001001000010001001000
00111000000001000000001010010010
00100100100101000001000000100010

00001001000000100001000000000010
00010110000100000000000001000000
10100100000100000101000001000100
01001000000000101001001110010110
00010000001000000000000000000000
01000000000001101000001010010010
00001100101100000010100001100000
00000100000010000000000000011110
00001000010001000000010100000000
00010001110100000011010101001000
10000010000000000110010000000000
10001010000000000010000010010000
00001010010000000000000000001000
01000010000111000001000101100000
00001001000000100100000011000001
10100101110101000100010110000000
00000000011100000101000000010110
11001000000011001000001000110000
00000010000001001000100010000010
00010000001001000100001110110001
00000000011000010000000000001100
00100000000000100000101011001000
00000000101000000010000100001000
00000000000000101000011100000100
01000100001000001010110100000000
11000010000000101001000100000011
11001010000000001000000101100000
00001000000100000110000110000001
00000000100100111100010001000011
10000100001000001001011101011000
00111010000000001101000100010010
00000110110001000011010000001000

