== Attributes ==
title=9_const_circle_h1
type= 2x2
result=2
window_size=(75, 75)

== Input ==
000000000000000000000000000000000000000000000000000000000000000000000000000
000000000000000000000000000000000000000000000000000000000000000000000000000
000000000000000000000000000000000000000000000000000000000000000000000000000
000000000000000000000000000000000000000000000000000000000000000000000000000
000000000000000000000000000000000000000000000000000000000000000000000000000
000000000000000000000000000000000000000000000000000000000000000000000000000
000000000000000000000000000000000000010000000000000000000000000000000000000
000000000000000000000000000000111111111111111000000000000000000000000000000
000000000000000000000000000111111111111111111111000000000000000000000000000
000000000000000000000000111111111111111111111111111000000000000000000000000
000000000000000000000011111111111111111111111111111110000000000000000000000
000000000000000000000111111111111111111111111111111111000000000000000000000
000000000000000000011111111111111111111111111111111111110000000000000000000
000000000000000000111111111111111111111111111111111111111000000000000000000
000000000000000001111111111111111111111111111111111111111100000000000000000
000000000000000011111111111111111111111111111111111111111110000000000000000
000000000000000111111111111111111111111111111111111111111111000000000000000
000000000000001111111111111111111111111111111111111111111111100000000000000
000000000000011111111111111111111111111111111111111111111111110000000000000
000000000000111111111111111111111111111111111111111111111111111000000000000
000000000000111111111111111111111111111111111111111111111111111000000000000
000000000001111111111111111111111111111111111111111111111111111100000000000
000000000011111111111111111111111111111111111111111111111111111110000000000
000000000011111111111111111111111111111111111111111111111111111110000000000
000000000111111111111111111111111111111111111111111111111111111111000000000
000000000111111111111111111111111111111111111111111111111111111111000000000
000000000111111111111111111111111111111111111111111111111111111111000000000
000000001111111111111111111111111111111111111111111111111111111111100000000
000000001111111111111111111111111111111111111111111111111111111111100000000
000000001111111111111111111111111111111111111111111111111111111111100000000
000000011111111111111111111111111111111111111111111111111111111111110000000
000000011111111111111111111111111111111111111111111111111111111111110000000
000000011111111111111111111111111111111111111111111111111111111111110000000
000000011111111111111111111111111111111111111111111111111111111111110000000
000000011111111111111111111111111111111111111111111111111111111111110000000
000000011111111111111111111111111111111111111111111111111111111111110000000
000000011111111111111111111111111111111111111111111111111111111111110000000
000000111000000000000000000000000000000000000000000000000000000000111000000
000000011000000000000000000000000000000000000000000000000000000000110000000
000000011000000000000000000000000000000000000000000000000000000000110000000
000000011000000000000000000000000000000000000000000000000000000000110000000
000000011000000000000000000000000000000000000000000000000000000000110000000
000000011000000000000000000000000000000000000000000000000000000000110000000
000000011000000000000000000000000000000000000000000000000000000000110000000
000000011000000000000000000000000000000000000000000000000000000000110000000
000000001100000000000000000000000000000000000000000000000000000001100000000
000000001100000000000000000000000000000000000000000000000000000001100000000
000000001100000000000000000000000000000000000000000000000000000001100000000
000000000110000000000000000000000000000000000000000000000000000011000000000
000000000110000000000000000000000000000000000000000000000000000011000000000
000000000111000000000000000000000000000000000000000000000000000111000000000
000000000011000000000000000000000000000000000000000000000000000110000000000
000000000011100000000000000000000000000000000000000000000000001110000000000
000000000001100000000000000000000000000000000000000000000000001100000000000
000000000000110000000000000000000000000000000000000000000000011000000000000
000000000000111000000000000000000000000000000000000000000000111000000000000
000000000000011100000000000000000000000000000000000000000001110000000000000
000000000000001110000000000000000000000000000000000000000011100000000000000
000000000000000111000000000000000000000000000000000000000111000000000000000
000000000000000011100000000000000000000000000000000000001110000000000000000
000000000000000001110000000000000000000000000000000000011100000000000000000
000000000000000000111000000000000000000000000000000000111000000000000000000
000000000000000000011110000000000000000000000000000011110000000000000000000
000000000000000000000111100000000000000000000000001111000000000000000000000
000000000000000000000011111000000000000000000000111110000000000000000000000
000000000000000000000000111111000000000000000111111000000000000000000000000
000000000000000000000000000111111111111111111111000000000000000000000000000
000000000000000000000000000000111111111111111000000000000000000000000000000
000000000000000000000000000000000000010000000000000000000000000000000000000
000000000000000000000000000000000000000000000000000000000000000000000000000
000000000000000000000000000000000000000000000000000000000000000000000000000
000000000000000000000000000000000000000000000000000000000000000000000000000
000000000000000000000000000000000000000000000000000000000000000000000000000
000000000000000000000000000000000000000000000000000000000000000000000000000
000000000000000000000000000000000000000000000000000000000000000000000000000

000000000000000000000000000000000000000000000000000000000000000000000000000
000000000000000000000000000000000000000000000000000000000000000000000000000
000000000000000000000000000000000000000000000000000000000000000000000000000
000000000000000000000000000000000000000000000000000000000000000000000000000
000000000000000000000000000000000000000000000000000000000000000000000000000
000000000000000000000000000000000000000000000000000000000000000000000000000
000000000000000000000000000000000000010000000000000000000000000000000000000
000000000000000000000000000000111111111111111000000000000000000000000000000
000000000000000000000000000111111111111111111111000000000000000000000000000
000000000000000000000000111111111111111111111111111000000000000000000000000
000000000000000000000011111111111111111111111111111110000000000000000000000
000000000000000000000111111111111111111111111111111111000000000000000000000
000000000000000000011111111111111111111111111111111111110000000000000000000
000000000000000000111111111111111111111111111111111111111000000000000000000
000000000000000001111111111111111111111111111111111111111100000000000000000
000000000000000011111111111111111111111111111111111111111110000000000000000
000000000000000111111111111111111111111111111111111111111111000000000000000
000000000000001111111111111111111111111111111111111111111111100000000000000
000000000000011111111111111111111111111111111111111111111111110000000000000
000000000000111111111111111111111111111111111111111111111111111000000000000
000000000000111111111111111111111111111111111111111111111111111000000000000
000000000001111111111111111111111111111111111111111111111111111100000000000
000000000011111111111111111111111111111111111111111111111111111110000000000
000000000011111111111111111111111111111111111111111111111111111110000000000
000000000111111111111111111111111111111111111111111111111111111111000000000
000000000111111111111111111111111111111111111111111111111111111111000000000
000000000111111111111111111111111111111111111111111111111111111111000000000
000000001111111111111111111111111111111111111111111111111111111111100000000
000000001111111111111111111111111111111111111111111111111111111111100000000
000000001111111111111111111111111111111111111111111111111111111111100000000
000000011111111111111111111111111111111111111111111111111111111111110000000
000000011111111111111111111111111111111111111111111111111111111111110000000
000000011111111111111111111111111111111111111111111111111111111111110000000
000000011111111111111111111111111111111111111111111111111111111111110000000
000000011111111111111111111111111111111111111111111111111111111111110000000
000000011111111111111111111111111111111111111111111111111111111111110000000
000000011111111111111111111111111111111111111111111111111111111111110000000
000000111000000000000000000000000000000000000000000000000000000000111000000
000000011000000000000000000000000000000000000000000000000000000000110000000
000000011000000000000000000000000000000000000000000000000000000000110000000
000000011000000000000000000000000000000000000000000000000000000000110000000
000000011000000000000000000000000000000000000000000000000000000000110000000
000000011000000000000000000000000000000000000000000000000000000000110000000
000000011000000000000000000000000000000000000000000000000000000000110000000
000000011000000000000000000000000000000000000000000000000000000000110000000
000000001100000000000000000000000000000000000000000000000000000001100000000
000000001100000000000000000000000000000000000000000000000000000001100000000
000000001100000000000000000000000000000000000000000000000000000001100000000
000000000110000000000000000000000000000000000000000000000000000011000000000
000000000110000000000000000000000000000000000000000000000000000011000000000
000000000111000000000000000000000000000000000000000000000000000111000000000
000000000011000000000000000000000000000000000000000000000000000110000000000
000000000011100000000000000000000000000000000000000000000000001110000000000
000000000001100000000000000000000000000000000000000000000000001100000000000
000000000000110000000000000000000000000000000000000000000000011000000000000
000000000000111000000000000000000000000000000000000000000000111000000000000
000000000000011100000000000000000000000000000000000000000001110000000000000
000000000000001110000000000000000000000000000000000000000011100000000000000
000000000000000111000000000000000000000000000000000000000111000000000000000
000000000000000011100000000000000000000000000000000000001110000000000000000
000000000000000001110000000000000000000000000000000000011100000000000000000
000000000000000000111000000000000000000000000000000000111000000000000000000
000000000000000000011110000000000000000000000000000011110000000000000000000
000000000000000000000111100000000000000000000000001111000000000000000000000
000000000000000000000011111000000000000000000000111110000000000000000000000
000000000000000000000000111111000000000000000111111000000000000000000000000
000000000000000000000000000111111111111111111111000000000000000000000000000
000000000000000000000000000000111111111111111000000000000000000000000000000
000000000000000000000000000000000000010000000000000000000000000000000000000
000000000000000000000000000000000000000000000000000000000000000000000000000
000000000000000000000000000000000000000000000000000000000000000000000000000
000000000000000000000000000000000000000000000000000000000000000000000000000
000000000000000000000000000000000000000000000000000000000000000000000000000
000000000000000000000000000000000000000000000000000000000000000000000000000
000000000000000000000000000000000000000000000000000000000000000000000000000

000000000000000000000000000000000000000000000000000000000000000000000000000
000000000000000000000000000000000000000000000000000000000000000000000000000
000000000000000000000000000000000000000000000000000000000000000000000000000
000000000000000000000000000000000000000000000000000000000000000000000000000
000000000000000000000000000000000000000000000000000000000000000000000000000
000000000000000000000000000000000000000000000000000000000000000000000000000
000000000000000000000000000000000000010000000000000000000000000000000000000
000000000000000000000000000000111111111111111000000000000000000000000000000
000000000000000000000000000111111111111111111111000000000000000000000000000
000000000000000000000000111111111111111111111111111000000000000000000000000
000000000000000000000011111111111111111111111111111110000000000000000000000
000000000000000000000111111111111111111111111111111111000000000000000000000
000000000000000000011111111111111111111111111111111111110000000000000000000
000000000000000000111111111111111111111111111111111111111000000000000000000
000000000000000001111111111111111111111111111111111111111100000000000000000
000000000000000011111111111111111111111111111111111111111110000000000000000
000000000000000111111111111111111111111111111111111111111111000000000000000
000000000000001111111111111111111111111111111111111111111111100000000000000
000000000000011111111111111111111111111111111111111111111111110000000000000
000000000000111111111111111111111111111111111111111111111111111000000000000
000000000000111111111111111111111111111111111111111111111111111000000000000
000000000001111111111111111111111111111111111111111111111111111100000000000
000000000011111111111111111111111111111111111111111111111111111110000000000
000000000011111111111111111111111111111111111111111111111111111110000000000
000000000111111111111111111111111111111111111111111111111111111111000000000
000000000111111111111111111111111111111111111111111111111111111111000000000
000000000111111111111111111111111111111111111111111111111111111111000000000
000000001111111111111111111111111111111111111111111111111111111111100000000
000000001111111111111111111111111111111111111111111111111111111111100000000
000000001111111111111111111111111111111111111111111111111111111111100000000
000000011111111111111111111111111111111111111111111111111111111111110000000
000000011111111111111111111111111111111111111111111111111111111111110000000
000000011111111111111111111111111111111111111111111111111111111111110000000
000000011111111111111111111111111111111111111111111111111111111111110000000
000000011111111111111111111111111111111111111111111111111111111111110000000
000000011111111111111111111111111111111111111111111111111111111111110000000
000000011111111111111111111111111111111111111111111111111111111111110000000
000000111000000000000000000000000000000000000000000000000000000000111000000
000000011000000000000000000000000000000000000000000000000000000000110000000
000000011000000000000000000000000000000000000000000000000000000000110000000
000000011000000000000000000000000000000000000000000000000000000000110000000
000000011000000000000000000000000000000000000000000000000000000000110000000
000000011000000000000000000000000000000000000000000000000000000000110000000
000000011000000000000000000000000000000000000000000000000000000000110000000
000000011000000000000000000000000000000000000000000000000000000000110000000
000000001100000000000000000000000000000000000000000000000000000001100000000
000000001100000000000000000000000000000000000000000000000000000001100000000
000000001100000000000000000000000000000000000000000000000000000001100000000
000000000110000000000000000000000000000000000000000000000000000011000000000
000000000110000000000000000000000000000000000000000000000000000011000000000
000000000111000000000000000000000000000000000000000000000000000111000000000
000000000011000000000000000000000000000000000000000000000000000110000000000
000000000011100000000000000000000000000000000000000000000000001110000000000
000000000001100000000000000000000000000000000000000000000000001100000000000
000000000000110000000000000000000000000000000000000000000000011000000000000
000000000000111000000000000000000000000000000000000000000000111000000000000
000000000000011100000000000000000000000000000000000000000001110000000000000
000000000000001110000000000000000000000000000000000000000011100000000000000
000000000000000111000000000000000000000000000000000000000111000000000000000
000000000000000011100000000000000000000000000000000000001110000000000000000
000000000000000001110000000000000000000000000000000000011100000000000000000
000000000000000000111000000000000000000000000000000000111000000000000000000
000000000000000000011110000000000000000000000000000011110000000000000000000
000000000000000000000111100000000000000000000000001111000000000000000000000
000000000000000000000011111000000000000000000000111110000000000000000000000
000000000000000000000000111111000000000000000111111000000000000000000000000
000000000000000000000000000111111111111111111111000000000000000000000000000
000000000000000000000000000000111111111111111000000000000000000000000000000
000000000000000000000000000000000000010000000000000000000000000000000000000
000000000000000000000000000000000000000000000000000000000000000000000000000
000000000000000000000000000000000000000000000000000000000000000000000000000
000000000000000000000000000000000000000000000000000000000000000000000000000
000000000000000000000000000000000000000000000000000000000000000000000000000
000000000000000000000000000000000000000000000000000000000000000000000000000
000000000000000000000000000000000000000000000000000000000000000000000000000

== Output ==
000000000000000000000000000000000000000000000000000000000000000000000000000
000000000000000000000000000000000000000000000000000000000000000000000000000
000000000000000000000000000000000000000000000000000000000000000000000000000
000000000000000000000000000000000000000000000000000000000000000000000000000
000000000000000000000000000000000000000000000000000000000000000000000000000
000000000000000000000000000000000000000000000000000000000000000000000000000
000000000000000000000000000000000000000000000000000000000000000000000000000
000000000000000000000000000000000000000000000000000000000000000000000000000
000000000000000000000000000000000000000000000000000000000000000000000000000
000000000000000000000000000000000000000000000000000000000000000000000000000
000000000000000000000000000000000000000000000000000000000000000000000000000
000000000001111111111111111111111111111111111111111111111111111100000000000
000000000001111111111111111111111111111111111111111111111111111100000000000
000000000001111111111111111111111111111111111111111111111111111100000000000
000000000001111111111111111111111111111111111111111111111111111100000000000
000000000001111111111111111111111111111111111111111111111111111100000000000
000000000001111111111111111111111111111111111111111111111111111100000000000
000000000001111111111111111111111111111111111111111111111111111100000000000
000000000001111111111111111111111111111111111111111111111111111100000000000
000000000001111111111111111111111111111111111111111111111111111100000000000
000000000001111111111111111111111111111111111111111111111111111100000000000
000000000001111111111111111111111111111111111111111111111111111100000000000
000000000001111111111111111111111111111111111111111111111111111100000000000
000000000001111111111111111111111111111111111111111111111111111100000000000
000000000001111111111111111111111111111111111111111111111111111100000000000
000000000001111111111111111111111111111111111111111111111111111100000000000
000000000001111111111111111111111111111111111111111111111111111100000000000
000000000001111111111111111111111111111111111111111111111111111100000000000
000000000001111111111111111111111111111111111111111111111111111100000000000
000000000001111111111111111111111111111111111111111111111111111100000000000
000000000001111111111111111111111111111111111111111111111111111100000000000
000000000001111111111111111111111111111111111111111111111111111100000000000
000000000001111111111111111111111111111111111111111111111111111100000000000
000000000001111111111111111111111111111111111111111111111111111100000000000
000000000001111111111111111111111111111111111111111111111111111100000000000
000000000001111111111111111111111111111111111111111111111111111100000000000
000000000001111111111111111111111111111111111111111111111111111100000000000
000000000001100000000000000000000000000000000000000000000000001100000000000
000000000001100000000000000000000000000000000000000000000000001100000000000
000000000001100000000000000000000000000000000000000000000000001100000000000
000000000001100000000000000000000000000000000000000000000000001100000000000
000000000001100000000000000000000000000000000000000000000000001100000000000
000000000001100000000000000000000000000000000000000000000000001100000000000
000000000001100000000000000000000000000000000000000000000000001100000000000
000000000001100000000000000000000000000000000000000000000000001100000000000
000000000001100000000000000000000000000000000000000000000000001100000000000
000000000001100000000000000000000000000000000000000000000000001100000000000
000000000001100000000000000000000000000000000000000000000000001100000000000
000000000001100000000000000000000000000000000000000000000000001100000000000
000000000001100000000000000000000000000000000000000000000000001100000000000
000000000001100000000000000000000000000000000000000000000000001100000000000
000000000001100000000000000000000000000000000000000000000000001100000000000
000000000001100000000000000000000000000000000000000000000000001100000000000
000000000001100000000000000000000000000000000000000000000000001100000000000
000000000001100000000000000000000000000000000000000000000000001100000000000
000000000001100000000000000000000000000000000000000000000000001100000000000
000000000001100000000000000000000000000000000000000000000000001100000000000
000000000001100000000000000000000000000000000000000000000000001100000000000
000000000001100000000000000000000000000000000000000000000000001100000000000
000000000001100000000000000000000000000000000000000000000000001100000000000
000000000001100000000000000000000000000000000000000000000000001100000000000
000000000001100000000000000000000000000000000000000000000000001100000000000
000000000001111111111111111111111111111111111111111111111111111100000000000
000000000001111111111111111111111111111111111111111111111111111100000000000
000000000000000000000000000000000000000000000000000000000000000000000000000
000000000000000000000000000000000000000000000000000000000000000000000000000
000000000000000000000000000000000000000000000000000000000000000000000000000
000000000000000000000000000000000000000000000000000000000000000000000000000
000000000000000000000000000000000000000000000000000000000000000000000000000
000000000000000000000000000000000000000000000000000000000000000000000000000
000000000000000000000000000000000000000000000000000000000000000000000000000
000000000000000000000000000000000000000000000000000000000000000000000000000
000000000000000000000000000000000000000000000000000000000000000000000000000
000000000000000000000000000000000000000000000000000000000000000000000000000
000000000000000000000000000000000000000000000000000000000000000000000000000

000000000000000000000000000000000000000000000000000000000000000000000000000
000000000000000000000000000000000000000000000000000000000000000000000000000
000000000000000000000000000000000000000000000000000000000000000000000000000
000000000000000000000000000000000000000000000000000000000000000000000000000
000000000000000000000000000000000000000000000000000000000000000000000000000
000000000000000000000000000000000000000000000000000000000000000000000000000
000000000000000000000000000000000000010000000000000000000000000000000000000
000000000000000000000000000000111111111111111000000000000000000000000000000
000000000000000000000000000111111111111111111111000000000000000000000000000
000000000000000000000000111111111111111111111111111000000000000000000000000
000000000000000000000011111111111111111111111111111110000000000000000000000
000000000000000000000111111111111111111111111111111111000000000000000000000
000000000000000000011111111111111111111111111111111111110000000000000000000
000000000000000000111111111111111111111111111111111111111000000000000000000
000000000000000001111111111111111111111111111111111111111100000000000000000
000000000000000011111111111111111111111111111111111111111110000000000000000
000000000000000111111111111111111111111111111111111111111111000000000000000
000000000000001111111111111111111111111111111111111111111111100000000000000
000000000000011111111111111111111111111111111111111111111111110000000000000
000000000000111111111111111111111111111111111111111111111111111000000000000
000000000000111111111111111111111111111111111111111111111111111000000000000
000000000001111111111111111111111111111111111111111111111111111100000000000
000000000011111111111111111111111111111111111111111111111111111110000000000
000000000011111111111111111111111111111111111111111111111111111110000000000
000000000111111111111111111111111111111111111111111111111111111111000000000
000000000111111111111111111111111111111111111111111111111111111111000000000
000000000111111111111111111111111111111111111111111111111111111111000000000
000000001111111111111111111111111111111111111111111111111111111111100000000
000000001111111111111111111111111111111111111111111111111111111111100000000
000000001111111111111111111111111111111111111111111111111111111111100000000
000000011111111111111111111111111111111111111111111111111111111111110000000
000000011111111111111111111111111111111111111111111111111111111111110000000
000000011111111111111111111111111111111111111111111111111111111111110000000
000000011111111111111111111111111111111111111111111111111111111111110000000
000000011111111111111111111111111111111111111111111111111111111111110000000
000000011111111111111111111111111111111111111111111111111111111111110000000
000000011111111111111111111111111111111111111111111111111111111111110000000
000000111000000000000000000000000000000000000000000000000000000000111000000
000000011000000000000000000000000000000000000000000000000000000000110000000
000000011000000000000000000000000000000000000000000000000000000000110000000
000000011000000000000000000000000000000000000000000000000000000000110000000
000000011000000000000000000000000000000000000000000000000000000000110000000
000000011000000000000000000000000000000000000000000000000000000000110000000
000000011000000000000000000000000000000000000000000000000000000000110000000
000000011000000000000000000000000000000000000000000000000000000000110000000
000000001100000000000000000000000000000000000000000000000000000001100000000
000000001100000000000000000000000000000000000000000000000000000001100000000
000000001100000000000000000000000000000000000000000000000000000001100000000
000000000110000000000000000000000000000000000000000000000000000011000000000
000000000110000000000000000000000000000000000000000000000000000011000000000
000000000111000000000000000000000000000000000000000000000000000111000000000
000000000011000000000000000000000000000000000000000000000000000110000000000
000000000011100000000000000000000000000000000000000000000000001110000000000
000000000001100000000000000000000000000000000000000000000000001100000000000
000000000000110000000000000000000000000000000000000000000000011000000000000
000000000000111000000000000000000000000000000000000000000000111000000000000
000000000000011100000000000000000000000000000000000000000001110000000000000
000000000000001110000000000000000000000000000000000000000011100000000000000
000000000000000111000000000000000000000000000000000000000111000000000000000
000000000000000011100000000000000000000000000000000000001110000000000000000
000000000000000001110000000000000000000000000000000000011100000000000000000
000000000000000000111000000000000000000000000000000000111000000000000000000
000000000000000000011110000000000000000000000000000011110000000000000000000
000000000000000000000111100000000000000000000000001111000000000000000000000
000000000000000000000011111000000000000000000000111110000000000000000000000
000000000000000000000000111111000000000000000111111000000000000000000000000
000000000000000000000000000111111111111111111111000000000000000000000000000
000000000000000000000000000000111111111111111000000000000000000000000000000
000000000000000000000000000000000000010000000000000000000000000000000000000
000000000000000000000000000000000000000000000000000000000000000000000000000
000000000000000000000000000000000000000000000000000000000000000000000000000
000000000000000000000000000000000000000000000000000000000000000000000000000
000000000000000000000000000000000000000000000000000000000000000000000000000
000000000000000000000000000000000000000000000000000000000000000000000000000
000000000000000000000000000000000000000000000000000000000000000000000000000

000000000000000000000000000000000000000000000000000000000000000000000000000
000000000000000000000000000000000000000000000000000000000000000000000000000
000000000000000000000000000000000000000000000000000000000000000000000000000
000000000000000000000000000000000000000000000000000000000000000000000000000
000000000000000000000000000000000000000000000000000000000000000000000000000
000000000000000000000000000000000000000000000000000000000000000000000000000
000000000000000000000000000000000000000000000000000000000000000000000000000
000000000000000000000000000000000000000000000000000000000000000000000000000
000000000000000000000000000000000000000000000000000000000000000000000000000
000000000000000000000000000000000000000000000000000000000000000000000000000
000000000000000000000000000000000000000000000000000000000000000000000000000
000000000000000000000000000000000000000000000000000000000000000000000000000
000000000000000000000000000000000000000000000000000000000000000000000000000
000000000000000000000000000000000000000000000000000000000000000000000000000
000000000000000000000000000000000000000000000000000000000000000000000000000
000000000000000000000000000000000000000000000000000000000000000000000000000
000000000000000000000000000000000000000000000000000000000000000000000000000
000000000000000000000000000000000000000000000000000000000000000000000000000
000000000000000000000000000000000000000000000000000000000000000000000000000
000000000000000000000000000000000000000000000000000000000000000000000000000
000000000000000000000000000000000000010000000000000000000000000000000000000
000000000000000000000000000000000000111000000000000000000000000000000000000
000000000000000000000000000000000001111100000000000000000000000000000000000
000000000000000000000000000000000011111110000000000000000000000000000000000
000000000000000000000000000000000111111111000000000000000000000000000000000
000000000000000000000000000000001111111111100000000000000000000000000000000
000000000000000000000000000000011111111111110000000000000000000000000000000
000000000000000000000000000000111111111111111000000000000000000000000000000
000000000000000000000000000001111111111111111100000000000000000000000000000
000000000000000000000000000011111111111111111110000000000000000000000000000
000000000000000000000000000111111111111111111111000000000000000000000000000
000000000000000000000000001111111111111111111111100000000000000000000000000
000000000000000000000000011111111111111111111111110000000000000000000000000
000000000000000000000000111111111111111111111111111000000000000000000000000
000000000000000000000001111111111111111111111111111100000000000000000000000
000000000000000000000011111111111111111111111111111110000000000000000000000
000000000000000000000111111111111111111111111111111111000000000000000000000
000000000000000000001100000000000000000000000000000001100000000000000000000
000000000000000000011000000000000000000000000000000000110000000000000000000
000000000000000000110000000000000000000000000000000000011000000000000000000
000000000000000001100000000000000000000000000000000000001100000000000000000
000000000000000011000000000000000000000000000000000000000110000000000000000
000000000000000110000000000000000000000000000000000000000011000000000000000
000000000000001100000000000000000000000000000000000000000001100000000000000
000000000000011000000000000000000000000000000000000000000000110000000000000
000000000000110000000000000000000000000000000000000000000000011000000000000
000000000001100000000000000000000000000000000000000000000000001100000000000
000000000011000000000000000000000000000000000000000000000000000110000000000
000000000110000000000000000000000000000000000000000000000000000011000000000
000000001100000000000000000000000000000000000000000000000000000001100000000
000000011000000000000000000000000000000000000000000000000000000000110000000
000000110000000000000000000000000000000000000000000000000000000000011000000
000001111111111111111111111111111111111111111111111111111111111111111100000
000011111111111111111111111111111111111111111111111111111111111111111110000
000000000000000000000000000000000000000000000000000000000000000000000000000
000000000000000000000000000000000000000000000000000000000000000000000000000
000000000000000000000000000000000000000000000000000000000000000000000000000
000000000000000000000000000000000000000000000000000000000000000000000000000
000000000000000000000000000000000000000000000000000000000000000000000000000
000000000000000000000000000000000000000000000000000000000000000000000000000
000000000000000000000000000000000000000000000000000000000000000000000000000
000000000000000000000000000000000000000000000000000000000000000000000000000
000000000000000000000000000000000000000000000000000000000000000000000000000
000000000000000000000000000000000000000000000000000000000000000000000000000
000000000000000000000000000000000000000000000000000000000000000000000000000
000000000000000000000000000000000000000000000000000000000000000000000000000
000000000000000000000000000000000000000000000000000000000000000000000000000
000000000000000000000000000000000000000000000000000000000000000000000000000
000000000000000000000000000000000000000000000000000000000000000000000000000
000000000000000000000000000000000000000000000000000000000000000000000000000
000000000000000000000000000000000000000000000000000000000000000000000000000
000000000000000000000000000000000000000000000000000000000000000000000000000
000000000000000000000000000000000000000000000000000000000000000000000000000
000000000000000000000000000000000000000000000000000000000000000000000000000
000000000000000000000000000000000000000000000000000000000000000000000000000

000000000000000000000000000000000000000000000000000000000000000000000000000
000000000000000000000000000000000000000000000000000000000000000000000000000
000000000000000000000000000000000000000000000000000000000000000000000000000
000000000000000000000000000000000000000000000000000000000000000000000000000
000000000000000000000000000000000000000000000000000000000000000000000000000
000000000000000000000000000000000000000000000000000000000000000000000000000
000000000000000000111111111111111111111111111111111111111000000000000000000
000000000000000000111111111111111111111111111111111111111000000000000000000
000000000000000000111111111111111111111111111111111111111000000000000000000
000000000000000000111111111111111111111111111111111111111000000000000000000
000000000000000000111111111111111111111111111111111111111000000000000000000
000000000000000000111111111111111111111111111111111111111000000000000000000
000000000000000000111111111111111111111111111111111111111000000000000000000
000000000000000000111111111111111111111111111111111111111000000000000000000
000000000000000000111111111111111111111111111111111111111000000000000000000
000000000000000000111111111111111111111111111111111111111000000000000000000
000000000000000000111111111111111111111111111111111111111000000000000000000
000000000000000000111111111111111111111111111111111111111000000000000000000
000000000000000000111111111111111111111111111111111111111000000000000000000
000000000000000000111111111111111111111111111111111111111000000000000000000
000000000000000000111111111111111111111111111111111111111000000000000000000
000000000000000000111111111111111111111111111111111111111000000000000000000
000000000000000000111111111111111111111111111111111111111000000000000000000
000000000000000000111111111111111111111111111111111111111000000000000000000
000000000000000000111111111111111111111111111111111111111000000000000000000
000000000000000000111111111111111111111111111111111111111000000000000000000
000000000000000000111111111111111111111111111111111111111000000000000000000
000000000000000000111111111111111111111111111111111111111000000000000000000
000000000000000000111111111111111111111111111111111111111000000000000000000
000000000000000000111111111111111111111111111111111111111000000000000000000
000000000000000000111111111111111111111111111111111111111000000000000000000
000000000000000000111111111111111111111111111111111111111000000000000000000
000000000000000000111111111111111111111111111111111111111000000000000000000
000000000000000000111111111111111111111111111111111111111000000000000000000
000000000000000000111111111111111111111111111111111111111000000000000000000
000000000000000000111111111111111111111111111111111111111000000000000000000
000000000000000000111111111111111111111111111111111111111000000000000000000
000000000000000000110000000000000000000000000000000000011000000000000000000
000000000000000000110000000000000000000000000000000000011000000000000000000
000000000000000000110000000000000000000000000000000000011000000000000000000
000000000000000000110000000000000000000000000000000000011000000000000000000
000000000000000000110000000000000000000000000000000000011000000000000000000
000000000000000000110000000000000000000000000000000000011000000000000000000
000000000000000000110000000000000000000000000000000000011000000000000000000
000000000000000000110000000000000000000000000000000000011000000000000000000
000000000000000000110000000000000000000000000000000000011000000000000000000
000000000000000000110000000000000000000000000000000000011000000000000000000
000000000000000000110000000000000000000000000000000000011000000000000000000
000000000000000000110000000000000000000000000000000000011000000000000000000
000000000000000000110000000000000000000000000000000000011000000000000000000
000000000000000000110000000000000000000000000000000000011000000000000000000
000000000000000000110000000000000000000000000000000000011000000000000000000
000000000000000000110000000000000000000000000000000000011000000000000000000
000000000000000000110000000000000000000000000000000000011000000000000000000
000000000000000000110000000000000000000000000000000000011000000000000000000
000000000000000000110000000000000000000000000000000000011000000000000000000
000000000000000000110000000000000000000000000000000000011000000000000000000
000000000000000000110000000000000000000000000000000000011000000000000000000
000000000000000000110000000000000000000000000000000000011000000000000000000
000000000000000000110000000000000000000000000000000000011000000000000000000
000000000000000000110000000000000000000000000000000000011000000000000000000
000000000000000000110000000000000000000000000000000000011000000000000000000
000000000000000000110000000000000000000000000000000000011000000000000000000
000000000000000000110000000000000000000000000000000000011000000000000000000
000000000000000000110000000000000000000000000000000000011000000000000000000
000000000000000000110000000000000000000000000000000000011000000000000000000
000000000000000000110000000000000000000000000000000000011000000000000000000
000000000000000000111111111111111111111111111111111111111000000000000000000
000000000000000000111111111111111111111111111111111111111000000000000000000
000000000000000000000000000000000000000000000000000000000000000000000000000
000000000000000000000000000000000000000000000000000000000000000000000000000
000000000000000000000000000000000000000000000000000000000000000000000000000
000000000000000000000000000000000000000000000000000000000000000000000000000
000000000000000000000000000000000000000000000000000000000000000000000000000
000000000000000000000000000000000000000000000000000000000000000000000000000

000000000000000000000000000000000000000000000000000000000000000000000000000
000000000000000000000000000000000000000000000000000000000000000000000000000
000000000000000000000000000000000000000000000000000000000000000000000000000
000000000000000000000000000000000000000000000000000000000000000000000000000
000000000000000000000000000000000000000000000000000000000000000000000000000
000000000000000000000000000000000000000000000000000000000000000000000000000
000000000000000000000000000000000000000000000000000000000000000000000000000
000000000000000000000000000000000000000000000000000000000000000000000000000
000000000000000000000000000000000000000000000000000000000000000000000000000
000000000000000000000000000000000000000000000000000000000000000000000000000
000000000000000000000000000000000000000000000000000000000000000000000000000
000000000000000000000000000000000000000000000000000000000000000000000000000
000000000000000000000000000000000000000000000000000000000000000000000000000
000000000000000000000000000000000000000000000000000000000000000000000000000
000000000000000000000000000000000000000000000000000000000000000000000000000
000000000000000000000000000000000000000000000000000000000000000000000000000
000000000000000000000000000000000000000000000000000000000000000000000000000
000000000000000000000000000000000000000000000000000000000000000000000000000
000000000000000000000000000000000000000000000000000000000000000000000000000
000000000000000000000000000000000000000000000000000000000000000000000000000
000000000000000000000000000000000000000000000000000000000000000000000000000
000011111111111111111111111111111111111111111111111111111111111111111110000
000001111111111111111111111111111111111111111111111111111111111111111100000
000000111111111111111111111111111111111111111111111111111111111111111000000
000000011111111111111111111111111111111111111111111111111111111111110000000
000000001111111111111111111111111111111111111111111111111111111111100000000
000000000111111111111111111111111111111111111111111111111111111111000000000
000000000011111111111111111111111111111111111111111111111111111110000000000
000000000001111111111111111111111111111111111111111111111111111100000000000
000000000000111111111111111111111111111111111111111111111111111000000000000
000000000000011111111111111111111111111111111111111111111111110000000000000
000000000000001111111111111111111111111111111111111111111111100000000000000
000000000000000111111111111111111111111111111111111111111111000000000000000
000000000000000011111111111111111111111111111111111111111110000000000000000
000000000000000001111111111111111111111111111111111111111100000000000000000
000000000000000000111111111111111111111111111111111111111000000000000000000
000000000000000000011111111111111111111111111111111111110000000000000000000
000000000000000000001100000000000000000000000000000001100000000000000000000
000000000000000000000110000000000000000000000000000011000000000000000000000
000000000000000000000011000000000000000000000000000110000000000000000000000
000000000000000000000001100000000000000000000000001100000000000000000000000
000000000000000000000000110000000000000000000000011000000000000000000000000
000000000000000000000000011000000000000000000000110000000000000000000000000
000000000000000000000000001100000000000000000001100000000000000000000000000
000000000000000000000000000110000000000000000011000000000000000000000000000
000000000000000000000000000011000000000000000110000000000000000000000000000
000000000000000000000000000001100000000000001100000000000000000000000000000
000000000000000000000000000000110000000000011000000000000000000000000000000
000000000000000000000000000000011000000000110000000000000000000000000000000
000000000000000000000000000000001100000001100000000000000000000000000000000
000000000000000000000000000000000110000011000000000000000000000000000000000
000000000000000000000000000000000011000110000000000000000000000000000000000
000000000000000000000000000000000001101100000000000000000000000000000000000
000000000000000000000000000000000000111000000000000000000000000000000000000
000000000000000000000000000000000000010000000000000000000000000000000000000
000000000000000000000000000000000000000000000000000000000000000000000000000
000000000000000000000000000000000000000000000000000000000000000000000000000
000000000000000000000000000000000000000000000000000000000000000000000000000
000000000000000000000000000000000000000000000000000000000000000000000000000
000000000000000000000000000000000000000000000000000000000000000000000000000
000000000000000000000000000000000000000000000000000000000000000000000000000
000000000000000000000000000000000000000000000000000000000000000000000000000
000000000000000000000000000000000000000000000000000000000000000000000000000
000000000000000000000000000000000000000000000000000000000000000000000000000
000000000000000000000000000000000000000000000000000000000000000000000000000
000000000000000000000000000000000000000000000000000000000000000000000000000
000000000000000000000000000000000000000000000000000000000000000000000000000
000000000000000000000000000000000000000000000000000000000000000000000000000
000000000000000000000000000000000000000000000000000000000000000000000000000
000000000000000000000000000000000000000000000000000000000000000000000000000
000000000000000000000000000000000000000000000000000000000000000000000000000
000000000000000000000000000000000000000000000000000000000000000000000000000
000000000000000000000000000000000000000000000000000000000000000000000000000
000000000000000000000000000000000000000000000000000000000000000000000000000
000000000000000000000000000000000000000000000000000000000000000000000000000

000000000000000000000000000000000000000000000000000000000000000000000000000
000000000000000000000000000000000000000000000000000000000000000000000000000
000000000000000000000000000000000000000000000000000000000000000000000000000
000000000000000000000000000000000000000000000000000000000000000000000000000
000000000000000000000000000000000000000000000000000000000000000000000000000
000000000000000000000000000000000000000000000000000000000000000000000000000
000000000000000000000000000000000000000000000000000000000000000000000000000
000000000000000000000000000000000000000000000000000000000000000000000000000
000000000000000000000000000000000000000000000000000000000000000000000000000
000000000000000000000000000000000000000000000000000000000000000000000000000
000000000000000000000000000000000000000000000000000000000000000000000000000
000000000000000000000000000000000000000000000000000000000000000000000000000
000000000000000000000000000000000000000000000000000000000000000000000000000
000000000000000000000000000000000000000000000000000000000000000000000000000
000000000000000000000000000000000000000000000000000000000000000000000000000
000000000000000000000000000000000000000000000000000000000000000000000000000
000000000000000000000000000000000000000000000000000000000000000000000000000
000000000000000000000000000000000000000000000000000000000000000000000000000
000000111111111111111111111111111111111111111111111111111111111111111000000
000000111111111111111111111111111111111111111111111111111111111111111000000
000000111111111111111111111111111111111111111111111111111111111111111000000
000000111111111111111111111111111111111111111111111111111111111111111000000
000000111111111111111111111111111111111111111111111111111111111111111000000
000000111111111111111111111111111111111111111111111111111111111111111000000
000000111111111111111111111111111111111111111111111111111111111111111000000
000000111111111111111111111111111111111111111111111111111111111111111000000
000000111111111111111111111111111111111111111111111111111111111111111000000
000000111111111111111111111111111111111111111111111111111111111111111000000
000000111111111111111111111111111111111111111111111111111111111111111000000
000000111111111111111111111111111111111111111111111111111111111111111000000
000000111111111111111111111111111111111111111111111111111111111111111000000
000000111111111111111111111111111111111111111111111111111111111111111000000
000000111111111111111111111111111111111111111111111111111111111111111000000
000000111111111111111111111111111111111111111111111111111111111111111000000
000000111111111111111111111111111111111111111111111111111111111111111000000
000000111111111111111111111111111111111111111111111111111111111111111000000
000000111111111111111111111111111111111111111111111111111111111111111000000
000000110000000000000000000000000000000000000000000000000000000000011000000
000000110000000000000000000000000000000000000000000000000000000000011000000
000000110000000000000000000000000000000000000000000000000000000000011000000
000000110000000000000000000000000000000000000000000000000000000000011000000
000000110000000000000000000000000000000000000000000000000000000000011000000
000000110000000000000000000000000000000000000000000000000000000000011000000
000000110000000000000000000000000000000000000000000000000000000000011000000
000000110000000000000000000000000000000000000000000000000000000000011000000
000000110000000000000000000000000000000000000000000000000000000000011000000
000000110000000000000000000000000000000000000000000000000000000000011000000
000000110000000000000000000000000000000000000000000000000000000000011000000
000000110000000000000000000000000000000000000000000000000000000000011000000
000000110000000000000000000000000000000000000000000000000000000000011000000
000000110000000000000000000000000000000000000000000000000000000000011000000
000000110000000000000000000000000000000000000000000000000000000000011000000
000000110000000000000000000000000000000000000000000000000000000000011000000
000000110000000000000000000000000000000000000000000000000000000000011000000
000000110000000000000000000000000000000000000000000000000000000000011000000
000000111111111111111111111111111111111111111111111111111111111111111000000
000000111111111111111111111111111111111111111111111111111111111111111000000
000000000000000000000000000000000000000000000000000000000000000000000000000
000000000000000000000000000000000000000000000000000000000000000000000000000
000000000000000000000000000000000000000000000000000000000000000000000000000
000000000000000000000000000000000000000000000000000000000000000000000000000
000000000000000000000000000000000000000000000000000000000000000000000000000
000000000000000000000000000000000000000000000000000000000000000000000000000
000000000000000000000000000000000000000000000000000000000000000000000000000
000000000000000000000000000000000000000000000000000000000000000000000000000
000000000000000000000000000000000000000000000000000000000000000000000000000
000000000000000000000000000000000000000000000000000000000000000000000000000
000000000000000000000000000000000000000000000000000000000000000000000000000
000000000000000000000000000000000000000000000000000000000000000000000000000
000000000000000000000000000000000000000000000000000000000000000000000000000
000000000000000000000000000000000000000000000000000000000000000000000000000
000000000000000000000000000000000000000000000000000000000000000000000000000
000000000000000000000000000000000000000000000000000000000000000000000000000
000000000000000000000000000000000000000000000000000000000000000000000000000
000000000000000000000000000000000000000000000000000000000000000000000000000

== SDRs ==
00000000000000000000000110010011
00000001000000000000000000000000
01000100001000000000010000100000
01000000000000110011101000001101
01000010010000001000100000000000
00011000000010000000000010000110
10100001110000000010000000011100
00000010000100100000100000000000
00100000000000101000000000110010
01000010100000000000100000010100
00000000100000010000000000100000
01001000001100000000110000010000
00100100110100010000000000010000
00000000000000000000000000000111
01000010000000100001000000000000
01000000100000001010000000000000
00000000010000000000010010000010
10001000010100100000000000001000
01000000010000000000000001100000
00010100000000000000000110000000
00000110000000001000000000000010
00001001000000010100011110000001
00000110000000000000000100001000
00011100001000000001000100000001
10000000000100000000000001000000
00110000100000001010000000100000
00000000000001100000000100000000
00010000000010000000001000000100
00000010001000000100100000000000
00001000000000001000100000100000
01000000000000000000000000000100
00101000010000010100100010000000

00000000000000000000000110010011
00000001000000000000000000000000
01000100001000000000010000100000
01000000000000110011101000001101
01000010010000001000100000000000
00011000000010000000000010000110
10100001110000000010000000011100
00000010000100100000100000000000
00100000000000101000000000110010
01000010100000000000100000010100
00000000100000010000000000100000
01001000001100000000110000010000
00100100110100010000000000010000
00000000000000000000000000000111
01000010000000100001000000000000
01000000100000001010000000000000
00000000010000000000010010000010
10001000010100100000000000001000
01000000010000000000000001100000
00010100000000000000000110000000
00000110000000001000000000000010
00001001000000010100011110000001
00000110000000000000000100001000
00011100001000000001000100000001
10000000000100000000000001000000
00110000100000001010000000100000
00000000000001100000000100000000
00010000000010000000001000000100
00000010001000000100100000000000
00001000000000001000100000100000
01000000000000000000000000000100
00101000010000010100100010000000

00000000000000000000000110010011
00000001000000000000000000000000
01000100001000000000010000100000
01000000000000110011101000001101
01000010010000001000100000000000
00011000000010000000000010000110
10100001110000000010000000011100
00000010000100100000100000000000
00100000000000101000000000110010
01000010100000000000100000010100
00000000100000010000000000100000
01001000001100000000110000010000
00100100110100010000000000010000
00000000000000000000000000000111
01000010000000100001000000000000
01000000100000001010000000000000
00000000010000000000010010000010
10001000010100100000000000001000
01000000010000000000000001100000
00010100000000000000000110000000
00000110000000001000000000000010
00001001000000010100011110000001
00000110000000000000000100001000
00011100001000000001000100000001
10000000000100000000000001000000
00110000100000001010000000100000
00000000000001100000000100000000
00010000000010000000001000000100
00000010001000000100100000000000
00001000000000001000100000100000
01000000000000000000000000000100
00101000010000010100100010000000

00000000000000000000000110010011
00000000010000010010000000000001
01000010001000000000010000000000
01010000000000100011001000000001
10000000010000001000100000000000
00010000000010000000000001000010
11010000110000100010100000010100
00010000000100000000000000000000
00100001000000000000011010100000
01000000000000000000101010000110
00000000010000010000000000000000
00001000010100000000000000000000
00000000010100010000001000010000
00000000000000000000000000000001
00000010000001100000001000010010
00000000000000000010000000000000
00000001010010000000010000000010
00001000001100100001010000001000
01000101010000000000000000100000
00000100000000000000000010000000
10000110000000000000000000000000
00000000000100010100001100000001
00000010000000010010000000000000
00000000100000000010000100000000
00000100000100000000000000000000
00110000110000000010000100110100
10001000100001100000000001000000
00010000000011100000001000100100
00101010000010000100101000000000
00001001000000001001100000000000
01000001000100000000001000000000
00101000110000000000001000000000

00000000000000000000000110010011
00000001000000000000000000000000
01000100001000000000010000100000
01000000000000110011101000001101
01000010010000001000100000000000
00011000000010000000000010000110
10100001110000000010000000011100
00000010000100100000100000000000
00100000000000101000000000110010
01000010100000000000100000010100
00000000100000010000000000100000
01001000001100000000110000010000
00100100110100010000000000010000
00000000000000000000000000000111
01000010000000100001000000000000
01000000100000001010000000000000
00000000010000000000010010000010
10001000010100100000000000001000
01000000010000000000000001100000
00010100000000000000000110000000
00000110000000001000000000000010
00001001000000010100011110000001
00000110000000000000000100001000
00011100001000000001000100000001
10000000000100000000000001000000
00110000100000001010000000100000
00000000000001100000000100000000
00010000000010000000001000000100
00000010001000000100100000000000
00001000000000001000100000100000
01000000000000000000000000000100
00101000010000010100100010000000

00110000101000010000110010000010
00000001101000010100010100000100
00100001100100000111000000001000
00010000000000000010100001100000
10000011010101011000000000001010
00110001000010000001010000110000
10000110110000110000000010000100
00000011000100001100001000001010
10000101100000000001001100011010
00000010000110011000000110000000
00001101000000101001100000101001
10100000101000001010101100000010
10010100110100001000001100000100
00000000100000000000000001101000
00000010100001100101101010100000
11010010000000000010000001000100
00000001000001000000000011000101
10010000100001110000000000000001
10000100010000010100000100010011
01000000100000011001010010010000
00000000010100100000111001000000
00000000011000001001000110000000
10010000100100000000000000000001
11000000000000100000111000101010
00010001000010000000000000010000
00100100000011000010110110010000
00000000010100110000000001001110
01010000100000010100001000010100
00000010010000010001000000100001
00001000000000010100101000101000
00000101100100010001010000110101
00100000000000000000110000100000

01010000010100000001000010000001
00000000000000000000000000000000
01000010000000000000001010000000
00010000000000110010101000000101
00000000000000001000000000000010
00011000000010010000000000000011
00100001100000000010000000000100
00000000011000000000000000000000
00101001001000001000001000000010
01000100000000000000100000000110
00000000000000010000000000100000
00000000010000000010101000000000
00000000100000000000001010010000
10000000000000000000000001010111
00010010000001100101000000000000
00000000110000101010000000000000
00000100010000000000010000000000
00001000110100000000000000001000
00000000000100010000000000100010
00010100000000000000000010000000
10000000000000101000000000000000
01000100000100000000001100000001
00000000000000000001000000001000
10000101000001000000000001000000
00000000001000000000000000100000
00100000100000000010000100100010
00000000000001100000000001000000
00010000010010100011001001001100
00000000000000010100000000000000
10000000000001000110100000000000
00000000000010000000001000000000
00000000000010000000000010000100

00000001001100001000000110011010
00000000000000011010000010000000
01010010101000000000001001100000
00000000000000110011100000000100
11000010010000001000100000000100
00001011100000010000100000010111
00110011110000100000000000000100
00000001000000000100000000000000
00100001000000100001011010110010
00000000000000101000000110010000
00000001000000000001000000001000
00100011000100000000110000010000
01110000110010001000001100000000
00000001000000000000001000100001
01000010000001000100000000010000
01000100100000000000001101000000
00000000000101000000010001001000
10001001000100110000000000000000
00001000010000000100001011110010
01110000000100000001000110001000
00100010100000101000001001000001
00001011000001011000000100000000
00000000000001010101000000001001
00000000001011100001001100000000
00000000010010000010010000100000
00100000000000000000000110010100
11000000101000100000000011000000
00010000000010000000001011000100
10100010010000000100001000110000
00000010000000100000001000000000
00001100000000000010101000110000
00101000000010000100001000100000

00000000000000001000000100011010
00000000110000000010001000000000
00010110000000000000010000000000
00000000000000110011001000100101
01000000010000000000100000000000
00111000000000000000100000000010
01100000100001000010000000001100
00000001000100000010000000000000
00000011000010100000001000110000
00000000000000000000001000000000
00000100010100000000010100000000
01001000000100000010100000000100
00100000110100001000000100000000
00000000100000000000001100000001
00000000000001101000001000000000
01000100100010000000000100000000
00100100000001000001000000001010
00001000001100110100000000000001
00001100010000000000100001000100
00100001000000010000001111000000
10000110000000001000010100000000
00000000000000010000000100000011
00000100000001010100000000001000
00000000010000000000001100001000
00000000000000000010010000000000
01101000101101000000000110110110
00000010010000110100000001010000
00000010000010000100001000101100
00111010000000000000001000000000
00010010000000101000000000100000
00000000000000000000100000000000
00101000000000000001001110010000

