2x1 Basic Problem 16

0001000000000010000000000100000000001000001000000010000100000000000000000000000000
0000000001000000000000000000000000000000000000000000000000100000000000000000000000
0000000100000000000000000000010000000000000000000000000000000000000000000000000000
0100000000000100000010000000000000000000000000000000000000100100000000000000000000
0000000000000000000000000010100000000000000000000000000000000000000000000000000000
0000000010000000000000000000000000010010000000000000000000000000000000000000000000
0000000000000000000100000010000000000000000000000000000000000000000000000000000000
0100000000000000000000000000000000000100100001100000010100000000000001000000000000
0000000000000000000000100000000000000000100000000000010110000000000000000000000000
0000000000000000000000000000000000000000000000000000000000000000000000000000000000
0000000000000000000000000000000000000000000000000000000000000000010000000000000000
0000000000000000000000000000110100101010000100010000000000000000000000000000000000
0000000000000010010010000000001010110000000000010000000000000001010001000000000000
0000000000010000000000000000100000100000000001100000100000001100000100000000000000
0010000000000000000000001101101000000000000000001000000000000000110001000000000000
0000000000000000000000001110011110000000000000001000000001000000000100000000000000
0000000000000000000000111001101010000000000010000000000001100000000000000000110000
0000000000000100000000000001101110000001000000000100010001001000000010000000000000
0000000000000000000001001001100010000000000000000110100001100000000000000000000000
0000000000000000000000001100011001000000000000000000100001110100000010000000000000
0001000000000100000000000011110110100000000100010100001010000001000011000000000000
0000000000000001000000001100001110000000000000110000010000001001101000010000000001
0000000000000000001000000110111110000000000100100011001001100100000001000110000000
0001000000000001011110000001111110111101111000010010000000000000000010000000100000
0000000000000011111010011111100100011101111100011010001001100101000011010000000000
0001000000000000111011011011101000101010011100110000000000100011000001010100000000
0010001000000011101000001011110111000110000110000000000000000000001000000000010000
0000000000000000100101111001101110000101101110000000000000000000000001000000000000
0000000000100100010100101111111100000110111001001000000000001000000110000000100000
0000000000010000000111101010000111111011011110000000010000000000010000001010000000
0000000001101101101101001101111111111101111000000000000000100010001011000000100000
0010100001001001101110000000001111110001110100010000110001000000001001000000000000
0000000000100000000000000110111110011000001100000001001001000000100001000000000000
0000001000010000000000000101011110000010010010100100001000000000000001000000000000
0000000000000001100000000110111011000101111100001000100000000000100010001100000000
0000000000000000000000011111110101011000000101000011010000010001000000000000100000
0000010001100000000001001110111101000101011010010000000000000000000000001000000000
0000001000000000000000001000101100001000000101001000000000000010010001110000000000
0000000000010010000100110010101110000100000000001000000000010010000110011010100000
0000010000100000110000001001010010100000000110001000000000000000000000100000100000
0001000000000101000000001001101010000011101011001111101100000000000000010100000000
0000100100000110000000000010000110000010100101101110111100100000000011000000000000
0000001000000010101000000101000000110010000000111100001001000010000000000000100001
0000000000000000000000000001000000000101000000000100000001100000000100000000000000
0000000000010000000100000101000000000100000000001000011000000000000001010001100000
0000000001010000000000110000000000100010000001011110011001000000000011000000000000
0000010000010100000000000000001011000000000000101100000000000001000111010000000001
0000000000000000000000001010010001011000010100001110100000000000011011100000000000
0000000000101000000000000000010000000011000100001100100000001000000111110001101000
0000000000000000000000010000011000000101011110110101000000100111100101011000000000
0000000010000000000000000000100111100001010110111110000001011101000110000000100000
0000000000000000000001000000000001111101000110001000000000000000000101001001000000
0001010000000000000000000000100010110101001010000000000000000100100111000000000000
0000000000000000000000000100000000000111000100000000000001000001010011000000000000
0000000000000000000000010000000000000001011111100000000000000011000110000000110000
0001000100001000011000000000000000000001010000000000000000000000000101001000100000
0000000010000010000000000100000000000001000100100000000000100001010000000000000000
0000000000000000000000010010010000000000000100011000001000110100101010001010000010
0010000000000000000000110000000000000000100000000100001100000000110111000010000000
1000000001000000010000000000100000000001100110111101000001111010010110010100000000
0100010000000000000001000000000000000010000000000000001001000001000011100011100000
0000000000010000010010000000000000000000000010001110001101000000010011100000000000
0000000010000000000010000000000000100000000000100100000101100010000111100000000000
0000000000000000100000000000100000000000000000001001000001101000000011000000000000
0000000000000001000011001100000000000000000000101100000000011000000010000001000010
0000000000000000000000000000000000000100000000000100000000110001000011000000000000
0001000000001000100000000100000000000000000000001100010000100001000100000000000001
0000000000000000000000000100000001000000010000011100100100100100001010000000000000
0000000000000000000000000000110000000000000000011000110110000010000000000000000000
0000000000000000001000000000101001000000100000000101011110100000100000000000000000
0000000000000000000000001000000001111000001000010000010000000000000000000000000000
0000000000000000000010000000000000100001000010100000000000000000000010000000000000
0000000010000000000000000000000000000000000001000000000000000000000000000000000000
0000000000000000000000000000000010010100000001000000000000000000000000000000000000
0000000000000000000000000000000000000100010000000000000000000000000000000000000000
0100000000000100000000000000000000100000100000000000000000000000000000000000000000
0000010100000000010000000000000010000001000101000001010100000000000000000000000000
0000000000000000000000000000000000000000000000000000000000000000000000000000000000
0000010000000000000000000000000000000000000000000000000000000100000000000000000000
0100000010000000000000001000000000000000000000000000000000000000000000000000000000
0000000000000000000000100000000000001000000001000000000000000000010000000000010000
1000000000000000100000000000000000000000000100000000000000000000000000000100000000
