2x1 Basic Problem 01

0000000000000010000000000100000000001000001000000010000000000000000000000000000000
0000000000000000000000000000000000000000000000000000000000000000000000000000000000
0000000000000000000000000000000000000000000000000000000000000000000000000000000000
0000000000000100000000000000000000000010000000000000000000000000000010000000000000
0000000000000000000000010010000000000000000000000000000000000000000100000000000000
0000000010000000000000001000000000010000000000000000000000000000000000000000000000
0000000000000000000000000010000000000000000000000000000000000000000000000000000000
0000001000000000000001000000000000000000000000000010010000000000000000000000000000
0000000000000000000000100100000000000000000000000000010110000000000000000000000000
0000000000000000000000000000000000101000001000000000000000000000000000000000000000
0000000000001000000000000000000001000000000000000100000000000001000000000000000000
0000000000000000000000000000000100100111000110010010000000000000000000000000000000
0000000000000000000010000000000011110101001011010000000000000000010000000001001000
0000000000000000000000000000001010101100000001111100100000000000010100000000000000
0010000000000000000001001101101000011010001000101011100000000000100001000000000000
0000000000000000000000100101011101001010000100001111000010000000000001000000000000
0001000000000000000000111101111010010101010010011101000011000000000000000000000000
0000000000000000000000000101111110101101001001011110010111111100000010000000000000
0010001000000000000001101001101011011110110100000110110111110000000000000000000000
0000000000000000000010001100011001011100001001000111101011111100000000000000000000
0001000000000100000000000011111111101010101100100111101110111001000011000000000000
0000000000000000011000001111011110011010111110110011111001010011000000000000000000
0000000000000000001110001100111100110000110111100111101001100100000010000000000000
0000000000000000011111000101111100111101111000011010100000110001000010000000000000
0000000000000000111010011101100101111100111100011010001011100111010000000000000000
0000000000000000011011111011100000101011111110110110001000100111101000000000000000
0000000000000011101001001011010111000110001111010000001000001101111000000000000000
0000000000000000100101111001101110001111111111010010000001001000010001000000000000
0000000000000100011100110111101101010111111111000000100000101000101100000000000000
0000000000000011010111101111010010111111111110010000010000110100010110000000000000
0000000001000111101111001101111111111111111110011011010101100010001011000000000000
0000000000000001100110000110101111110001111111010110110001100001001010000000000000
0000000000001011101110000001111111111100101100011111101011000010101001000000000000
0000001000001100101101010001011110000110011111110111001001000000100011000000000000
0000000000000101110010100110111111100111111110101111100010010001101011000000000000
0000000000000001000000011111111111111101111111000011010000011110010001000000000000
1000010000100011001001011010111111101101111111011110000000100010010001101000000000
0000001000000000000111101001111101111101001111011101011000000010011101100000000000
0000000000010111100110111110110111100100001000011100010010010001110010101000100000
0000000000001101111000111101110111111111111101001110100000100100100111100000000000
0000000000011111110100111001101111010111101111101111101010001010010101000000000000
0000000000010111000001111011101111100110100101111110111100110100001011000000000000
0000000000000010101011010101001011110110110011111111001101100011010001000000000001
0000000000010100001010101101111011011111011101100111000000111001001101000001000000
0000000000010000001001000101000101101101011001111011101010100001000001000000000000
0000000101010001110001110110011100101111010011011111111001101000010011000000000000
0000010000000100011000110010111111010101000100101101110111010100100111000000000001
0000000000000001100001111111011001111101110100101111111101101001111011000000000000
0000000000001000110110011000010001111011111110011111101001001100100111100001000000
0000000000000010001000111000011111111101111111111111011100110111110111000000100000
0000000010100000000001000000100111101111011111111111011011010100111110000000100000
0000000000000010000001100100000111111110000111101000001001010001001100000001000100
0000000000000100000000001000110011111111111011100100000001000010100111000000000000
0000000000000010000110100110000000010111111100100011000001010111000000100000000000
0000000000000000000001110000100000010011111111101000001000000011111110000000000000
0001000100100000011101010000000100001000011111000100000101010010110001000000100000
0000000010000001001100000110011000010101010110110101101010000011011010000000000000
0000100000000000000010000011011000101100100001111100111001111101100001000000000000
0000000000000000001000110010000000010001110010001100011100001001110011000000000000
0000000000010000010000100011110000000001100110011101110011111111110110010000000000
0000000000000000001011010000100000110010000010001000111000111011001001100000100000
0000000000000000010110000000001000000111010010011111111101110100010111000000000000
0000000000000000000000000110100001000010001101100100101111100000000111100000000000
0000000000000000000001000111000010000001001110111101000001101000000010000000000000
0000000000000001000000101110010100010110011110100101000000001000000011000001000010
0000000000000001000000001011101100010001110111000110100010110011001011110000000000
0000000000000000100000000100100101100010010101101100010110010101010001000000000001
0000000000000000000000000100100011000100111001011101110000101110010010100000000000
0000000000000000000000000000111010000001010011101000000010000010000000000000000000
0000000000000000000000010000000101101000000001000100011110000000100000000000000000
0000000010000000000000000000000000111011101000010001010000010000000000000000000000
0000000000000000000000000000000010010000000000000000001000000000000010000001000100
0000000000000000000000000000000001000000000001000000000000000010000000000000000000
0010000000000000000000000000000010010100000001000000000000000000000000000000000000
0000000000000000000000000000000001000100011000010000000000000000000000000000001000
0100000000000000000100000000000000100000000000000000010000000001000000000000000000
0000000100001000010000000000000000000000000101000000000000000000000000000000000000
0000000000000000000000000000000000000000000000000000000000000000000000000000000000
0000010001000000000000000000000000000000000000000000000000000000000000000000000000
0000000000000000000000000000000000000000000000000000000000000000000000000000000000
0000000000000000000000000000000000000000000001000000000000000000010000000000000000
1000000000000000000000000000000000000000000000000000000000000000000000000100000000
