2x1 Challenge Problem 06

0000000000010000000001101010000000001000000000000000000000010000000000001000001000
0010000000000000000000000000000000000100010000000000000000000100000000000000000010
0000010000000000000000000000000001000001010001100001000010000000000111000000100100
0000001000010000100000100000000110100000010000000001100000100100010010000000000000
0000010000100001000000000010000010010000000000000000000010000000010000000100000000
0000000010100001000010010100010010000010010010000000010001100000000100000000000010
0000000010000000100100001000000001010000100001000001001001101000000010000000000000
0000000001110000001001000001001110000000000100100010000101100010000000010000100000
0000010101000000000000000000010100000000100000100000010000010000000101000100100000
0100000000000001001000000000000000001000101100000000000000001000000000000000000000
0000010000000001000000101000010000000000000000111101000000010011001100000001000000
0000000000000000000001000000000000000000100000011000001100001100010000000000000000
0000010000000000010010001000000010100000010010000100000011000000001000000000100000
0000000000000001010001010100100110011111111101111101100100010001110110110000000100
0110000000000000010100011010110011111111111111111111001000010000111000101000000000
0000000010010000000110101100011111111001000011111111000001000000010000000000100000
0000010000000100000001101110111000010001100001000001100100000001101110000000010100
0010000000001000000000010111000000000010000101001000010100111000100010000000000000
0010000000000001100000100011011011010001011010100001010101000001000000000000000000
0000010100000100101010010001001100010000010000000100000011100000100010100000000000
0000100000000000011000011000001111001001001110000100100100000010000010110000101000
0001001000000001000001100000000010000010011111000111100010011001100011011100100000
0000000000010110100010000110000000001011110101000001000001001000110000000010000000
0000010100000000110101000000000100100011011000100011100000000100000010010010010000
0000010000001101000111000001100000101001111101010101000000000011000010100101000001
0000110000000100001010101001010010011001001101011010010000110110100001000000000000
0000000000000000010001000100010011011101000010000001000000100000100000000001100000
0000111010010001000010001010001000100101000110010001000000000001010000000001101011
0010000000000110110011111100000000101110101010011101000010111100100111001100100000
0000010000001100100001100000001100100010001011000000110110001000011001100000010010
0000100000000001101101000011000101100110011000000110000000000000010011001100000000
0000000000110101000100000000101110110001001011001100000000010010000010010000110010
0000010000001001000100001010111100000100001001110111000001000100011000000000010000
0000010000000111111001100011000100100110111110000000000000010001000100001000110010
0000010110010111100100000100101111101101011101111000000000011010000110010000010000
0001000000000011010000000000011000101100001100001101010010001100001110101001110000
0000001000101110000100011010111010101100000100001000000001000001110010001010000000
0100000001000101000010010111001000000100110011001001000000001010111110010101000011
0000000010110100010000010110000100100010100100110000000010010001000010010000000000
0101100100100100010100001101001000010001000000001100001000100000000110100000101000
0000010000100110010100110101110110001010010000001100001000011100000010000000000000
0000001000001111000001010010011100000101000010011110110000001000010010101100000100
0000001000100110000000000001010010000001001000011100000100000010001010000000100000
0100011010000110000000000000100000000000010001000001000110000000000010100000100100
0000001000000100001001000101100100000100000011000110100010100000000111000000000000
0000000101010000110000100000010001000000101001000011101001101000011011000000100000
0010010000000101000000001101000101100000100000000000010001000010000110010001100110
0100010010110111100000000010000000000001010000101001010000100000001011000010110010
0000010000101010000010010000100000010001010001000001001000001000000110100001000010
0001001000000011000000000000000100000000001100001100000101100000010011000000100100
0000000100000010010110000100010000111100010110000010001010000101001110000001100010
0000010010000001000001100001000001000000000000001000111110001101000010001000100000
0000000000000000100000000000000000100100000011010100000101010010011010000101000000
0000110100100100100111001000001010000000110001100000001010011101000000000000110100
1000000000010000000010000000100000011101011010111001000001000010110110001001010000
0000100100001000001100000000001001011010100000000100100000000010010011000010010000
0000100100001001001100001010000000000001010110010100011010000001101010011000100000
0010000010000101000100001110000000000000000001011001000000001011110000000000000000
0101010000001000001000000000000000000011101010100000000010010011110011000010110000
1000000101101000010001010001010000000110001110000101000101010100111011100000100000
0000100000000100001001100000010000000010010100000001101000010101101001000001000000
0100000000001000000000010000000000000010000000001100011100111010000111001000000000
1010000000000100001001111001100011110000000100010100001100111011111110000100010000
0001000110000110100001001100010000101000011000111001010111100000110011100000010000
0000101000000100000000000110010000000100000010000001000101111000001011000010000000
0000000101000001000000000111010101000011011101000100001001110001000101010000000000
1000000010000110010110100000010000100000000000000110110111011001110110101100010000
0000000100000111000000000100000111110000010000011011100000000110100011000000010010
0000000100000001101010011001110001111111111110111111111110110111111111000000000000
0000001000000000101100110111011110111011111110011101111111111110111110100000010000
0000010000000000000000000000100110100001101000000000000000000100111000101000101000
0000000000010110000000000000000000110100010001010011100000000000101100000000000001
0000000000000000000000000100000111010000000000000000000001001010100000000000000000
0000010000010001100111010111010010111000000000000000000000000000000000010000100001
0000000010100010000000010000000100000101010000010000000101100000000000001000100000
0000000011000000000100000000100000000001011000001110001011100000000000000000000000
0001010000001001010001000100010000000101100011001000111100000001000000000001000000
0000001100100101000000000001001100000000000010000010100000010010001100001100100000
0001001000000100000000010000000010000000000000000000000000000000000000000110000000
0000001000000001000000110000000010000000100000000000000000000000000000000000000100
0100000000000000100000000000000000000000001000000000000000000000101000000000000000
0100010000000000000000000000010000000000000000000000000000010000000101000000000000
