2x1 Challenge Problem 04

0000010000000000000000000000000000000000000000000000000000000000000000000000000000
0000000000000000000000000000000000000000000000000000000000000000000000000000100000
0000000000000000000000000000000000000000000000000000000000000000000000000000000000
0000000000000000000000000000000000000000000000000000000000000000000000000000000000
0000000000001000000000000000000000000000000000000000000000000000000000000000000000
0000000000000000000000001010011000000000000000000000100000000000000001000000000000
0000000000000000000000000000000100000000000010000000000010000000000000000000000000
0000000000000000000000000000000000000000000000000000000000000000000000000000000000
0000010001000000000100010011000010010000000011010000110000001100000000000000000000
0000000000000000100000000000000100010000000000000000000000000000000000000010000000
0000000110000000001000000000001000000000000000000000000000100000000000000000000000
0000000000000100000000100010000100110000000000000000000000000000000000000000000000
0000000000000010110010000000000101100010100000000000000000000000000000000010000000
0000000000010101001000011001111111111111110111001111110000000000000000000000000000
0000000000000000010000000011111111111111110101011111111100000000000000000000000000
0000000000000110001100010011001000000011100000000000000110000000000000000000000000
0000000010100000000010001110000010000101100000001000000110000000000000000100000000
0010000000000001000000100110110000000111000000000000000011000000000000000010100000
0000000000000000000001001111001000000101100100000000000011000010000000000000000000
0000000000000000000000011110001001010100000000000000000000100000000000000000000000
0000000000101000010000011100000000101001110000000000000001100000000000000000000000
0000000000110001000000011110100010001100100100000000000000110000000000000000000000
0000010001010000000000110000010110001111000000000000000000110000000000000110000000
0000000000000000111000110001000000011101000000000000000000101000000000000010000000
0000010000000001101011100001110000011111000000000000000001011000000000000010000000
0000001010000000011001110000001010100000000001000000000000001000000000000000000000
0000000011010110101111011101000100110101000000000000000000001000000000000110000000
0000000000001000001011110000101100100100100000010000000000000100000000000000000000
0000000010111110000110000000000110110011000000001000000000000010000000000100000000
0000000000000100001111000100110110010100000000000000000000000011000000000000000000
0000000000000001011110000100101111101000000000000000000000000001000001000010000000
0000000000110010001100100001001110101001000000000000001000000001000000000000000000
0000000110111010111001100000001011101101000000000000000000000001100000000000100000
0000000011000000111010111100111001011101100000000010000000100000110000000010010000
0000000100000010111000100010010101000101000000000000000000000000110000000000000000
0000000001010001111101010000001001111110000000010000000000000000011000000000100000
0000100001000101100000000001110000101000000000000000000000000000001000000000100000
0000000110110011110010110000110000010110100010000100000000100000001100000000010000
0000000011001111001000101001110000111111000010000000000000000000001110000000000000
0000010000010011010000000001000010000100000000000000000000000000000110000100010000
0000000000000111001000000001110010000111110000000000000000000000000110000000000000
0000000000010110110000000010101010001000110000000000000100000000000000000000000000
0000000001000110010100000001011001000000000000000000001000000000000110000010000000
0000000001000111000000000101000000000000000000000000001010000000000100000100000000
0000010100110111000000000000100000001100000000000000000010000000001100000000000000
0000000000011001100000100001100000000100000000001000000000000000001000000000000000
0000000000000001100000001100100000100000000000000000001000000000010000100010010000
0000000010001010110000000001110110011101000000000000000000000000010000000000000000
0000010000000011111001011000010010101101000000000000000000000000110000000000000000
0000000000101100011000110000111100000100000000000000000100000000100000000000000000
0000000000000110011000100000000100000010000000000000000100010001100000000000100000
0000000011100000011101100011000110100000000000000001000000000000000000000000000000
0000000000011100001101100000000000101000000000000000000000000011000000000000100000
0000000001000010110111000000000111111010100000000000000000000000000000000010100000
0000000000000110100110011001100000000001100000000000000000000100000000000110000000
0000000000000110001111000000001000101101100000000000000000000100000000000000000000
0000000100001000010011111011100001101000100000000000000000001100000000000100000000
0000001010000000001111110001110001000000000000000000010000001000000000000000000000
0000000010010000000111110000110001000111000000000000000000011000000000000010000000
0000000001000010011100110100111111000111100000000000000000010000000000000000000000
0000001110100010011001110001000000001111000000000000000000110000000000001110000000
0000000000000001110000011000010010100001100000000000000000000000000000000000000000
0000000000000000010100111000000001100000100000000000000001100000000000000000000000
0000000000011000111010001100100001011001000000000000000000000000000000000000000000
0000000000110001000100111100000000110011101000000100000011000000000000000100000000
0000000100000100010100001110010000100111100000000000000010000000000000000000000000
0000000000011011001100001111000100000110000000000000000010000000000000000010000000
0000000010000000000000000011100010000000000000000000000100000000000000000000010000
0000000000100111101000010111111111111111111111111111111100100000000000000000000000
0000000000000011110101011111111111111111111100111111111000000000000100000000000000
0000000000000110000000100100001011001001000000000000000000000000000000000110000000
0000000001000111100000000000000000001001000000000000000000000000000000000000000000
0000000000010000100001000001001010010010000000000000000000000000000000000000100000
0000000000110000001000011000100000000010001000100110000100000000000000000000000000
0000000000000100001001000011000000110011101000001000000001100000100001000000000000
0000000000100000000000000000000000000000000000000000000000000000000000000000110000
0000010000000000000100100000000000000000001000000010010000000000000000001000000000
0000000000000000110000001000000000000000000000000000000000000000000000000000000000
0000000000000000000000000000000000000000000000000000000000000000000000000000000000
0000000000000000000000000000000000000000000000000000000000000000000000000000000000
0000000000000000000000000000000000000000000000000000000000000000000000000000000000
0000000000000000000000000000000000000000000000000000000000000000000000000000000000
