2x1 Basic Problem 11

0000000000000000000000000000000000000000000000000000000000000000000000000000000000
0000000000000000000000000000000000000000000000000000000000000000000000000000000000
0000000000000000000000000000000000000000000000000000010000000000000000000000000000
0000000000000000000000000000000000000000000000000000000000000000000000000000000000
0000000000000000000000000000000000000000000000000000000000000000000000000000000000
0000000000000000000000000000000000000000000000000010000000000000000000000000000000
0000000000000000000000000000000000000000000000000010000000000000000000000000000000
0000001000000000000000000000000000000000000000000000000000000000000000000000000000
0000100111111000000000001000000000100001100001000011001111000100000000000010000000
0000000001111100001000101000001010000010000000000000000011000000000000000000000000
0000000110001111000000111010110000100001000000001000000000001000000000000000000000
0000000101100011110000001001001001001011000000000000000000000010000000000110000000
0000100110100000111101000001011001000000100000000000000000000000000000000110000000
0000100010100000001111001000010000101010000000000000000000000000100100000100000000
0000000001010111000011110000100000001010000000000000000000000000000010000100000000
0000000110000100101001111101010001011110000000000000000000000000000000110100000000
0000100101000010010101111110000100111011000000000000000000000000000000101100000000
0000100000000101000011000011110000110001000000000000000000000000000000000110000000
0000000101000001000110000001110110010010000000000000000000000000000000000010000000
0000000000010000011110000011001111010100000000000000000000000000000000000100010000
0000000101011001011100100010111100000000000000000010000000000000000000000110000000
0000000000000101011010001011111001001010100000000000000000000000000000000110000000
0000000001110101011101001111100010000111000000000000000000000000000000000100000000
0000000000100001000110111101000100000000100000000000000000000000000000000000000000
0000000010100010101111110001000001110111100000000000000000000000000000000000000000
0000000001000000001111100000000010011011000000000000000000000000000100000000000000
0000000010000000111100110011100001100100000000000000000000000000000000000000000000
0000000010100011111000000010000110000100100000000000000000000000000000000010000000
0000100000011111011001110111100111001110100000000010000000000000000000000000000000
0000000000111100010101100000111100111110100000000000000010100000000000000010000000
0000000101110000001111110101000011110011101000000000000001000000000000000000000000
0000000111100001001010111110001111110111100000000000000000000000000000000000000000
0000001100000000000100000100000111111011100000000001010000000000000000000000000000
0000000011011001011010100100011111111111000000000010000000000000000000000000000000
0000000100011001111000000010111111111101001100000000000000000000000000000000001000
0000000010010011000000000100111110111101100000000000000000000000000000000000000000
0000000011000010011110001101110111111111000000010000000000000000000000000100000000
0000000010000010011110000011011011111111110000000000000000000000000000000110000000
0000000000010000010011000010111101110111100000000000000000000000000000000110000000
0000000000110100101010000011110100111011100000000100000000000000000000000100000000
0000000000000110000001011001111110111110100000000000000000000000000000000000000000
0000000000000001001110110011111111111111000000000100000000000000000000000100000000
0000000100010000000100111001111111010111100000010100000000000000000000000000000000
0000000100000000010000010100101001100111000100100000000000000000000000000100000000
0000000101000010101010010100101010111111100000000000000000001000000000000010000000
0000000000010100000000000010011110101110100010000001000000000000000000000000000000
0000000001100111010001010010010101110101100000100000000000000000000000000100000000
0000000000000011100110100100011001001111100000000000000100000000000000000000000000
0000000000000000010111010110111011101111111000000000000000000000000000000000000000
0000000001000001000000010101101111111100101000000000000000000000000000000000000000
0000000000000010000110100100110110111101100111000000000000000000000000000000000000
0000000100001010100011010000010010110111100010000000000000000000000000000000000000
0000000101100100000010000000100100111001100011100000000000000000000000000000000000
0000000100100101011100010010100010010110100100000000000000000000000000000000000000
0000000100000110000000000000100010001111100000000000000000000000000000000000000000
0000000100000000111011100000010000011000000000000000000000000010000000000110000000
0000000011110010001101001000000100110010000000000000000000000000000000000100000000
0000000000001000001000011000000000000000100000000000000000000000000000000100000000
0000000001100100101000010010000100001011100000000000000000000000000000000100000000
0000000110101000000110010001100110000011000000000000000000000000000000000000000000
0000000000110000000100110000010010101100001000000000000000000000000000000110000000
0000000000000110010000010000010010100101000000000000000000000000000000000000000000
0000000110000011001001010100000110101101000000000000000000000000000000000100000000
0000000000000001100110000001101000000010000000000000000010000000010000000010000000
0000000011010111010001100000100011000000100000000000000000000000000000000110000000
0000000100100101100101100101000111001010000000000000000000000000000000000000000000
0000000000010000110110101010000100000000000000000000000000000000000000000000000000
0000000000100010010000100001001000101000100000000000000000000000000000000010000000
0000000101100001100011100110100000000000000000000000000000000000000000000110000000
0000000101000000000010011001001110101010000000000000000000000000000000000000000000
0000000011001100100000001001000011001100000000000000000000000000000000000100000000
0000000001001011000000001000100011000101100000000000000000000000000000000000000000
0000000010010011000000000010000010000001100000000000000000000000000000000110000000
0000000011000001000001000001011000010110000100001010000000010111011000000000000000
0000000000000100000110000000000000100110001000100000011000010100001001101000000000
0000000000000000000000000000000000000000000000000000000000000000000000000000000000
0000000000000000000000000000000000000000000000000000000000000000000000000000000000
0000000000000000000000000000000000000000000000000000000000000000000000000000000000
0000000000000000000000000000000000000000000000000000000000000000000000000000000000
0000000000000000000000000000000000000000000000000000000000000000000000000000000000
0000000000000000000000000000000000000000000000000000000000000000000000000000000000
0000000000000000000000000000000000000000000000000000000000000000000000000000000000
