75

none
00000000000000000000000000000000000000000000000000
00000000000000000000000000000000000000000000000000
00000000000000000000000000000000000000000000000000
00000000000000000000000000000000000000000000000000
00000000000000000000000000000000000000000000000000
00000000000000000000000000000000000000000000000000
00000000000000000000000000000000000000000000000000
00000000000000000000000000000000000000000000000000
00000000000000000000000000000000000000000000000000
00000000000000000000000000000000000000000000000000
00000000000000000000000000000000000000000000000000
00000000000000000000000000000000000000000000000000
00000000000000000000000000000000000000000000000000
00000000000000000000000000000000000000000000000000
00000000000000000000000000000000000000000000000000
00000000000000000000000000000000000000000000000000
00000000000000000000000000000000000000000000000000
00000000000000000000000000000000000000000000000000
00000000000000000000000000000000000000000000000000
00000000000000000000000000000000000000000000000000
00000000000000000000000000000000000000000000000000
00000000000000000000000000000000000000000000000000
00000000000000000000000000000000000000000000000000
00000000000000000000000000000000000000000000000000
00000000000000000000000000000000000000000000000000
00000000000000000000000000000000000000000000000000
00000000000000000000000000000000000000000000000000
00000000000000000000000000000000000000000000000000
00000000000000000000000000000000000000000000000000
00000000000000000000000000000000000000000000000000
00000000000000000000000000000000000000000000000000
00000000000000000000000000000000000000000000000000
00000000000000000000000000000000000000000000000000
00000000000000000000000000000000000000000000000000
00000000000000000000000000000000000000000000000000
00000000000000000000000000000000000000000000000000
00000000000000000000000000000000000000000000000000
00000000000000000000000000000000000000000000000000
00000000000000000000000000000000000000000000000000
00000000000000000000000000000000000000000000000000
00000000000000000000000000000000000000000000000000
00000000000000000000000000000000000000000000000000
00000000000000000000000000000000000000000000000000
00000000000000000000000000000000000000000000000000
00000000000000000000000000000000000000000000000000
00000000000000000000000000000000000000000000000000
00000000000000000000000000000000000000000000000000
00000000000000000000000000000000000000000000000000
00000000000000000000000000000000000000000000000000
00000000000000000000000000000000000000000000000000


full
11111111111111111111111111111111111111111111111111
11111111111111111111111111111111111111111111111111
11111111111111111111111111111111111111111111111111
11111111111111111111111111111111111111111111111111
11111111111111111111111111111111111111111111111111
11111111111111111111111111111111111111111111111111
11111111111111111111111111111111111111111111111111
11111111111111111111111111111111111111111111111111
11111111111111111111111111111111111111111111111111
11111111111111111111111111111111111111111111111111
11111111111111111111111111111111111111111111111111
11111111111111111111111111111111111111111111111111
11111111111111111111111111111111111111111111111111
11111111111111111111111111111111111111111111111111
11111111111111111111111111111111111111111111111111
11111111111111111111111111111111111111111111111111
11111111111111111111111111111111111111111111111111
11111111111111111111111111111111111111111111111111
11111111111111111111111111111111111111111111111111
11111111111111111111111111111111111111111111111111
11111111111111111111111111111111111111111111111111
11111111111111111111111111111111111111111111111111
11111111111111111111111111111111111111111111111111
11111111111111111111111111111111111111111111111111
11111111111111111111111111111111111111111111111111
11111111111111111111111111111111111111111111111111
11111111111111111111111111111111111111111111111111
11111111111111111111111111111111111111111111111111
11111111111111111111111111111111111111111111111111
11111111111111111111111111111111111111111111111111
11111111111111111111111111111111111111111111111111
11111111111111111111111111111111111111111111111111
11111111111111111111111111111111111111111111111111
11111111111111111111111111111111111111111111111111
11111111111111111111111111111111111111111111111111
11111111111111111111111111111111111111111111111111
11111111111111111111111111111111111111111111111111
11111111111111111111111111111111111111111111111111
11111111111111111111111111111111111111111111111111
11111111111111111111111111111111111111111111111111
11111111111111111111111111111111111111111111111111
11111111111111111111111111111111111111111111111111
11111111111111111111111111111111111111111111111111
11111111111111111111111111111111111111111111111111
11111111111111111111111111111111111111111111111111
11111111111111111111111111111111111111111111111111
11111111111111111111111111111111111111111111111111
11111111111111111111111111111111111111111111111111
11111111111111111111111111111111111111111111111111
11111111111111111111111111111111111111111111111111


horizontal_half_1
11111111111111111111111111111111111111111111111111
11111111111111111111111111111111111111111111111111
11111111111111111111111111111111111111111111111111
11111111111111111111111111111111111111111111111111
11111111111111111111111111111111111111111111111111
11111111111111111111111111111111111111111111111111
11111111111111111111111111111111111111111111111111
11111111111111111111111111111111111111111111111111
11111111111111111111111111111111111111111111111111
11111111111111111111111111111111111111111111111111
11111111111111111111111111111111111111111111111111
11111111111111111111111111111111111111111111111111
11111111111111111111111111111111111111111111111111
11111111111111111111111111111111111111111111111111
11111111111111111111111111111111111111111111111111
11111111111111111111111111111111111111111111111111
11111111111111111111111111111111111111111111111111
11111111111111111111111111111111111111111111111111
11111111111111111111111111111111111111111111111111
11111111111111111111111111111111111111111111111111
11111111111111111111111111111111111111111111111111
11111111111111111111111111111111111111111111111111
11111111111111111111111111111111111111111111111111
11111111111111111111111111111111111111111111111111
00000000000000000000000000000000000000000000000000
00000000000000000000000000000000000000000000000000
00000000000000000000000000000000000000000000000000
00000000000000000000000000000000000000000000000000
00000000000000000000000000000000000000000000000000
00000000000000000000000000000000000000000000000000
00000000000000000000000000000000000000000000000000
00000000000000000000000000000000000000000000000000
00000000000000000000000000000000000000000000000000
00000000000000000000000000000000000000000000000000
00000000000000000000000000000000000000000000000000
00000000000000000000000000000000000000000000000000
00000000000000000000000000000000000000000000000000
00000000000000000000000000000000000000000000000000
00000000000000000000000000000000000000000000000000
00000000000000000000000000000000000000000000000000
00000000000000000000000000000000000000000000000000
00000000000000000000000000000000000000000000000000
00000000000000000000000000000000000000000000000000
00000000000000000000000000000000000000000000000000
00000000000000000000000000000000000000000000000000
00000000000000000000000000000000000000000000000000
00000000000000000000000000000000000000000000000000
00000000000000000000000000000000000000000000000000
00000000000000000000000000000000000000000000000000
00000000000000000000000000000000000000000000000000


horizontal_half_2
00000000000000000000000000000000000000000000000000
00000000000000000000000000000000000000000000000000
00000000000000000000000000000000000000000000000000
00000000000000000000000000000000000000000000000000
00000000000000000000000000000000000000000000000000
00000000000000000000000000000000000000000000000000
00000000000000000000000000000000000000000000000000
00000000000000000000000000000000000000000000000000
00000000000000000000000000000000000000000000000000
00000000000000000000000000000000000000000000000000
00000000000000000000000000000000000000000000000000
00000000000000000000000000000000000000000000000000
00000000000000000000000000000000000000000000000000
00000000000000000000000000000000000000000000000000
00000000000000000000000000000000000000000000000000
00000000000000000000000000000000000000000000000000
00000000000000000000000000000000000000000000000000
00000000000000000000000000000000000000000000000000
00000000000000000000000000000000000000000000000000
00000000000000000000000000000000000000000000000000
00000000000000000000000000000000000000000000000000
00000000000000000000000000000000000000000000000000
00000000000000000000000000000000000000000000000000
00000000000000000000000000000000000000000000000000
11111111111111111111111111111111111111111111111111
11111111111111111111111111111111111111111111111111
11111111111111111111111111111111111111111111111111
11111111111111111111111111111111111111111111111111
11111111111111111111111111111111111111111111111111
11111111111111111111111111111111111111111111111111
11111111111111111111111111111111111111111111111111
11111111111111111111111111111111111111111111111111
11111111111111111111111111111111111111111111111111
11111111111111111111111111111111111111111111111111
11111111111111111111111111111111111111111111111111
11111111111111111111111111111111111111111111111111
11111111111111111111111111111111111111111111111111
11111111111111111111111111111111111111111111111111
11111111111111111111111111111111111111111111111111
11111111111111111111111111111111111111111111111111
11111111111111111111111111111111111111111111111111
11111111111111111111111111111111111111111111111111
11111111111111111111111111111111111111111111111111
11111111111111111111111111111111111111111111111111
11111111111111111111111111111111111111111111111111
11111111111111111111111111111111111111111111111111
11111111111111111111111111111111111111111111111111
11111111111111111111111111111111111111111111111111
11111111111111111111111111111111111111111111111111
11111111111111111111111111111111111111111111111111


vertical_half_1
11111111111111111111111100000000000000000000000000
11111111111111111111111100000000000000000000000000
11111111111111111111111100000000000000000000000000
11111111111111111111111100000000000000000000000000
11111111111111111111111100000000000000000000000000
11111111111111111111111100000000000000000000000000
11111111111111111111111100000000000000000000000000
11111111111111111111111100000000000000000000000000
11111111111111111111111100000000000000000000000000
11111111111111111111111100000000000000000000000000
11111111111111111111111100000000000000000000000000
11111111111111111111111100000000000000000000000000
11111111111111111111111100000000000000000000000000
11111111111111111111111100000000000000000000000000
11111111111111111111111100000000000000000000000000
11111111111111111111111100000000000000000000000000
11111111111111111111111100000000000000000000000000
11111111111111111111111100000000000000000000000000
11111111111111111111111100000000000000000000000000
11111111111111111111111100000000000000000000000000
11111111111111111111111100000000000000000000000000
11111111111111111111111100000000000000000000000000
11111111111111111111111100000000000000000000000000
11111111111111111111111100000000000000000000000000
11111111111111111111111100000000000000000000000000
11111111111111111111111100000000000000000000000000
11111111111111111111111100000000000000000000000000
11111111111111111111111100000000000000000000000000
11111111111111111111111100000000000000000000000000
11111111111111111111111100000000000000000000000000
11111111111111111111111100000000000000000000000000
11111111111111111111111100000000000000000000000000
11111111111111111111111100000000000000000000000000
11111111111111111111111100000000000000000000000000
11111111111111111111111100000000000000000000000000
11111111111111111111111100000000000000000000000000
11111111111111111111111100000000000000000000000000
11111111111111111111111100000000000000000000000000
11111111111111111111111100000000000000000000000000
11111111111111111111111100000000000000000000000000
11111111111111111111111100000000000000000000000000
11111111111111111111111100000000000000000000000000
11111111111111111111111100000000000000000000000000
11111111111111111111111100000000000000000000000000
11111111111111111111111100000000000000000000000000
11111111111111111111111100000000000000000000000000
11111111111111111111111100000000000000000000000000
11111111111111111111111100000000000000000000000000
11111111111111111111111100000000000000000000000000
11111111111111111111111100000000000000000000000000


vertical_half_2
00000000000000000000000011111111111111111111111111
00000000000000000000000011111111111111111111111111
00000000000000000000000011111111111111111111111111
00000000000000000000000011111111111111111111111111
00000000000000000000000011111111111111111111111111
00000000000000000000000011111111111111111111111111
00000000000000000000000011111111111111111111111111
00000000000000000000000011111111111111111111111111
00000000000000000000000011111111111111111111111111
00000000000000000000000011111111111111111111111111
00000000000000000000000011111111111111111111111111
00000000000000000000000011111111111111111111111111
00000000000000000000000011111111111111111111111111
00000000000000000000000011111111111111111111111111
00000000000000000000000011111111111111111111111111
00000000000000000000000011111111111111111111111111
00000000000000000000000011111111111111111111111111
00000000000000000000000011111111111111111111111111
00000000000000000000000011111111111111111111111111
00000000000000000000000011111111111111111111111111
00000000000000000000000011111111111111111111111111
00000000000000000000000011111111111111111111111111
00000000000000000000000011111111111111111111111111
00000000000000000000000011111111111111111111111111
00000000000000000000000011111111111111111111111111
00000000000000000000000011111111111111111111111111
00000000000000000000000011111111111111111111111111
00000000000000000000000011111111111111111111111111
00000000000000000000000011111111111111111111111111
00000000000000000000000011111111111111111111111111
00000000000000000000000011111111111111111111111111
00000000000000000000000011111111111111111111111111
00000000000000000000000011111111111111111111111111
00000000000000000000000011111111111111111111111111
00000000000000000000000011111111111111111111111111
00000000000000000000000011111111111111111111111111
00000000000000000000000011111111111111111111111111
00000000000000000000000011111111111111111111111111
00000000000000000000000011111111111111111111111111
00000000000000000000000011111111111111111111111111
00000000000000000000000011111111111111111111111111
00000000000000000000000011111111111111111111111111
00000000000000000000000011111111111111111111111111
00000000000000000000000011111111111111111111111111
00000000000000000000000011111111111111111111111111
00000000000000000000000011111111111111111111111111
00000000000000000000000011111111111111111111111111
00000000000000000000000011111111111111111111111111
00000000000000000000000011111111111111111111111111
00000000000000000000000011111111111111111111111111


