2x1 Basic Problem 09

0000000000000000000000000000000000000000000000000000000000000000000000000000000000
0000000000000000000000000000000000000000000000000000000000000000000000000000000000
0000000000000000000000000000000000000000000000000000000000000000000000000000000000
0000000000000000000000000000000000000000000000000000000000000000000000000000000000
0000000000000000000000000000000000000000000000000000000000000000000000000000000000
0000000000000000000000000000000000000000000000000000000000000000000000000000000000
0000000000000000000000000000000000000000000000000000000000000000000000000000000000
0000000000000000000000000000000000000000000000000000000000000000000000000000000000
0000000000000000000000000000000000000000000000000000000000000000000000000000000000
0000000000000000000000000000000000000000000000000000000000000000000000000000000000
0000000000000000000000000000000000000000000000000000000000000000000000000000000000
0000000000000000000000000000000000000000000000000000000000000000000000000000000000
0000000000000000000000000000000000000000000000000000000000000000000000000000000000
0000000000000000000000000000000000000000000000000000000000000000000000000000000000
0000000000000000000000001111111110000000000000000000000000000000000000000000000000
0000000000000000000000001111111110000000000000000000000000000000000000000000000000
0000000000000000000000001111111110000000000000000000000000000000000000000000000000
0000000000000000000000001111111110000000000000000000000000000000000000000000000000
0000000000000000000000001111111110000000000000000000000000000000000000000000000000
0000000000000000000000001111111110000000000000000000000000000000000000000000000000
0000000000000000000000001111111110000000000000000000000000000000000000000000000000
0000000000000000000000001111111110000000000000000000000000000000000000000000000000
0000000000000000000000001111111110000000000000000000000000000000000000000000000000
0000000000000001111111111111111111111111111000000000000000000000000000000000000000
0000000000000001111111111111111111111111111000000000000000000000000000000000000000
0000000000000001111111111111111111111111111000000000000000000000000000000000000000
0000000000000001111111111111111111111111111000000000000000000000000000000000000000
0000000000000001111111111111111111111111111000000000000000000000000000000000000000
0000000000000001111111111111111111111111111000000000000000000000000000000000000000
0000000000000001111111111111111111111111111000000000000000000000000000000000000000
0000000000000001111111111111111111111111111000000000000000000000000000000000000000
0000000000000001111111111111111111111111111000000000000000000000000000000000000000
0000000000000000000000001111111110000000000000000000000000000000000000000000000000
0000000000000000000000001111111110000000000000000000000000000000000000000000000000
0000000000000000000000001111111110000000000000000000000000000000000000000000000000
0000000000000000000000001111111110000000000000000000000000000000000000000000000000
0000000000000000000000001111111110000000000000000000000000000000000000000000000000
0000000000000000000000001111111110000000000000000000000000000000000000000000000000
0000000000000000000000001111111110000000000000000000000000000000000000000000000000
0000000000000000000000001111111110000000000000000000000000000000000000000000000000
0000000000000000000000001111111110000000000000001111111111100000000000000000000000
0000000000000000000000001111111110000000000000001101111101100000000000000000000000
0000000000000000000000000000000000000000000000001100000001100000000000000000000000
0000000000000000000000000000000000000000000000001100000001100000000000000000000000
0000000000000000000000000000000000000000000000001100000001100000000000000000000000
0000000000000000000000000000000000000000000000001100000001100000000000000000000000
0000000000000000000000000000000000000000000000001100000001100000000000000000000000
0000000000000000000000000000000000000000000000001100000001100000000000000000000000
0000000000000000000000000000000000000000000000001100000001100000000000000000000000
0000000000000000000000000000000000000001011111101100000001101111110100000000000000
0000000000000000000000000000000000000001111111111100000001111111111100000000000000
0000000000000000000000000000000000000001000000000000000000000000000100000000000000
0000000000000000000000000000000000000001000000000000000000000000000100000000000000
0000000000000000000000000000000000000001000000000000000000000000000100000000000000
0000000000000000000000000000000000000001000000000000000000000000000100000000000000
0000000000000000000000000000000000000001000000000000000000000000000100000000000000
0000000000000000000000000000000000000001000000000000000000000000000100000000000000
0000000000000000000000000000000000000001000000000000000000000000000100000000000000
0000000000000000000000000000000000000001100000000000000000000000001100000000000000
0000000000000000000000000000000000000001111111111100000001111111111100000000000000
0000000000000000000000000000000000000000000000001100000001100000000000000000000000
0000000000000000000000000000000000000000000000001100000001100000000000000000000000
0000000000000000000000000000000000000000000000001100000001100000000000000000000000
0000000000000000000000000000000000000000000000001100000001100000000000000000000000
0000000000000000000000000000000000000000000000001100000001100000000000000000000000
0000000000000000000000000000000000000000000000001100000001100000000000000000000000
0000000000000000000000000000000000000000000000001100000001100000000000000000000000
0000000000000000000000000000000000000000000000001100000001100000000000000000000000
0000000000000000000000000000000000000000000000001111111111100000000000000000000000
0000000000000000000000000000000000000000000000001111111111100000000000000000000000
0000000000000000000000000000000000000000000000000000000000000000000000000000000000
0000000000000000000000000000000000000000000000000000000000000000000000000000000000
0000000000000000000000000000000000000000000000000000000000000000000000000000000000
0000000000000000000000000000000000000000000000000000000000000000000000000000000000
0000000000000000000000000000000000000000000000000000000000000000000000000000000000
0000000000000000000000000000000000000000000000000000000000000000000000000000000000
0000000000000000000000000000000000000000000000000000000000000000000000000000000000
0000000000000000000000000000000000000000000000000000000000000000000000000000000000
0000000000000000000000000000000000000000000000000000000000000000000000000000000000
0000000000000000000000000000000000000000000000000000000000000000000000000000000000
0000000000000000000000000000000000000000000000000000000000000000000000000000000000
0000000000000000000000000000000000000000000000000000000000000000000000000000000000
