2x1 Challenge Problem 06

0000000000000000000000000000000000000000000000000000000000000000000000000000000000
0000000000000000000000000000000000000000000000000000000000000000000000000000000000
0000000000000000000000000000000000000000000000000000000000000000000000000000000000
0000000000000000000000000000000000000000000000000000000000000000000000000000000000
0000000000000000000000000000000000000000000000000000000000000000000000000000000000
0000000000000000000000000000000000000000000000000000000011000000000000000000000000
0000000000000000000000000000000000000000000000000000001111100000000000000000000000
0000000000000000000000000000000000000000000000000000000000000000000000000000000000
0000000000000000000000000000000000000000000000000000000000000000000000000000000000
0000000000000000000000000000000000000000000000000000000000000000000000000000000000
0000000000000000000000000000000000000000000000000000000000000000000000000000000000
0000000000000000000000000000000000000000000000000000000000000000000000000000000000
0000000000000000000000000000000000000000000000000000000000000000000000000000000000
0000000000000000000000000000000000000000010000000000000000000000000110000000000000
0000000000000000000000000000000000000000110000000000000000000000011111000000000000
0000000000000000000000000000000000000000010000000000000000000001111111000000000000
0000000000000000000000000000000000000001001000000000000000000111100011000000000000
0000000000000000000000000000000000000011000100000000000000011110000011000000000000
0000000000000000000000000000000000000000000100000000000001111000000011000000000000
0000000000000000000000000000000000000000010100000000000111100000000011000000000000
0000000000000000000000000000000000000100001010000000011110000000000011000000000000
0000000000000000000000000000000000000000000011000001111000000000000011000000000000
0000000000000000000000000000000000000110000001000111100000000000000011000000000000
0000000000000000000000000000000000011110000001111110000000000000000011000000000000
0000000000000000000000000000000000011000000001111000000000000000000011000000100000
0000000000000000000000000000000000111000000111110000000000000000000011000000100000
0000000000000000000000000000000000110000011110010000000000000000000011000000000000
0000000000000000000000000000000001100001111000011000000000000000000011000000000000
0000000000000000000000000000000000100111100000001000000000000000000011000000000000
0000000000000000000000000000000011011110000000001100000000000000000011000000000000
0000000000000000000000000000000011111000000000000100000000000000000011000000000000
0000000000000000000000000000000111100000001000000110000000000000000011000000000000
0000000000000000000000000000011110000000000000000010000000000000000011000000000000
0000000000000000000000000011111100000000000001000000000000000000000011000000000000
0000000000000000000000000111101100000000000000000001000000000000000011000000000000
0000000000000000000000011110011000000000000000000001100000000000000011000000000000
0000000000000000000001111000011000000100000000000000100000000000000011000000000000
0000000000000000000111100000110000000110111111001000110000000000000011000000000000
0000000000000000011110000000110000111111000110110000010000000000000011000000000000
0000000000000001111000000001100001110001000000111100011000000000000011000000000000
0000000000000111100000000000100100000000000000001110001000001000000011000000000000
0000000000000111100000000001001010000000000000000011011100000000000011000000000000
0000000000000011110000000001011100000000000000000000101100000000000011000000000000
0000000000000000111100000100001000000000000000000001100110100000000011000000000000
0000000000000000001111000100110000000000000010000000110010000000000011000000000000
0000000000000000000011110000100000000000000000000000010011000000000011000000000000
0000000000000000000000111100100000000000000000000000011001000000000011000000000000
0000000000000000000000010111100000000000000010000000011001100000000011000000000000
0000010000000000000000010001110000000000000000000000001000100000000011000000000000
0000010000000000000000100001011100000000000000000000001100110000000011000000000000
0000010000000000000000100000000111000000000001000000001100010000000011000000000000
0000010000000000000001000000000001110000000001000000001100011000000011000000000000
0000010000000000000001100001000000011100000000000000000100001000000011000000000000
0000010000000000000001000000000000000111000000000000001000001100000011000000000000
0000010000000000000011000001000000000001110001000000001000000100000011000000000000
0000010000000000000000000001000000000000011100000000011000000110000011000000000000
0000010000000000000000000001100000000000000111000000011000000010000011000000000000
0000010000000000000100000000010000000000000001110000110000000011000011000000000000
0000010000000000000000000000010000000000000000111100110000000000000011000000000000
0000010000000000010000000000001000000000000000000111100000000001100011000000000000
0000000000000000001000000000001100000000000000000011110000000000000011000000000000
0000000000000000000000000000000100000000000000000110011100000000000011000000000000
0000000000000000000000000000000010100000000100011100000111000000000011000000000000
0000000000000000000000000000000001100000000001111000000001110000000011000000000000
0000000000000000000000000000000000000111001111100000000000011100000011000000000000
0000000000000000000000000000000000000010101100000000000000000111000011000000000000
0000000000000000000000000000000000000000000000000000000000000001110011000000000000
0000000000000100000000000000000000000000000000000000000000000000011111000000000000
0000000000000001100000000000011111111111101111111111110100000000000111000000000000
0000000000000000000000000000000111111011111111101111100010100000000000000000000000
0000000000000000000000000000000000000000000000000000000000000000000000000000000000
0000000000000000000000000000000000000000000000000000000000000000000000000000000000
0000000000000000000000000000000000000000000000000000000000000000000000000000000000
0000000000000000000000000000000000000000000000000000000000000000000000000000000000
0000000000000000000000000000000000000000000000000000000000000000000000000000000000
0000000000000000000000000000000000000000000000000000000000000000000000000000000000
0000000000000000000000000000000000000000000000000000000000000000000000000000000000
0000000000000000000000000000000000000000000000000000000000000000000000000000000000
0000000000000000000000000000000000000000000000000000000000000000000000000000000000
0000000000000000000000000000000000000000000000000000000000000000000000000000000000
0000000000000000000000000000000000000000000000000000000000000000000000000000000000
0000000000000000000000000000000000000000000000000000000000000000000000000000000000
