2x1 Classmates' Problem 02

0000000000000000000000000000000000000000000000000000000000000000000000000000000000
0000000000000000000000000000000000000000000000000000000000000000000000000000000000
0000000000000000000000000000000000000000000000000000000000000000000000000000000000
0000000000000000000000000000000000000000000000000000000000000000000000000000000000
0000000000000000000000000000000000000000000000000000000000000000000000000000000000
0000000000000000000000000000000000000000000000000000000000000000000000000000000000
0000000000000000000000000000000000000000000000000000000000000000000000000000000000
0000000000000000000000000000000000000000000000000000000000000000000000000000000000
0000000000000000000000000000000000000000000000000000000000000000000000000000000000
0000000000000000000000000000000000000000000000000000000000000000000000000000000000
0000000000000000000000000000000000000000000000000000000000000000000000000000000000
0000000000000000000000000000000000000000000000000000000000000000000000000000000000
0000000000000000000000000000000000000000000000000000000000000000000000000000000000
0000000000000000000000000000000000000000000000000000000000000000000000000000000000
0000000000000000000000000001000000000000100000000000000000000000000000000000000000
0000000000000000000000000010000000000000000000000000000000000000000000000000000000
0000000000000000000000000010000000000000000000000000000000000000000000000000000000
0000000000000000000000000000000000000000000000000000000000000000000000000000000000
0000000000000000000000001000000000000000000000000000000000000000000000000000000000
0000000000000000000000000000000000000000000000000000000000000000000000000000000000
0000000000000000000000000000000000000000000000000000000000000000000000000000000000
0000000000000000000000000000000000000000000000000000000000000000000000000000000000
0000000000000000000000000000000000000000000000000000000000000000000000000000000000
0000000000000000000000010000000000000000000000000000000000000000000000000000000000
0000000000000000000000001111111111111111111111111111111111000000000000000000000000
0000000000000000000000101111111111111111111111111111111111100000000000000000000000
0000000000000000000000001000000000000000000000000000000001100000000000000000000000
0000000000000000000000001000000000000000000000000000000001100000000000000000000000
0000000000000000000000001000000000000000000000000000000001100000000000000000000000
0000000000000000000000001000000000000000000000000000000001100000000000000000000000
0000000000000000000000001000000000000000110000000000000001100000000000000000000000
0000000000000000000000001000000000000000111000000000000001100000000000000000000000
0000000000000000000000001000000000000001111000000000000001100000000000000000000000
0000000000000000000000001000000000000001001100000000000001100000000000000000000000
0000000000000000000000001000000000000011001100000000000001100000000000000000000000
0000000000000000000000001000000000000011000110000000000001100000000000000000000000
0000000000000000000000001000000000000110000110000000000001100000000000000000000000
0000000000000000000000001000000000000110000011000000000001100000000000000000000000
0000000000000000000000001000000000001100000011000000000001100000000000000000000000
0000000000000000000000001000000000001100000001100000000001100000000000000000000000
0000000000000010000000001000000000011000000001100000000001100000000000000000000000
0000000000000010000000001000000000010000000000110000000001100000000000000000000000
0000000000000000000000001000000000110000000000110000000001100000000000000000000000
0000000000000000000000001000000000100000000000011000000001100000000000000000000000
0000000000000000000000001000000001100000000000011000000001100000000000000000000000
0000000000000000000000001000000001000000000000001100000001100000000000000000000000
0000000000000000000000001000000011000000000000001100000001100000000000000000000000
0000000000000000000000001000000010000000000000000110000001100000000000000000000000
0000000000000000000000001000000110000000000000000110000001100000000000000000000000
0000000000000000000000001000000100000000000000000011000001100000000000000000000000
0000000000000000000000001000001100000000000000000011000001100001000000000000000000
0000000000000000000000001000001111111111111111111111100001100000000000000000000000
0000000000000000000000001000011111111111111111111111100001100000000000000000000000
0000000000000000000010001000000000000000000000000000000001100000000000000000000000
0000000000000000000010001000000000000000000000000000000001100100000000000000000000
0000000000000000000000001000000000000000000000000000000001100000000000000000000000
0000000000000000000000001000000000000000000000000000000001100000000000000000000000
0000000000000000000000001111111111111111111111111111111111100000000000000000000000
0000000000000000000000001111111111111111111111111111111111000000000000000000000000
0000000000000000000000000000000000000000000000000000000000000000000000000000000000
0000000000000000000000000000000000000000000000000000000000000000000000000000000000
0000000000000000000000000000000000000000000000000000000000000000000000000000000000
0000000000000000000000000000000000000000000000000000000000000000000000000000000000
0000000000000000000000000000000000000000000000000000000000000000000000000000000000
0000000000000000000000000000000000000000000000000000000000000000000000000000000000
0000000000000000000000000000000000000000000000000000000000000000000000000000000000
0000000000000000000000000000000000000000000000000000000010000000000000000000000000
0000000000000000000000000001000000000000000000000000000000000000000000000000000000
0000000000000000000000000000000010000000000000000111000000000000000000000000000000
0000000000000000000000000000001011000000000000001111001000000000000000000000000000
0000000000000000000000000000000000000000000000000000000000000000000000000000000000
0000000000000000000000000000000000000000000000000000000000000000000000000000000000
0000000000000000000000000000000000000000000000000000000000000000000000000000000000
0000000000000000000000000000000000000000000000000000000000000000000000000000000000
0000000000000000000000000000000000000000000000000000000000000000000000000000000000
0000000000000000000000000000000000000000000000000000000000000000000000000000000000
0000000000000000000000000000000000000000000000000000000000000000000000000000000000
0000000000000000000000000000000000000000000000000000000000000000000000000000000000
0000000000000000000000000000000000000000000000000000000000000000000000000000000000
0000000000000000000000000000000000000000000000000000000000000000000000000000000000
0000000000000000000000000000000000000000000000000000000000000000000000000000000000
0000000000000000000000000000000000000000000000000000000000000000000000000000000000
