2x1 Basic Problem 15

0000000000000000000000000000000000000000000000000000000000000000000000000000000000
0000000000000000000000000000000000000000000000000000000000000000000000000000000000
0000000000000000000000000000000000000000000000000000000000000000000000000000000000
0000000000000000000000000000000000000000000000000000000000000000000000000000000000
0000000000000000000000000000000000000000000000000000000000000000000000000000000000
0000110000000000000000000000000000000000000000000011000000000000000000000000000000
0000111100000000000000000000000000000000000000000011110000000000000000000000000000
0000101111000000000000000000000000000000000000000010111100000000000000000000000000
0000100011110000000000000000000000000000000000000010001111000000000000000000000000
0000100000111100000000000000000000000000000000000010000011110000000000000000000000
0000100000001111000000000000000000000000000000000010000000111100000000000000000000
0000100000000011110000000000000000000000000000000010000000001111000000000000000000
0000100000000000111100000000000000000000000000000010000000000011110000000000000000
0000100000000000001111000000000000000000000000000010000000000000111100000000000000
0000100000000000000011110000000000000000000000000010000000000000001111000000000000
0000100000000000000000111100000000000000000000000010000000000000000011110000000000
0000100000000000000000001111000000000000000000000010000000000000000000111100000000
0000100000000000000000000011110000000000000000000010000000000000000000001111000000
0000100000000000000000000000111100000000000000000010000000000000000000000011110000
0000100000000000000000000000001110000000000000000010000000000000000000000000111000
0000100000000000000000000000111100000000000000000010000000000000000000000011110000
0000100000000000000000000011110000000000000000000010000000000000000000001111000000
0000100000000000000000001111000000000000000000000010000000000000000000111100000000
0000100000000000000000111100000000000000000000000010000000000000000011110000000000
0000100000000000000011110000000000000000000000000010000000000000001111000000000000
0000100000000000001111000000000000000000000000000010000000000000111100000000000000
0000100000000000111100000000000000000000000000000010000000000011110000000000000000
0000100000000011110000000000000000000000000000000010000000001111000000000000000000
0000100000001111000000000000000000000000000000000010000000111100000000000000000000
0000100000111100000000000000000000000000000000000010000011110000000000000000000000
0000100011110000000000000000000000000000000000000010001111000000000000000000000000
0000101111000000000000000000000000000000000000000010111100000000000000000000000000
0000111100000000000000000000000000000000000000000011110000000000000000000000000000
0000110000000000000000000000000000000000000000000011000000000000000000000000000000
0000000000000000000000000000000000000000000000000000000000000000000000000000000000
0000000000000000000000000000000000000000000000000000000000000000000000000000000000
0000000000000000000000000000000000000000000000000000000000000000000000000000000000
0000000000000000000000000000000000000000000000000000000000000000000000000000000000
0000000000000000000000000000000000000000000000000000000000000000000000000000000000
0000000000000000000000000000000000000000000000000000000000000000000000000000000000
0000000000000000000000000000000000000000000000000000000000000000000000000000000000
0000000000000000000000000000000000000000000000000000000000000000000000000000000000
0000000000000000000000000000000000000000000000000000000000000000000000000000000000
0000000000000000000000000000000000000000000000000000000000000000000000000000000000
0000000000000000000000000000000000000000000000000000000000000000000000000000000000
0000000000000000000000000000000000000000000000000000000000000000000000000000000000
0000000000000000000000000000000000000000000000000000000000000000000000000000000000
0000000000000000000000000000000000000000000000000000000000000000000000000000000000
0000000000000000000000000000000000000000000000000000000000000000000000000000000000
0000000000000000000000000000000000000000000000000000000000000000000000000000000000
0000000000000000000000000000000000000000000000000000000000000000000000000000000000
0000000000000000000000000000000000000000000000000000000000000000000000000000000000
0000000000000000000000000000000000000000000000000000000000000000000000000000000000
0000000000000000000000000000000000000000000000000000000000000000000000000000000000
0000000000000000000000000000000000000000000000000000000000000000000000000000000000
0000000000000000000000000000000000000000000000000000000000000000000000000000000000
0000000000000000000000000000000000000000000000000000000000000000000000000000000000
0000000000000000000000000000000000000000000000000000000000000000000000000000000000
0000000000000000000000000000000000000000000000000000000000000000000000000000000000
0000000000000000000000000000000000000000000000000000000000000000000000000000000000
0000000000000000000000000000000000000000000000000000000000000000000000000000000000
0000000000000000000000000000000000000000000000000000000000000000000000000000000000
0000000000000000000000000000000000000000000000000000000000000000000000000000000000
0000000000000000000000000000000000000000000000000000000000000000000000000000000000
0000000000000000000000000000000000000000000000000000000000000000000000000000000000
0000000000000000000000000000000000000000000000000000000000000000000000000000000000
0000000000000000000000000000000000000000000000000000000000000000000000000000000000
0000000000000000000000000000000000000000000000000000000000000000000000000000000000
0000000000000000000000000000000000000000000000000000000000000000000000000000000000
0000000000000000000000000000000000000000000000000000000000000000000000000000000000
0000000000000000000000000000000000000000000000000000000000000000000000000000000000
0000000000000000000000000000000000000000000000000000000000000000000000000000000000
0000000000000000000000000000000000000000000000000000000000000000000000000000000000
0000000000000000000000000000000000000000000000000000000000000000000000000000000000
0000000000000000000000000000000000000000000000000000000000000000000000000000000000
0000000000000000000000000000000000000000000000000000000000000000000000000000000000
0000000000000000000000000000000000000000000000000000000000000000000000000000000000
0000000000000000000000000000000000000000000000000000000000000000000000000000000000
0000000000000000000000000000000000000000000000000000000000000000000000000000000000
0000000000000000000000000000000000000000000000000000000000000000000000000000000000
0000000000000000000000000000000000000000000000000000000000000000000000000000000000
0000000000000000000000000000000000000000000000000000000000000000000000000000000000
