== Attributes ==
title=27_rectangle_v1_v2
type= 2x2
result=6
window_size=(75, 75)

== Input ==
000000000000000000000000000000000000000000000000000000000000000000000000000
000000000000000000000000000000000000000000000000000000000000000000000000000
000000000000000000000000000000000000000000000000000000000000000000000000000
000000000000000000000000000000000000000000000000000000000000000000000000000
000000000000000000000000000000000000000000000000000000000000000000000000000
000000000000000000000000000000000000000000000000000000000000000000000000000
000000000000000000000000000000000000000000000000000000000000000000000000000
000000000000000000000000000000000000000000000000000000000000000000000000000
000000000000000000000000000000000000000000000000000000000000000000000000000
000000000000000000000000000000000000000000000000000000000000000000000000000
000000000000000000000000000000000000000000000000000000000000000000000000000
000000000000000000000000000000000000000000000000000000000000000000000000000
000000000000000000000000000000000000000000000000000000000000000000000000000
000000000000000000000000000000000000000000000000000000000000000000000000000
000000000000000000000000000000000000000000000000000000000000000000000000000
000000000000000000000000000000000000000000000000000000000000000000000000000
000000000000000000000000000000000000000000000000000000000000000000000000000
000000000000000000000000000000000000000000000000000000000000000000000000000
000000000000000000000000000000000000000000000000000000000000000000000000000
000000000000000000000000000000000000000000000000000000000000000000000000000
000000000000000000000000000000000000000000000000000000000000000000000000000
000000000000000000000000000000000000000000000000000000000000000000000000000
000000000000000000000000000000000000000000000000000000000000000000000000000
000000000000000000000000000000000000000000000000000000000000000000000000000
000000000000000000000000000000000000000000000000000000000000000000000000000
000000000000000000000000000000000000000000000000000000000000000000000000000
000000000000000000000000000000000000000000000000000000000000000000000000000
000000000000000000000000000000011111111111110000000000000000000000000000000
000000000000000000000000000000011111111111110000000000000000000000000000000
000000000000000000000000000000011111100000110000000000000000000000000000000
000000000000000000000000000000011111100000110000000000000000000000000000000
000000000000000000000000000000011111100000110000000000000000000000000000000
000000000000000000000000000000011111100000110000000000000000000000000000000
000000000000000000000000000000011111100000110000000000000000000000000000000
000000000000000000000000000000011111100000110000000000000000000000000000000
000000000000000000000000000000011111100000110000000000000000000000000000000
000000000000000000000000000000011111100000110000000000000000000000000000000
000000000000000000000000000000011111100000110000000000000000000000000000000
000000000000000000000000000000011111100000110000000000000000000000000000000
000000000000000000000000000000011111100000110000000000000000000000000000000
000000000000000000000000000000011111100000110000000000000000000000000000000
000000000000000000000000000000011111100000110000000000000000000000000000000
000000000000000000000000000000011111100000110000000000000000000000000000000
000000000000000000000000000000011111100000110000000000000000000000000000000
000000000000000000000000000000011111100000110000000000000000000000000000000
000000000000000000000000000000011111100000110000000000000000000000000000000
000000000000000000000000000000011111111111110000000000000000000000000000000
000000000000000000000000000000011111111111110000000000000000000000000000000
000000000000000000000000000000000000000000000000000000000000000000000000000
000000000000000000000000000000000000000000000000000000000000000000000000000
000000000000000000000000000000000000000000000000000000000000000000000000000
000000000000000000000000000000000000000000000000000000000000000000000000000
000000000000000000000000000000000000000000000000000000000000000000000000000
000000000000000000000000000000000000000000000000000000000000000000000000000
000000000000000000000000000000000000000000000000000000000000000000000000000
000000000000000000000000000000000000000000000000000000000000000000000000000
000000000000000000000000000000000000000000000000000000000000000000000000000
000000000000000000000000000000000000000000000000000000000000000000000000000
000000000000000000000000000000000000000000000000000000000000000000000000000
000000000000000000000000000000000000000000000000000000000000000000000000000
000000000000000000000000000000000000000000000000000000000000000000000000000
000000000000000000000000000000000000000000000000000000000000000000000000000
000000000000000000000000000000000000000000000000000000000000000000000000000
000000000000000000000000000000000000000000000000000000000000000000000000000
000000000000000000000000000000000000000000000000000000000000000000000000000
000000000000000000000000000000000000000000000000000000000000000000000000000
000000000000000000000000000000000000000000000000000000000000000000000000000
000000000000000000000000000000000000000000000000000000000000000000000000000
000000000000000000000000000000000000000000000000000000000000000000000000000
000000000000000000000000000000000000000000000000000000000000000000000000000
000000000000000000000000000000000000000000000000000000000000000000000000000
000000000000000000000000000000000000000000000000000000000000000000000000000
000000000000000000000000000000000000000000000000000000000000000000000000000
000000000000000000000000000000000000000000000000000000000000000000000000000
000000000000000000000000000000000000000000000000000000000000000000000000000

000000000000000000000000000000000000000000000000000000000000000000000000000
000000000000000000000000000000000000000000000000000000000000000000000000000
000000000000000000000000000000000000000000000000000000000000000000000000000
000000000000000000000000000000000000000000000000000000000000000000000000000
000000000000000000000000000000000000000000000000000000000000000000000000000
000000000000000000000000000000000000000000000000000000000000000000000000000
000000000000000000000000000000000000000000000000000000000000000000000000000
000000000000000000000000000000000000000000000000000000000000000000000000000
000000000000000000000000000000000000000000000000000000000000000000000000000
000000000000000000000000000000000000000000000000000000000000000000000000000
000000000000000000000000000000000000000000000000000000000000000000000000000
000000000000000000000000000000000000000000000000000000000000000000000000000
000000000000000000000000000000000000000000000000000000000000000000000000000
000000000000000000000000000000000000000000000000000000000000000000000000000
000000000000000000000000000000000000000000000000000000000000000000000000000
000000000000000000000000000000000000000000000000000000000000000000000000000
000000000000000000000000000000000000000000000000000000000000000000000000000
000000000000000000000000000000000000000000000000000000000000000000000000000
000000000000000000000000000000000000000000000000000000000000000000000000000
000000000000000000000000000000000000000000000000000000000000000000000000000
000000000000000000000000000000000000000000000000000000000000000000000000000
000000000000000000000000000000000000000000000000000000000000000000000000000
000000000000000000000000000000000000000000000000000000000000000000000000000
000000000000000000000000000000000000000000000000000000000000000000000000000
000000000000000000000000000000000000000000000000000000000000000000000000000
000000000000000000000000000000000000000000000000000000000000000000000000000
000000000000000000000000000000000000000000000000000000000000000000000000000
000000000000000000000000000000011111111111110000000000000000000000000000000
000000000000000000000000000000011111111111110000000000000000000000000000000
000000000000000000000000000000011000011111110000000000000000000000000000000
000000000000000000000000000000011000011111110000000000000000000000000000000
000000000000000000000000000000011000011111110000000000000000000000000000000
000000000000000000000000000000011000011111110000000000000000000000000000000
000000000000000000000000000000011000011111110000000000000000000000000000000
000000000000000000000000000000011000011111110000000000000000000000000000000
000000000000000000000000000000011000011111110000000000000000000000000000000
000000000000000000000000000000011000011111110000000000000000000000000000000
000000000000000000000000000000011000011111110000000000000000000000000000000
000000000000000000000000000000011000011111110000000000000000000000000000000
000000000000000000000000000000011000011111110000000000000000000000000000000
000000000000000000000000000000011000011111110000000000000000000000000000000
000000000000000000000000000000011000011111110000000000000000000000000000000
000000000000000000000000000000011000011111110000000000000000000000000000000
000000000000000000000000000000011000011111110000000000000000000000000000000
000000000000000000000000000000011000011111110000000000000000000000000000000
000000000000000000000000000000011000011111110000000000000000000000000000000
000000000000000000000000000000011111111111110000000000000000000000000000000
000000000000000000000000000000011111111111110000000000000000000000000000000
000000000000000000000000000000000000000000000000000000000000000000000000000
000000000000000000000000000000000000000000000000000000000000000000000000000
000000000000000000000000000000000000000000000000000000000000000000000000000
000000000000000000000000000000000000000000000000000000000000000000000000000
000000000000000000000000000000000000000000000000000000000000000000000000000
000000000000000000000000000000000000000000000000000000000000000000000000000
000000000000000000000000000000000000000000000000000000000000000000000000000
000000000000000000000000000000000000000000000000000000000000000000000000000
000000000000000000000000000000000000000000000000000000000000000000000000000
000000000000000000000000000000000000000000000000000000000000000000000000000
000000000000000000000000000000000000000000000000000000000000000000000000000
000000000000000000000000000000000000000000000000000000000000000000000000000
000000000000000000000000000000000000000000000000000000000000000000000000000
000000000000000000000000000000000000000000000000000000000000000000000000000
000000000000000000000000000000000000000000000000000000000000000000000000000
000000000000000000000000000000000000000000000000000000000000000000000000000
000000000000000000000000000000000000000000000000000000000000000000000000000
000000000000000000000000000000000000000000000000000000000000000000000000000
000000000000000000000000000000000000000000000000000000000000000000000000000
000000000000000000000000000000000000000000000000000000000000000000000000000
000000000000000000000000000000000000000000000000000000000000000000000000000
000000000000000000000000000000000000000000000000000000000000000000000000000
000000000000000000000000000000000000000000000000000000000000000000000000000
000000000000000000000000000000000000000000000000000000000000000000000000000
000000000000000000000000000000000000000000000000000000000000000000000000000
000000000000000000000000000000000000000000000000000000000000000000000000000
000000000000000000000000000000000000000000000000000000000000000000000000000

000000000000000000000000000000000000000000000000000000000000000000000000000
000000000000000000000000000000000000000000000000000000000000000000000000000
000000000000000000000000000000000000000000000000000000000000000000000000000
000000000000000000000000000000000000000000000000000000000000000000000000000
000000000000000000000000000000000000000000000000000000000000000000000000000
000000000000000000000000000000000000000000000000000000000000000000000000000
000000000000000000000000000000000000000000000000000000000000000000000000000
000000000000000000000000000000000000000000000000000000000000000000000000000
000000000000000000000000000000000000000000000000000000000000000000000000000
000000000000000000000000000000000000000000000000000000000000000000000000000
000000000000000000000000000000000000000000000000000000000000000000000000000
000000000000000000000000000000000000000000000000000000000000000000000000000
000000000000000000000000000000000000000000000000000000000000000000000000000
000000000000000000000000000000000000000000000000000000000000000000000000000
000000000000000000000000000000000000000000000000000000000000000000000000000
000000000000000000000000000000000000000000000000000000000000000000000000000
000000000000000000000000000000000000000000000000000000000000000000000000000
000000000000000000000000000000000000000000000000000000000000000000000000000
000000000000000000000000000000000000000000000000000000000000000000000000000
000000000000000000000000000000000000000000000000000000000000000000000000000
000000000000000000000000000000000000000000000000000000000000000000000000000
000000000000000000000000000000000000000000000000000000000000000000000000000
000000000000000000000000000000000000000000000000000000000000000000000000000
000000000000000000000000000000000000000000000000000000000000000000000000000
000000000000000000000000000000000000000000000000000000000000000000000000000
000000000000000000000000000000000000000000000000000000000000000000000000000
000000000000000000000000000000000000000000000000000000000000000000000000000
000000000000000000000000000000011111111111110000000000000000000000000000000
000000000000000000000000000000011111111111110000000000000000000000000000000
000000000000000000000000000000011111100000110000000000000000000000000000000
000000000000000000000000000000011111100000110000000000000000000000000000000
000000000000000000000000000000011111100000110000000000000000000000000000000
000000000000000000000000000000011111100000110000000000000000000000000000000
000000000000000000000000000000011111100000110000000000000000000000000000000
000000000000000000000000000000011111100000110000000000000000000000000000000
000000000000000000000000000000011111100000110000000000000000000000000000000
000000000000000000000000000000011111100000110000000000000000000000000000000
000000000000000000000000000000011111100000110000000000000000000000000000000
000000000000000000000000000000011111100000110000000000000000000000000000000
000000000000000000000000000000011111100000110000000000000000000000000000000
000000000000000000000000000000011111100000110000000000000000000000000000000
000000000000000000000000000000011111100000110000000000000000000000000000000
000000000000000000000000000000011111100000110000000000000000000000000000000
000000000000000000000000000000011111100000110000000000000000000000000000000
000000000000000000000000000000011111100000110000000000000000000000000000000
000000000000000000000000000000011111100000110000000000000000000000000000000
000000000000000000000000000000011111111111110000000000000000000000000000000
000000000000000000000000000000011111111111110000000000000000000000000000000
000000000000000000000000000000000000000000000000000000000000000000000000000
000000000000000000000000000000000000000000000000000000000000000000000000000
000000000000000000000000000000000000000000000000000000000000000000000000000
000000000000000000000000000000000000000000000000000000000000000000000000000
000000000000000000000000000000000000000000000000000000000000000000000000000
000000000000000000000000000000000000000000000000000000000000000000000000000
000000000000000000000000000000000000000000000000000000000000000000000000000
000000000000000000000000000000000000000000000000000000000000000000000000000
000000000000000000000000000000000000000000000000000000000000000000000000000
000000000000000000000000000000000000000000000000000000000000000000000000000
000000000000000000000000000000000000000000000000000000000000000000000000000
000000000000000000000000000000000000000000000000000000000000000000000000000
000000000000000000000000000000000000000000000000000000000000000000000000000
000000000000000000000000000000000000000000000000000000000000000000000000000
000000000000000000000000000000000000000000000000000000000000000000000000000
000000000000000000000000000000000000000000000000000000000000000000000000000
000000000000000000000000000000000000000000000000000000000000000000000000000
000000000000000000000000000000000000000000000000000000000000000000000000000
000000000000000000000000000000000000000000000000000000000000000000000000000
000000000000000000000000000000000000000000000000000000000000000000000000000
000000000000000000000000000000000000000000000000000000000000000000000000000
000000000000000000000000000000000000000000000000000000000000000000000000000
000000000000000000000000000000000000000000000000000000000000000000000000000
000000000000000000000000000000000000000000000000000000000000000000000000000
000000000000000000000000000000000000000000000000000000000000000000000000000
000000000000000000000000000000000000000000000000000000000000000000000000000
000000000000000000000000000000000000000000000000000000000000000000000000000

== Output ==
000000000000000000000000000000000000000000000000000000000000000000000000000
000000000000000000000000000000000000000000000000000000000000000000000000000
000000000000000000000000000000000000000000000000000000000000000000000000000
000000000000000000000000000000000000000000000000000000000000000000000000000
000000000000000000000000000000000000000000000000000000000000000000000000000
000000000000000000000000000000000000000000000000000000000000000000000000000
000000000000000000000000000000000000000000000000000000000000000000000000000
000000000000000000000000000000000000000000000000000000000000000000000000000
000000000000000000000000000000000000000000000000000000000000000000000000000
000000000000000000000000000000000000000000000000000000000000000000000000000
000000000000000000000000000000000000000000000000000000000000000000000000000
000000000000000000000000000000000000000000000000000000000000000000000000000
000000000000000000000000000000000000000000000000000000000000000000000000000
000000000000000000000000000000000000000000000000000000000000000000000000000
000000000000000000000000000000000000000000000000000000000000000000000000000
000000000000000000000000000000000000000000000000000000000000000000000000000
000000000000000000000000000000000000000000000000000000000000000000000000000
000000000000000000000000000000000000000000000000000000000000000000000000000
000000000000000000000000000000000000000000000000000000000000000000000000000
000000000000000000000000000000000000000000000000000000000000000000000000000
000000000000000000000000000000000000000000000000000000000000000000000000000
000000000000000000000000000000000000000000000000000000000000000000000000000
000000000000000000000000000000000000000000000000000000000000000000000000000
000000000000000000000000000000000000000000000000000000000000000000000000000
000000000000000000000000000000000000000000000000000000000000000000000000000
000000000000000000000000000000000000000000000000000000000000000000000000000
000000000000000000000000000000000000000000000000000000000000000000000000000
000000000000000000000000000000000000000000000000000000000000000000000000000
000000000000000000000000000000000000000000000000000000000000000000000000000
000000000000000000000000000001111111111111111100000000000000000000000000000
000000000000000000000000000001111111111111111100000000000000000000000000000
000000000000000000000000000001100000011111111100000000000000000000000000000
000000000000000000000000000001100000011111111100000000000000000000000000000
000000000000000000000000000001100000011111111100000000000000000000000000000
000000000000000000000000000001100000011111111100000000000000000000000000000
000000000000000000000000000001100000011111111100000000000000000000000000000
000000000000000000000000000001100000011111111100000000000000000000000000000
000000000000000000000000000001100000011111111100000000000000000000000000000
000000000000000000000000000001100000011111111100000000000000000000000000000
000000000000000000000000000001100000011111111100000000000000000000000000000
000000000000000000000000000001100000011111111100000000000000000000000000000
000000000000000000000000000001100000011111111100000000000000000000000000000
000000000000000000000000000001100000011111111100000000000000000000000000000
000000000000000000000000000001100000011111111100000000000000000000000000000
000000000000000000000000000001111111111111111100000000000000000000000000000
000000000000000000000000000001111111111111111100000000000000000000000000000
000000000000000000000000000000000000000000000000000000000000000000000000000
000000000000000000000000000000000000000000000000000000000000000000000000000
000000000000000000000000000000000000000000000000000000000000000000000000000
000000000000000000000000000000000000000000000000000000000000000000000000000
000000000000000000000000000000000000000000000000000000000000000000000000000
000000000000000000000000000000000000000000000000000000000000000000000000000
000000000000000000000000000000000000000000000000000000000000000000000000000
000000000000000000000000000000000000000000000000000000000000000000000000000
000000000000000000000000000000000000000000000000000000000000000000000000000
000000000000000000000000000000000000000000000000000000000000000000000000000
000000000000000000000000000000000000000000000000000000000000000000000000000
000000000000000000000000000000000000000000000000000000000000000000000000000
000000000000000000000000000000000000000000000000000000000000000000000000000
000000000000000000000000000000000000000000000000000000000000000000000000000
000000000000000000000000000000000000000000000000000000000000000000000000000
000000000000000000000000000000000000000000000000000000000000000000000000000
000000000000000000000000000000000000000000000000000000000000000000000000000
000000000000000000000000000000000000000000000000000000000000000000000000000
000000000000000000000000000000000000000000000000000000000000000000000000000
000000000000000000000000000000000000000000000000000000000000000000000000000
000000000000000000000000000000000000000000000000000000000000000000000000000
000000000000000000000000000000000000000000000000000000000000000000000000000
000000000000000000000000000000000000000000000000000000000000000000000000000
000000000000000000000000000000000000000000000000000000000000000000000000000
000000000000000000000000000000000000000000000000000000000000000000000000000
000000000000000000000000000000000000000000000000000000000000000000000000000
000000000000000000000000000000000000000000000000000000000000000000000000000
000000000000000000000000000000000000000000000000000000000000000000000000000
000000000000000000000000000000000000000000000000000000000000000000000000000

000000000000000000000000000000000000000000000000000000000000000000000000000
000000000000000000000000000000000000000000000000000000000000000000000000000
000000000000000000000000000000000000000000000000000000000000000000000000000
000000000000000000000000000000000000000000000000000000000000000000000000000
000000000000000000000000000000000000000000000000000000000000000000000000000
000000000000000000000000000000000000000000000000000000000000000000000000000
000000000000000000000000000000000000000000000000000000000000000000000000000
000000000000000000000000000000000000000000000000000000000000000000000000000
000000000000000000000000000000000000000000000000000000000000000000000000000
000000000000000000000000000000000000000000000000000000000000000000000000000
000000000000000000000000000000000000000000000000000000000000000000000000000
000000000000000000000000000000000000000000000000000000000000000000000000000
000000000000000000000000000000000000000000000000000000000000000000000000000
000000000000000000000000000000000000000000000000000000000000000000000000000
000000000000000000000000000000000000000000000000000000000000000000000000000
000000000000000000000000000000000000000000000000000000000000000000000000000
000000000000000000000000000000000000000000000000000000000000000000000000000
000000000000000000000000000000000000000000000000000000000000000000000000000
000000000000000000000000000000000000000000000000000000000000000000000000000
000000000000000000000000000000000000000000000000000000000000000000000000000
000000000000000000000000000000000000000000000000000000000000000000000000000
000000000000000000000000000000000000000000000000000000000000000000000000000
000000000000000000000000000000000000000000000000000000000000000000000000000
000000000000000000000000000000000000000000000000000000000000000000000000000
000000000000000000000000000000000000000000000000000000000000000000000000000
000000000000000000000000000000000000000000000000000000000000000000000000000
000000000000000000000000000000000000010000000000000000000000000000000000000
000000000000000000000000000000000111111111000000000000000000000000000000000
000000000000000000000000000000011111111111110000000000000000000000000000000
000000000000000000000000000000111000011111111000000000000000000000000000000
000000000000000000000000000001110000011111111100000000000000000000000000000
000000000000000000000000000011100000011111111110000000000000000000000000000
000000000000000000000000000011000000011111111110000000000000000000000000000
000000000000000000000000000110000000011111111111000000000000000000000000000
000000000000000000000000000110000000011111111111000000000000000000000000000
000000000000000000000000000110000000011111111111000000000000000000000000000
000000000000000000000000000110000000011111111111000000000000000000000000000
000000000000000000000000001110000000011111111111100000000000000000000000000
000000000000000000000000000110000000011111111111000000000000000000000000000
000000000000000000000000000110000000011111111111000000000000000000000000000
000000000000000000000000000110000000011111111111000000000000000000000000000
000000000000000000000000000110000000011111111111000000000000000000000000000
000000000000000000000000000011000000011111111110000000000000000000000000000
000000000000000000000000000011100000011111111110000000000000000000000000000
000000000000000000000000000001110000011111111100000000000000000000000000000
000000000000000000000000000000111000011111111000000000000000000000000000000
000000000000000000000000000000011111111111110000000000000000000000000000000
000000000000000000000000000000000111111111000000000000000000000000000000000
000000000000000000000000000000000000010000000000000000000000000000000000000
000000000000000000000000000000000000000000000000000000000000000000000000000
000000000000000000000000000000000000000000000000000000000000000000000000000
000000000000000000000000000000000000000000000000000000000000000000000000000
000000000000000000000000000000000000000000000000000000000000000000000000000
000000000000000000000000000000000000000000000000000000000000000000000000000
000000000000000000000000000000000000000000000000000000000000000000000000000
000000000000000000000000000000000000000000000000000000000000000000000000000
000000000000000000000000000000000000000000000000000000000000000000000000000
000000000000000000000000000000000000000000000000000000000000000000000000000
000000000000000000000000000000000000000000000000000000000000000000000000000
000000000000000000000000000000000000000000000000000000000000000000000000000
000000000000000000000000000000000000000000000000000000000000000000000000000
000000000000000000000000000000000000000000000000000000000000000000000000000
000000000000000000000000000000000000000000000000000000000000000000000000000
000000000000000000000000000000000000000000000000000000000000000000000000000
000000000000000000000000000000000000000000000000000000000000000000000000000
000000000000000000000000000000000000000000000000000000000000000000000000000
000000000000000000000000000000000000000000000000000000000000000000000000000
000000000000000000000000000000000000000000000000000000000000000000000000000
000000000000000000000000000000000000000000000000000000000000000000000000000
000000000000000000000000000000000000000000000000000000000000000000000000000
000000000000000000000000000000000000000000000000000000000000000000000000000
000000000000000000000000000000000000000000000000000000000000000000000000000
000000000000000000000000000000000000000000000000000000000000000000000000000
000000000000000000000000000000000000000000000000000000000000000000000000000
000000000000000000000000000000000000000000000000000000000000000000000000000

000000000000000000000000000000000000000000000000000000000000000000000000000
000000000000000000000000000000000000000000000000000000000000000000000000000
000000000000000000000000000000000000000000000000000000000000000000000000000
000000000000000000000000000000000000000000000000000000000000000000000000000
000000000000000000000000000000000000000000000000000000000000000000000000000
000000000000000000000000000000000000000000000000000000000000000000000000000
000000000000000000000000000000000000000000000000000000000000000000000000000
000000000000000000000000000000000000000000000000000000000000000000000000000
000000000000000000000000000000000000000000000000000000000000000000000000000
000000000000000000000000000000000000000000000000000000000000000000000000000
000000000000000000000000000000000000000000000000000000000000000000000000000
000000000000000000000000000000000000000000000000000000000000000000000000000
000000000000000000000000000000000000000000000000000000000000000000000000000
000000000000000000000000000000000000000000000000000000000000000000000000000
000000000000000000000000000000000000000000000000000000000000000000000000000
000000000000000000000000000000000000000000000000000000000000000000000000000
000000000000000000000000000000000000000000000000000000000000000000000000000
000000000000000000000000000000000000000000000000000000000000000000000000000
000000000000000000000000000000000000000000000000000000000000000000000000000
000000000000000000000000000000000000000000000000000000000000000000000000000
000000000000000000000000000000000000000000000000000000000000000000000000000
000000000000000000000000000000000000000000000000000000000000000000000000000
000000000000000000000000000000000000000000000000000000000000000000000000000
000000000000000000000000000000000000000000000000000000000000000000000000000
000000000000000000000000000000000000000000000000000000000000000000000000000
000000000000000000000000000000000000000000000000000000000000000000000000000
000000000000000000000000000000000000000000000000000000000000000000000000000
000000000000000000000000000000000000000000000000000000000000000000000000000
000000000000000000000000000000000000000000000000000000000000000000000000000
000000000000000000000000000000000000000000000000000000000000000000000000000
000000000000000000000000000000000000000000000000000000000000000000000000000
000000000000000000000000000000000000010000000000000000000000000000000000000
000000000000000000000000000000000000111000000000000000000000000000000000000
000000000000000000000000000000000001111100000000000000000000000000000000000
000000000000000000000000000000000011011110000000000000000000000000000000000
000000000000000000000000000000000110011111000000000000000000000000000000000
000000000000000000000000000000001100011111100000000000000000000000000000000
000000000000000000000000000000011000011111110000000000000000000000000000000
000000000000000000000000000000110000011111111000000000000000000000000000000
000000000000000000000000000001100000011111111100000000000000000000000000000
000000000000000000000000000011000000011111111110000000000000000000000000000
000000000000000000000000000111111111111111111111000000000000000000000000000
000000000000000000000000001111111111111111111111100000000000000000000000000
000000000000000000000000000000000000000000000000000000000000000000000000000
000000000000000000000000000000000000000000000000000000000000000000000000000
000000000000000000000000000000000000000000000000000000000000000000000000000
000000000000000000000000000000000000000000000000000000000000000000000000000
000000000000000000000000000000000000000000000000000000000000000000000000000
000000000000000000000000000000000000000000000000000000000000000000000000000
000000000000000000000000000000000000000000000000000000000000000000000000000
000000000000000000000000000000000000000000000000000000000000000000000000000
000000000000000000000000000000000000000000000000000000000000000000000000000
000000000000000000000000000000000000000000000000000000000000000000000000000
000000000000000000000000000000000000000000000000000000000000000000000000000
000000000000000000000000000000000000000000000000000000000000000000000000000
000000000000000000000000000000000000000000000000000000000000000000000000000
000000000000000000000000000000000000000000000000000000000000000000000000000
000000000000000000000000000000000000000000000000000000000000000000000000000
000000000000000000000000000000000000000000000000000000000000000000000000000
000000000000000000000000000000000000000000000000000000000000000000000000000
000000000000000000000000000000000000000000000000000000000000000000000000000
000000000000000000000000000000000000000000000000000000000000000000000000000
000000000000000000000000000000000000000000000000000000000000000000000000000
000000000000000000000000000000000000000000000000000000000000000000000000000
000000000000000000000000000000000000000000000000000000000000000000000000000
000000000000000000000000000000000000000000000000000000000000000000000000000
000000000000000000000000000000000000000000000000000000000000000000000000000
000000000000000000000000000000000000000000000000000000000000000000000000000
000000000000000000000000000000000000000000000000000000000000000000000000000
000000000000000000000000000000000000000000000000000000000000000000000000000
000000000000000000000000000000000000000000000000000000000000000000000000000
000000000000000000000000000000000000000000000000000000000000000000000000000
000000000000000000000000000000000000000000000000000000000000000000000000000
000000000000000000000000000000000000000000000000000000000000000000000000000
000000000000000000000000000000000000000000000000000000000000000000000000000

000000000000000000000000000000000000000000000000000000000000000000000000000
000000000000000000000000000000000000000000000000000000000000000000000000000
000000000000000000000000000000000000000000000000000000000000000000000000000
000000000000000000000000000000000000000000000000000000000000000000000000000
000000000000000000000000000000000000000000000000000000000000000000000000000
000000000000000000000000000000000000000000000000000000000000000000000000000
000000000000000000000000000000000000000000000000000000000000000000000000000
000000000000000000000000000000000000000000000000000000000000000000000000000
000000000000000000000000000000000000000000000000000000000000000000000000000
000000000000000000000000000000000000000000000000000000000000000000000000000
000000000000000000000000000000000000000000000000000000000000000000000000000
000000000000000000000000000000000000000000000000000000000000000000000000000
000000000000000000000000000000000000000000000000000000000000000000000000000
000000000000000000000000000000000000000000000000000000000000000000000000000
000000000000000000000000000000000000000000000000000000000000000000000000000
000000000000000000000000000000000000000000000000000000000000000000000000000
000000000000000000000000000000000000000000000000000000000000000000000000000
000000000000000000000000000000000000000000000000000000000000000000000000000
000000000000000000000000000000000000000000000000000000000000000000000000000
000000000000000000000000000000000000000000000000000000000000000000000000000
000000000000000000000000000000000000000000000000000000000000000000000000000
000000000000000000000000000000000000000000000000000000000000000000000000000
000000000000000000000000000000000000000000000000000000000000000000000000000
000000000000000000000000000000000000000000000000000000000000000000000000000
000000000000000000000000000000000000000000000000000000000000000000000000000
000000000000000000000000000000000000000000000000000000000000000000000000000
000000000000000000000000000000000000000000000000000000000000000000000000000
000000000000000000000000000000011111111111110000000000000000000000000000000
000000000000000000000000000000011111111111110000000000000000000000000000000
000000000000000000000000000000011111100000110000000000000000000000000000000
000000000000000000000000000000011111100000110000000000000000000000000000000
000000000000000000000000000000011111100000110000000000000000000000000000000
000000000000000000000000000000011111100000110000000000000000000000000000000
000000000000000000000000000000011111100000110000000000000000000000000000000
000000000000000000000000000000011111100000110000000000000000000000000000000
000000000000000000000000000000011111100000110000000000000000000000000000000
000000000000000000000000000000011111100000110000000000000000000000000000000
000000000000000000000000000000011111100000110000000000000000000000000000000
000000000000000000000000000000011111100000110000000000000000000000000000000
000000000000000000000000000000011111100000110000000000000000000000000000000
000000000000000000000000000000011111100000110000000000000000000000000000000
000000000000000000000000000000011111100000110000000000000000000000000000000
000000000000000000000000000000011111100000110000000000000000000000000000000
000000000000000000000000000000011111100000110000000000000000000000000000000
000000000000000000000000000000011111100000110000000000000000000000000000000
000000000000000000000000000000011111100000110000000000000000000000000000000
000000000000000000000000000000011111111111110000000000000000000000000000000
000000000000000000000000000000011111111111110000000000000000000000000000000
000000000000000000000000000000000000000000000000000000000000000000000000000
000000000000000000000000000000000000000000000000000000000000000000000000000
000000000000000000000000000000000000000000000000000000000000000000000000000
000000000000000000000000000000000000000000000000000000000000000000000000000
000000000000000000000000000000000000000000000000000000000000000000000000000
000000000000000000000000000000000000000000000000000000000000000000000000000
000000000000000000000000000000000000000000000000000000000000000000000000000
000000000000000000000000000000000000000000000000000000000000000000000000000
000000000000000000000000000000000000000000000000000000000000000000000000000
000000000000000000000000000000000000000000000000000000000000000000000000000
000000000000000000000000000000000000000000000000000000000000000000000000000
000000000000000000000000000000000000000000000000000000000000000000000000000
000000000000000000000000000000000000000000000000000000000000000000000000000
000000000000000000000000000000000000000000000000000000000000000000000000000
000000000000000000000000000000000000000000000000000000000000000000000000000
000000000000000000000000000000000000000000000000000000000000000000000000000
000000000000000000000000000000000000000000000000000000000000000000000000000
000000000000000000000000000000000000000000000000000000000000000000000000000
000000000000000000000000000000000000000000000000000000000000000000000000000
000000000000000000000000000000000000000000000000000000000000000000000000000
000000000000000000000000000000000000000000000000000000000000000000000000000
000000000000000000000000000000000000000000000000000000000000000000000000000
000000000000000000000000000000000000000000000000000000000000000000000000000
000000000000000000000000000000000000000000000000000000000000000000000000000
000000000000000000000000000000000000000000000000000000000000000000000000000
000000000000000000000000000000000000000000000000000000000000000000000000000
000000000000000000000000000000000000000000000000000000000000000000000000000

000000000000000000000000000000000000000000000000000000000000000000000000000
000000000000000000000000000000000000000000000000000000000000000000000000000
000000000000000000000000000000000000000000000000000000000000000000000000000
000000000000000000000000000000000000000000000000000000000000000000000000000
000000000000000000000000000000000000000000000000000000000000000000000000000
000000000000000000000000000000000000000000000000000000000000000000000000000
000000000000000000000000000000000000000000000000000000000000000000000000000
000000000000000000000000000000000000000000000000000000000000000000000000000
000000000000000000000000000000000000000000000000000000000000000000000000000
000000000000000000000000000000000000000000000000000000000000000000000000000
000000000000000000000000000000000000000000000000000000000000000000000000000
000000000000000000000000000000000000000000000000000000000000000000000000000
000000000000000000000000000000000000000000000000000000000000000000000000000
000000000000000000000000000000000000000000000000000000000000000000000000000
000000000000000000000000000000000000000000000000000000000000000000000000000
000000000000000000000000000000000000000000000000000000000000000000000000000
000000000000000000000000000000000000000000000000000000000000000000000000000
000000000000000000000000000000000000000000000000000000000000000000000000000
000000000000000000000000000000000000000000000000000000000000000000000000000
000000000000000000000000000000000000000000000000000000000000000000000000000
000000000000000000000000000000000000000000000000000000000000000000000000000
000000000000000000000000000000000000000000000000000000000000000000000000000
000000000000000000000000000000000000000000000000000000000000000000000000000
000000000000000000000000000000000000000000000000000000000000000000000000000
000000000000000000000000000000000000000000000000000000000000000000000000000
000000000000000000000000000000000000000000000000000000000000000000000000000
000000000000000000000000000000000000000000000000000000000000000000000000000
000000000000000000000000000000000000000000000000000000000000000000000000000
000000000000000000000000000000000000000000000000000000000000000000000000000
000000000000000000000000000000000000000000000000000000000000000000000000000
000000000000000000000000000000000000000000000000000000000000000000000000000
000000000000000000000000000000000000000000000000000000000000000000000000000
000000000000000000000000001111111111111111111111100000000000000000000000000
000000000000000000000000000111111111111111111111000000000000000000000000000
000000000000000000000000000011000000011111111110000000000000000000000000000
000000000000000000000000000001100000011111111100000000000000000000000000000
000000000000000000000000000000110000011111111000000000000000000000000000000
000000000000000000000000000000011000011111110000000000000000000000000000000
000000000000000000000000000000001100011111100000000000000000000000000000000
000000000000000000000000000000000110011111000000000000000000000000000000000
000000000000000000000000000000000011011110000000000000000000000000000000000
000000000000000000000000000000000001111100000000000000000000000000000000000
000000000000000000000000000000000000111000000000000000000000000000000000000
000000000000000000000000000000000000010000000000000000000000000000000000000
000000000000000000000000000000000000000000000000000000000000000000000000000
000000000000000000000000000000000000000000000000000000000000000000000000000
000000000000000000000000000000000000000000000000000000000000000000000000000
000000000000000000000000000000000000000000000000000000000000000000000000000
000000000000000000000000000000000000000000000000000000000000000000000000000
000000000000000000000000000000000000000000000000000000000000000000000000000
000000000000000000000000000000000000000000000000000000000000000000000000000
000000000000000000000000000000000000000000000000000000000000000000000000000
000000000000000000000000000000000000000000000000000000000000000000000000000
000000000000000000000000000000000000000000000000000000000000000000000000000
000000000000000000000000000000000000000000000000000000000000000000000000000
000000000000000000000000000000000000000000000000000000000000000000000000000
000000000000000000000000000000000000000000000000000000000000000000000000000
000000000000000000000000000000000000000000000000000000000000000000000000000
000000000000000000000000000000000000000000000000000000000000000000000000000
000000000000000000000000000000000000000000000000000000000000000000000000000
000000000000000000000000000000000000000000000000000000000000000000000000000
000000000000000000000000000000000000000000000000000000000000000000000000000
000000000000000000000000000000000000000000000000000000000000000000000000000
000000000000000000000000000000000000000000000000000000000000000000000000000
000000000000000000000000000000000000000000000000000000000000000000000000000
000000000000000000000000000000000000000000000000000000000000000000000000000
000000000000000000000000000000000000000000000000000000000000000000000000000
000000000000000000000000000000000000000000000000000000000000000000000000000
000000000000000000000000000000000000000000000000000000000000000000000000000
000000000000000000000000000000000000000000000000000000000000000000000000000
000000000000000000000000000000000000000000000000000000000000000000000000000
000000000000000000000000000000000000000000000000000000000000000000000000000
000000000000000000000000000000000000000000000000000000000000000000000000000
000000000000000000000000000000000000000000000000000000000000000000000000000
000000000000000000000000000000000000000000000000000000000000000000000000000

000000000000000000000000000000000000000000000000000000000000000000000000000
000000000000000000000000000000000000000000000000000000000000000000000000000
000000000000000000000000000000000000000000000000000000000000000000000000000
000000000000000000000000000000000000000000000000000000000000000000000000000
000000000000000000000000000000000000000000000000000000000000000000000000000
000000000000000000000000000000000000000000000000000000000000000000000000000
000000000000000000000000000000000000000000000000000000000000000000000000000
000000000000000000000000000000000000000000000000000000000000000000000000000
000000000000000000000000000000000000000000000000000000000000000000000000000
000000000000000000000000000000000000000000000000000000000000000000000000000
000000000000000000000000000000000000000000000000000000000000000000000000000
000000000000000000000000000000000000000000000000000000000000000000000000000
000000000000000000000000000000000000000000000000000000000000000000000000000
000000000000000000000000000000000000000000000000000000000000000000000000000
000000000000000000000000000000000000000000000000000000000000000000000000000
000000000000000000000000000000000000000000000000000000000000000000000000000
000000000000000000000000000000000000000000000000000000000000000000000000000
000000000000000000000000000000000000000000000000000000000000000000000000000
000000000000000000000000000000000000000000000000000000000000000000000000000
000000000000000000000000000000000000000000000000000000000000000000000000000
000000000000000000000000000000000000000000000000000000000000000000000000000
000000000000000000000000000000000000000000000000000000000000000000000000000
000000000000000000000000000000000000000000000000000000000000000000000000000
000000000000000000000000000000000000000000000000000000000000000000000000000
000000000000000000000000000000000000000000000000000000000000000000000000000
000000000000000000000000000000000000000000000000000000000000000000000000000
000000000000000000000000000000000000000000000000000000000000000000000000000
000000000000000000000000000000011111111111110000000000000000000000000000000
000000000000000000000000000000011111111111110000000000000000000000000000000
000000000000000000000000000000011000011111110000000000000000000000000000000
000000000000000000000000000000011000011111110000000000000000000000000000000
000000000000000000000000000000011000011111110000000000000000000000000000000
000000000000000000000000000000011000011111110000000000000000000000000000000
000000000000000000000000000000011000011111110000000000000000000000000000000
000000000000000000000000000000011000011111110000000000000000000000000000000
000000000000000000000000000000011000011111110000000000000000000000000000000
000000000000000000000000000000011000011111110000000000000000000000000000000
000000000000000000000000000000011000011111110000000000000000000000000000000
000000000000000000000000000000011000011111110000000000000000000000000000000
000000000000000000000000000000011000011111110000000000000000000000000000000
000000000000000000000000000000011000011111110000000000000000000000000000000
000000000000000000000000000000011000011111110000000000000000000000000000000
000000000000000000000000000000011000011111110000000000000000000000000000000
000000000000000000000000000000011000011111110000000000000000000000000000000
000000000000000000000000000000011000011111110000000000000000000000000000000
000000000000000000000000000000011000011111110000000000000000000000000000000
000000000000000000000000000000011111111111110000000000000000000000000000000
000000000000000000000000000000011111111111110000000000000000000000000000000
000000000000000000000000000000000000000000000000000000000000000000000000000
000000000000000000000000000000000000000000000000000000000000000000000000000
000000000000000000000000000000000000000000000000000000000000000000000000000
000000000000000000000000000000000000000000000000000000000000000000000000000
000000000000000000000000000000000000000000000000000000000000000000000000000
000000000000000000000000000000000000000000000000000000000000000000000000000
000000000000000000000000000000000000000000000000000000000000000000000000000
000000000000000000000000000000000000000000000000000000000000000000000000000
000000000000000000000000000000000000000000000000000000000000000000000000000
000000000000000000000000000000000000000000000000000000000000000000000000000
000000000000000000000000000000000000000000000000000000000000000000000000000
000000000000000000000000000000000000000000000000000000000000000000000000000
000000000000000000000000000000000000000000000000000000000000000000000000000
000000000000000000000000000000000000000000000000000000000000000000000000000
000000000000000000000000000000000000000000000000000000000000000000000000000
000000000000000000000000000000000000000000000000000000000000000000000000000
000000000000000000000000000000000000000000000000000000000000000000000000000
000000000000000000000000000000000000000000000000000000000000000000000000000
000000000000000000000000000000000000000000000000000000000000000000000000000
000000000000000000000000000000000000000000000000000000000000000000000000000
000000000000000000000000000000000000000000000000000000000000000000000000000
000000000000000000000000000000000000000000000000000000000000000000000000000
000000000000000000000000000000000000000000000000000000000000000000000000000
000000000000000000000000000000000000000000000000000000000000000000000000000
000000000000000000000000000000000000000000000000000000000000000000000000000
000000000000000000000000000000000000000000000000000000000000000000000000000
000000000000000000000000000000000000000000000000000000000000000000000000000

== SDRs ==
00001000001000000010010011000110
00001100000110000100010100001000
00010001011000000000000000010000
00000010000001000001000000001000
00001000100001001100000000000000
00000000010011011001001000000000
01000010110100100000011000101100
10101011111010001111100001001110
00011100100111101100000110011000
10100000010000100101001010000000
00010111010110100000000010000001
00010000100010001011000010000000
01000100011101001101111000111000
00000011111000001101010001100000
01010110010010110001000010100000
01100000000100010010010101001000
00010110000100000100010000011100
00100000000000000100000100000000
00010111000010001100111100000111
01101000110101110100010001101110
00000000001001010000100000000011
11010101011001100001000011111010
00000001000001010100010000101011
01000100010010100000001000100111
00100000000010110100001000000101
00100000000000000100100100010100
00010000100110010001100000001100
10010101101101001101101101001100
10010011010000100001110100001111
01011100101010110111100000010011
00000110100000010001000000100001
10000100000111110000010100011110

00001010100000001000010110100010
00001000000100010100010000001000
10010000111001000000011000000000
00000100101000101101010011000010
00000001000001001000001111111011
01100000000100100001100000001001
10000010011011100000001000001101
10101011101011001001100001000100
01011110100100101000001100010010
11100000011010100110011001001000
01100100001011010000000010000000
00101101010100001011100000000000
01011100111101001001101010110000
00110001110000000110010000101000
01010000011000010001001001001000
11000000010100010001001101001000
10100110010100000100001000111100
00100000101000010000100011010000
10001111000010000101101100000110
01000101000101110100100100100010
00000111100000010100110100101011
01010111011001100001001001001010
01000101000001000100000000000011
00100100010100010000001000000111
00000010000010000010001000000101
00110001000010000100000100010000
00000100001100011010110001000100
10110001101100010101001000100001
10100011000000000001010000001110
01000100101100010010100100100011
01000100100001010000110000100001
01100101001010100000100000101010

00001000001000000010010011000110
00001100000110000100010100001000
00010001011000000000000000010000
00000010000001000001000000001000
00001000100001001100000000000000
00000000010011011001001000000000
01000010110100100000011000101100
10101011111010001111100001001110
00011100100111101100000110011000
10100000010000100101001010000000
00010111010110100000000010000001
00010000100010001011000010000000
01000100011101001101111000111000
00000011111000001101010001100000
01010110010010110001000010100000
01100000000100010010010101001000
00010110000100000100010000011100
00100000000000000100000100000000
00010111000010001100111100000111
01101000110101110100010001101110
00000000001001010000100000000011
11010101011001100001000011111010
00000001000001010100010000101011
01000100010010100000001000100111
00100000000010110100001000000101
00100000000000000100100100010100
00010000100110010001100000001100
10010101101101001101101101001100
10010011010000100001110100001111
01011100101010110111100000010011
00000110100000010001000000100001
10000100000111110000010100011110

01001000100110001010010100000101
01011000000010100111010100000010
10010001001001000110101101101000
00000110101000110001100011000010
00100010101011000000001000110010
00000010010000100100101000110001
10010111001111010010011000000001
00101001101001001001010001000010
01011010101000100000011100010111
00001110011000000001011001001100
00001100001001100001000010000000
00100001010010000001000100100000
01011110010101001000101010100000
00000000000000011100011000101000
10000000000100010001101000111000
01000000010000100001000101100100
01101111100000010000000000111001
01000100101001010010100010000000
00100111010000000111000000010100
01010000001000110100000000000100
10000010100000100100010000001010
11100010010000101001100000001000
11100001010001101100000010000000
00101100010000000000000000100010
00000000001010100000001000100001
00100001000010000000110101000000
00000100010100001000110000001011
00010001101001001100010000000000
00100010010000000001000000101100
00000100101101001110010001110000
01000000100011010000010100000000
01100000001001110010110100010000

01001010101010011000010111100111
00001000000110000100010000001010
10010001111001000000011001000100
01000100101000101001110010001010
00100001001010000000001010111011
10000110010100100000111100000001
10000011011001100000000000001101
10101001111001000001110000000000
01001010100010100001001000010011
11000000011010100000011001001100
01001110001011100001000101010000
00100000011000001001000110010100
01000110111101001001011000000000
00110000110000011100010001101100
10010000010001000001101010101000
01001000010000111001101101101000
11100100000100000100001000010001
01000100001001100001000000010000
10100011010010000111000000000001
01001101010000100100100101000100
00000110010000000100110000001010
11011011001111101001001000001000
01000001000000100100000110010010
01000100010100000001001000000011
00000000000011000001000000101101
00100011000010000000000100010001
00000100001000011101010001000010
10110001101001010001000000000100
11100010000010000000000010101000
00000000101101000100010101100001
00110100100011000000110100000101
00000001001011100010110000101000

10000000100010111100010001000000
01001000100000000100000000010110
10010001011000000100110011010100
00000011100000111001100011010100
00110100000001001000001000100111
00100000000001110000101001111000
10000000000110110011000100010001
10101010101001000001101011010010
01001110101100000001010110000011
00110000001010110010001110001000
10100110100001001000101001001001
10100110110110000001000000100000
00010101111001000001101010000010
00000000100010011100011101101000
11000000101011001011001000111000
01010101101100100110000101001001
11110110110100001001001001101100
01100100000000011011000000000000
01110011100010000011011010000110
00000100011011010100111011000100
00000111100000000100100000001011
11001111001100100001101000001010
11100001110001101000010111100000
00100100000100010000100000000011
00100010000111111001101100000101
10000011011111000000100100010110
11011100001000000000110000000000
10010001100001001010010100011010
10100011000000011000000001010101
00000000001100011100000000110011
01100000000001010000100110001001
01000101001011111011010010011100

00001000001000000010010011000110
00001100000110000100010100001000
00010001011000000000000000010000
00000010000001000001000000001000
00001000100001001100000000000000
00000000010011011001001000000000
01000010110100100000011000101100
10101011111010001111100001001110
00011100100111101100000110011000
10100000010000100101001010000000
00010111010110100000000010000001
00010000100010001011000010000000
01000100011101001101111000111000
00000011111000001101010001100000
01010110010010110001000010100000
01100000000100010010010101001000
00010110000100000100010000011100
00100000000000000100000100000000
00010111000010001100111100000111
01101000110101110100010001101110
00000000001001010000100000000011
11010101011001100001000011111010
00000001000001010100010000101011
01000100010010100000001000100111
00100000000010110100001000000101
00100000000000000100100100010100
00010000100110010001100000001100
10010101101101001101101101001100
10010011010000100001110100001111
01011100101010110111100000010011
00000110100000010001000000100001
10000100000111110000010100011110

10101000100010100010010000000000
01001000101000001110010100001110
00010001011000000111100011101010
11000000100110000001100011000101
10010011001011001000000001101110
00100000100010011000101001111101
11000000100110110001011000010101
10110010101001000011100001000010
11011010100000100111010101000011
01000001001110110000001100000100
00001101101000010101001000101000
10110000010000000111110010110000
00011101111001000000100010011000
00010000000011001100011001101000
11000010110110101101001111101000
01010010000110100000010011101000
11100110110000001000000000011100
00001100101001001011000001010000
00111010000010100011001010010100
00010101101010110100110000001100
00000000001000100000010101001010
01000000001101100001000001001101
01000001011000101101010010001000
00010100001100011000100001000111
00000001000010000000001000000101
00100010000010000110100100010100
00000100001000000000110000000010
10010101101001001100000000101010
10100000000000010001010001001100
00000100101000101110010100101001
01100000000001010000010100000110
11000100001011110010010000111100

00001010100000001000010110100010
00001000000100010100010000001000
10010000111001000000011000000000
00000100101000101101010011000010
00000001000001001000001111111011
01100000000100100001100000001001
10000010011011100000001000001101
10101011101011001001100001000100
01011110100100101000001100010010
11100000011010100110011001001000
01100100001011010000000010000000
00101101010100001011100000000000
01011100111101001001101010110000
00110001110000000110010000101000
01010000011000010001001001001000
11000000010100010001001101001000
10100110010100000100001000111100
00100000101000010000100011010000
10001111000010000101101100000110
01000101000101110100100100100010
00000111100000010100110100101011
01010111011001100001001001001010
01000101000001000100000000000011
00100100010100010000001000000111
00000010000010000010001000000101
00110001000010000100000100010000
00000100001100011010110001000100
10110001101100010101001000100001
10100011000000000001010000001110
01000100101100010010100100100011
01000100100001010000110000100001
01100101001010100000100000101010

