0000000000000000000000000000000000000000000000000000000000000000000000000000000000
0000000000000000000000000000000000000000000000000000000000000000000000000000000000
0000000000000000000000000000000000000000000000000000000000000000000000000000000000
0000000000000000000000000000000000000000000000000000000000000000000000000000000000
0000000000000000000000000000000000000000000000000000000000000000000000000000000000
0000000000000000000000000000000000000000000000000000000000000000000000000000000000
0000000000000000000000000000000000000000000000000000000000000000000000000000000000
0000000000000000000000000000000000000000000000000000000000000000000000000000000000
0000000000000000000000000000000000000000000000000000000000000000000000000000000000
0000000000000000000000000000000000000000000000000000000000000000000000000000000000
0000000000000000000000000000000000000000000000000000000000000000000000000000000000
0000000000000000000000000000000000000000000000000000000000000000000000000000000000
0000000000000000000000000000000000000000000000000000000000000000000000000000000000
0000000000000000000000000000000000011111111111000000000000000000000000000000000000
0000000000000000000000000000000011111111111111111100000000000000000000000000000000
0000000000000000000000000000011111000000000000001111000000000000000000000000000000
0000000000000000000000000001111000000000000000000001110000000000000000000000000000
0000000000000000000000000111100000000000000000000000011100000000000000000000000000
0000000000000000000000001110000000000000000000000000000110000000000000000000000000
0000000000000000000000011000000000000000000000000000000011100000000000000000000000
0000000000000000000000110000000000000000000000000000000001110000000000000000000000
0000000000000000000011100000000000000000000000000000000000011000000000000000000000
0000000000000000000011000000000000000000000000000000000000001100000000000000000000
0000000000000000000110000000000000000000000000000000000000000110000000000000000000
0000000000000000001100000000000000000000000000000000000000000110000000000000000000
0000000000000000011000000000000000000000000000000000000000000011000000000000000000
0000000000000000010000000000000000000000000000000000000000000001100000000000000000
0000000000000000110000000000000000001111111110000000000000000000100000000000000000
0000000000000001100000000000000000111110000111110000000000000000110000000000000000
0000000000000001100000000000000011100000000000111000000000000000010000000000000000
0000000000000001000000000000000111000000000000001100000000000000011000000000000000
0000000000000011000000000000001100000000000000000110000000000000011000000000000000
0000000000000010000000000000011000000000000000000011000000000000001100000000000000
0000000000000110000000000000110000000000000000000001100000000000001100000000000000
0000000000000110000000000000110000000000000000000000110000000000001100000000000000
0000000000000110000000000001100000000011111000000000110000000000000100000000000000
0000000000000100000000000001100000000111111110000000011000000000000110000000000000
0000000000000100000000000001000000001100000111000000011000000000000110000000000000
0000000000000100000000000011000000011000000001000000011000000000000110000000000000
0000000000001100000000000011000000010000000001100000001000000000000110000000000000
0000000000001100000000000011000000110000000001100000001000000000000110000000000000
0000000000001100000000000011000000110000000001100000001000000000000110000000000000
0000000000001100000000000011000000010000000001100000001000000000000110000000000000
0000000000001100000000000011000000011000000001100000001000000000000110000000000000
0000000000000100000000000001000000011000000011000000011000000000000110000000000000
0000000000000100000000000001000000001110000111000000011000000000000110000000000000
0000000000000110000000000001100000000111111100000000010000000000000100000000000000
0000000000000110000000000000100000000001110000000000110000000000000100000000000000
0000000000000110000000000000110000000000000000000000100000000000001100000000000000
0000000000000010000000000000011000000000000000000001100000000000001100000000000000
0000000000000011000000000000011100000000000000000011000000000000001000000000000000
0000000000000011000000000000001110000000000000000110000000000000011000000000000000
0000000000000001000000000000000111000000000000011100000000000000011000000000000000
0000000000000001100000000000000001110000000001111000000000000000110000000000000000
0000000000000000110000000000000000011111111111100000000000000000110000000000000000
0000000000000000110000000000000000000111111100000000000000000001100000000000000000
0000000000000000011000000000000000000000000000000000000000000001000000000000000000
0000000000000000001100000000000000000000000000000000000000000011000000000000000000
0000000000000000001100000000000000000000000000000000000000000110000000000000000000
0000000000000000000110000000000000000000000000000000000000001100000000000000000000
0000000000000000000011000000000000000000000000000000000000011000000000000000000000
0000000000000000000001100000000000000000000000000000000000110000000000000000000000
0000000000000000000000111000000000000000000000000000000001100000000000000000000000
0000000000000000000000011100000000000000000000000000000111000000000000000000000000
0000000000000000000000000111000000000000000000000000001110000000000000000000000000
0000000000000000000000000011110000000000000000000000111000000000000000000000000000
0000000000000000000000000000111100000000000000000111100000000000000000000000000000
0000000000000000000000000000001111110000000001111110000000000000000000000000000000
0000000000000000000000000000000001111111111111110000000000000000000000000000000000
0000000000000000000000000000000000000001110000000000000000000000000000000000000000
0000000000000000000000000000000000000000000000000000000000000000000000000000000000
0000000000000000000000000000000000000000000000000000000000000000000000000000000000
0000000000000000000000000000000000000000000000000000000000000000000000000000000000
0000000000000000000000000000000000000000000000000000000000000000000000000000000000
0000000000000000000000000000000000000000000000000000000000000000000000000000000000
0000000000000000000000000000000000000000000000000000000000000000000000000000000000
0000000000000000000000000000000000000000000000000000000000000000000000000000000000
0000000000000000000000000000000000000000000000000000000000000000000000000000000000
0000000000000000000000000000000000000000000000000000000000000000000000000000000000
0000000000000000000000000000000000000000000000000000000000000000000000000000000000
0000000000000000000000000000000000000000000000000000000000000000000000000000000000
0000000000000000000000000000000000000000000000000000000000000000000000000000000000

0000000000000000000000000000000000000000000000000000000000000000000000000000000000
0000000000000000000000000000000000000000000000000000000000000000000000000000000000
0000000000000001110000000000000000000000000000000000000000000000000000000000000000
0000000000011111111111000000000000000000000000000000000000000000000000000000000000
0000000001111000000011110000000000000000000000000000000000000000000000000000000000
0000000011100000000000011100000000000000000000000000000000000000000000000000000000
0000000110000000000000001110000000000000000000000000000000000000000000000000000000
0000001100000000000000000011000000000000000000000001111000000000000000000000000000
0000011000000000000000000001100000000000000000000111111110000000000000000000000000
0000110000000000000000000001100000000000000000001100000011000000000000000000000000
0000110000000000000000000000110000000000000000011000000001100000000000000000000000
0001100000000000000000000000110000000000000000011000000001100000000000000000000000
0001100000000000000000000000011000000000000000010000000000100000000000000000000000
0001000000000000000000000000011000000000000000010000000000100000000000000000000000
0001000000000000000000000000011000000000000000011000000001100000000000000000000000
0011000000000000000000000000001000000000000000011000000001100000000000000000000000
0011000000000000000000000000001000000000000000001100000011000000000000000000000000
0011000000000000000000000000001000000000000000001110000111000000000000000000000000
0011000000000000000000000000001000000000000000000111111100000000000000000000000000
0001000000000000000000000000011000000000000000000000110000000000000000000000000000
0001000000000000000000000000011000000000000000000000000000000000000000000000000000
0001100000000000000000000000011000000000000111111111111000000000000000000000000000
0000100000000000000000000000110000000000111111110011111111000000000000000000000000
0000110000000000000000000000110000000111110000000000000011111000000000000000000000
0000110000000000000000000001100000011110000000000000000000011110000000000000000000
0000011000000000000000000001100000111000000000000000000000000111100000000000000000
0000001100000000000000000011000011100000000000000000000000000001110000000000000000
0000000110000000000000001110000110000000000000000000000000000000011000000000000000
0000000011100000000000011100001100000000000000000000000000000000001100000000000000
0000000001111000000011110000011000000000000000000000000000000000000110000000000000
0000000000011111111111000000110000000000000000000000000000000000000011000000000000
0000000000000001110000000001100000000000000000000000000000000000000001100000000000
0000000000000000000000000011000000000000000000000000000000000000000000110000000000
0000000000000000000000000010000000000000000000000000000000000000000000011000000000
0000000000000000000000000110000000000000000000000000000000000000000000011000000000
0000000000000000000000001100000000000000000000000000000000000000000000001100000000
0000000000000000000000001100000000000000000000000000000000000000000000000100000000
0000000000000000000000011000000000000000000000000000000000000000000000000110000000
0000000000000000000000011000000000000000000000000000000000000000000000000010000000
0000000000000000000000110000000000000000000000000000000000000000000000000011000000
0000000000000000000000110000000000000000000000000000000000000000000000000011000000
0000000000000000000000100000000000000000000000000000000000000000000000000001000000
0000000000000000000000100000000000000000000000000000000000000000000000000001100000
0000000000000000000001100000000000000000000000000000000000000000000000000001100000
0000000000000000000001100000000000000000000000000000000000000000000000000001100000
0000000000000000000001100000000000000000000000000000000000000000000000000001100000
0000000000000000000001100000000000000000000000000000000000000000000000000000100000
0000000000000000000001000000000000000000000000000000000000000000000000000000100000
0000000000000000000001000000000000000000000000000000000000000000000000000000100000
0000000000000000000001000000000000000000000000000000000000000000000000000000100000
0000000000000000000001000000000000000000000000000000000000000000000000000000100000
0000000000000000000001000000000000000000000000000000000000000000000000000000100000
0000000000000000000001100000000000000000000000000000000000000000000000000000100000
0000000000000000000001100000000000000000000000000000000000000000000000000001100000
0000000000000000000001100000000000000000000000000000000000000000000000000001100000
0000000000000000000000100000000000000000000000000000000000000000000000000001100000
0000000000000000000000100000000000000000000000000000000000000000000000000001000000
0000000000000000000000110000000000000000000000000000000000000000000000000011000000
0000000000000000000000110000000000000000000000000000000000000000000000000011000000
0000000000000000000000010000000000000000000000000000000000000000000000000010000000
0000000000000000000000011000000000000000000000000000000000000000000000000110000000
0000000000000000000000001000000000000000000000000000000000000000000000000100000000
0000000000000000000000001100000000000000000000000000000000000000000000001100000000
0000000000000000000000000110000000000000000000000000000000000000000000001000000000
0000000000000000000000000110000000000000000000000000000000000000000000011000000000
0000000000000000000000000011000000000000000000000000000000000000000000110000000000
0000000000000000000000000001100000000000000000000000000000000000000001100000000000
0000000000000000000000000000110000000000000000000000000000000000000011100000000000
0000000000000000000000000000111000000000000000000000000000000000000111000000000000
0000000000000000000000000000011100000000000000000000000000000000001110000000000000
0000000000000000000000000000000110000000000000000000000000000000011100000000000000
0000000000000000000000000000000011100000000000000000000000000000110000000000000000
0000000000000000000000000000000001110000000000000000000000000011100000000000000000
0000000000000000000000000000000000011100000000000000000000001110000000000000000000
0000000000000000000000000000000000000111100000000000000001111000000000000000000000
0000000000000000000000000000000000000001111110000000011111100000000000000000000000
0000000000000000000000000000000000000000001111111111111100000000000000000000000000
0000000000000000000000000000000000000000000000000000000000000000000000000000000000
0000000000000000000000000000000000000000000000000000000000000000000000000000000000
0000000000000000000000000000000000000000000000000000000000000000000000000000000000
0000000000000000000000000000000000000000000000000000000000000000000000000000000000
0000000000000000000000000000000000000000000000000000000000000000000000000000000000

0000000000000000000000000000000000000000000000000000000000000000000000000000000000
0000000000000000000000000000000000000000000000000000000000000000000000000000000000
0000000000000000000000000000000000000000000000000000000000000000000000000000000000
0000000000000000000000000000000000000000000000000000000000000000000000000000000000
0000000000000000000000000000000000000000000000000000000000000000000000000000000000
0000000000000000000000000000000000000000000000000000000000000000000000000000000000
0000000000000000000000000000000000000000000000000000000000000000000000000000000000
0000000000000000000000000000000000000000000000000000000000000000000000000000000000
0000000000000000000000000000000000000000000000000000000000000000000000000000000000
0000000000000000000000000000000000000000000000000000000000000000000000000000000000
0000000000000000000000000000000000000000000000000000000000000000000000000000000000
0000000000000000000000000000000000000000000000000000000000000000000000000000000000
0000000000000000000000000000000000000000000000000000000000000000000000000000000000
0000000000000000000000000000000000000000000000000000000000000000000000000000000000
0000000000000000000000000000000000000000000000000000000000000000000000000000000000
0000000000000000000000000000000000000000000000000000000000000000000000000000000000
0000000000000000000000000000000000000000000000000000000000000000000000000000000000
0000000000000000000000000000000000000000000000000000000000000000000000000000000000
0000000000000000000000000000000000000000000000000000000000000000000000000000000000
0000000000000000001111111111111111111111111111111111111111111111000000000000000000
0000000000000000001100000000000000000000000000000000000000000011000000000000000000
0000000000000000001100000000000000000000000000000000000000000011000000000000000000
0000000000000000001100000000000000000000000000000000000000000011000000000000000000
0000000000000000001100000000000000000000000000000000000000000011000000000000000000
0000000000000000001100000000000000000000000000000000000000000011000000000000000000
0000000000000000001100000000000000000000000000000000000000000011000000000000000000
0000000000000000001100000000000000000000000000000000000000000011000000000000000000
0000000000000000001100000001111111111111111111111111111100000011000000000000000000
0000000000000000001100000001000000000000000000000000001100000011000000000000000000
0000000000000000001100000001000000000000000000000000001100000011000000000000000000
0000000000000000001100000001000000000000000000000000001100000011000000000000000000
0000000000000000001100000001000000000000000000000000001100000011000000000000000000
0000000000000000001100000001000000000000000000000000001100000011000000000000000000
0000000000000000001100000001000000000000000000000000001100000011000000000000000000
0000000000000000001100000001000000000000000000000000001100000011000000000000000000
0000000000000000001100000001000000011111111111100000001100000011000000000000000000
0000000000000000001100000001000000011111111111100000001100000011000000000000000000
0000000000000000001100000001000000010000000000100000001100000011000000000000000000
0000000000000000001100000001000000010000000000100000001100000011000000000000000000
0000000000000000001100000001000000010000000000100000001100000011000000000000000000
0000000000000000001100000001000000010000000000100000001100000011000000000000000000
0000000000000000001100000001000000010000000000100000001100000011000000000000000000
0000000000000000001100000001000000010000000000100000001100000011000000000000000000
0000000000000000001100000001000000010000000000100000001100000011000000000000000000
0000000000000000001100000001000000010000000000100000001100000011000000000000000000
0000000000000000001100000001000000010000000000100000001100000011000000000000000000
0000000000000000001100000001000000011111111111100000001100000011000000000000000000
0000000000000000001100000001000000011111111111100000001100000011000000000000000000
0000000000000000001100000001000000000000000000000000001100000011000000000000000000
0000000000000000001100000001000000000000000000000000001100000011000000000000000000
0000000000000000001100000001000000000000000000000000001100000011000000000000000000
0000000000000000001100000001000000000000000000000000001100000011000000000000000000
0000000000000000001100000001000000000000000000000000001100000011000000000000000000
0000000000000000001100000001000000000000000000000000001100000011000000000000000000
0000000000000000001100000001111111111111111111111111111100000011000000000000000000
0000000000000000001100000001111111111111111111111111111000000011000000000000000000
0000000000000000001100000000000000000000000000000000000000000011000000000000000000
0000000000000000001100000000000000000000000000000000000000000011000000000000000000
0000000000000000001100000000000000000000000000000000000000000011000000000000000000
0000000000000000001100000000000000000000000000000000000000000011000000000000000000
0000000000000000001100000000000000000000000000000000000000000011000000000000000000
0000000000000000001100000000000000000000000000000000000000000011000000000000000000
0000000000000000001100000000000000000000000000000000000000000011000000000000000000
0000000000000000001111111111111111111111111111111111111111111111000000000000000000
0000000000000000000000000000000000000000000000000000000000000000000000000000000000
0000000000000000000000000000000000000000000000000000000000000000000000000000000000
0000000000000000000000000000000000000000000000000000000000000000000000000000000000
0000000000000000000000000000000000000000000000000000000000000000000000000000000000
0000000000000000000000000000000000000000000000000000000000000000000000000000000000
0000000000000000000000000000000000000000000000000000000000000000000000000000000000
0000000000000000000000000000000000000000000000000000000000000000000000000000000000
0000000000000000000000000000000000000000000000000000000000000000000000000000000000
0000000000000000000000000000000000000000000000000000000000000000000000000000000000
0000000000000000000000000000000000000000000000000000000000000000000000000000000000
0000000000000000000000000000000000000000000000000000000000000000000000000000000000
0000000000000000000000000000000000000000000000000000000000000000000000000000000000
0000000000000000000000000000000000000000000000000000000000000000000000000000000000
0000000000000000000000000000000000000000000000000000000000000000000000000000000000
0000000000000000000000000000000000000000000000000000000000000000000000000000000000
0000000000000000000000000000000000000000000000000000000000000000000000000000000000
0000000000000000000000000000000000000000000000000000000000000000000000000000000000
0000000000000000000000000000000000000000000000000000000000000000000000000000000000

0000000000000000000000000000000000000000000000000000000000000000000000000000000000
0000000000000000000000000000000000000000000000000000000000000000000000000000000000
0000000000000000000000000000000000000000000000000000000000000000000000000000000000
0000000000000000000000000000000000000000000000000000000000000000000000000000000000
0000000000000000000000000000000000000000000000000000000000000000000000000000000000
0000000000000000000000000000000000000000000000000000000000000000000000000000000000
0000000000000000000000000000000000000000000000000000000000000000000000000000000000
0000000000000000000000000000000000000000000000000000000000000000000000000000000000
0000000000000000000000000000000000000000000000000000000000000000000000000000000000
0000000000000000000000000000000000000000000000000000000000000000000000000000000000
0000000000000000000000000000000000000000000000000000000000000000000000000000000000
0000000000000000000000000000000000000000000000000000000000000000000000000000000000
0000000000000000000000000000000000000000000000000000000000000000000000000000000000
0000000000000000000000000000000000000000000000000000000000000000000000000000000000
0000000000000000000000000000000000000000000000000000000000000000000000000000000000
0000000000000000000000000000000000000000000000000000000000000000000000000000000000
0000000000000000000000000000000000000000000000000000000010000000000000000000000000
0000000000000000000000000000000000000000000000000000000000000000000000000000000000
0000000000000000000000000000000000000000000000000000000000000000000000000000000000
0000000000000000001111111111111111111111111111111111111111111111000000000000000000
0000000000000000001101000000000001000000010000010000000000001011000000000000000000
0000000000000000001100000000000000000000000000000000000000000011000000000000000000
0000000000000000001100000000000000000000000000000000000000000011000000000000000000
0000000000000000001100000000000000000000000000000000000000000011000000000000000000
0000000000000000001100000000000000000000000000000000000000000011000000000000000000
0000000000000000001100000000000000000000000000000000000000000011000000000000000000
0000000000000000001100000000000000000000000000000000000000000011000000000000000000
0000000000000000001100000011111111111111111111111111111100000011000000000000000000
0000000000000000001100000001001000000100000100001000001100000011000000000000000000
0000000000000000001100000001000000000000000000000000001100000011000000000000000000
0000000000000000001100000001000000000000000000000000001100000011000000000000000000
0000000000000000001100000011000000000000000000000000001100000011000000000000000000
0000000000000000001100000001000000000000000000000000001100000011000000000000000000
0000000000000000001100000011000000000000000000000000001100000011000000000000000000
0000000000000000001100000001000000000000000000000000001100000011000000000000000000
0000000000000000001100000001000000011111111111100000001100000011000000000000000000
0000000000000000001100000001000000011111111111100000001100000011000000000000000000
0000000000000000001100000001000000010000000000100000001100000011000000000000000000
0000000000000000001100000001000000010000000000100000001100000011000000000000000000
0000000000000000001100000001000000010000000000100000001100000011000000000000000000
0000000000000000001100000001000000010000000000100000001100000011000000000000000000
0000000000000000001100000001000000010000000000100000001100000011000000000000000000
0000000000000000001100000001000000010000000000100000001100000011000000000000000000
0000000000000000001100000001000000010000000000100000001100000011000000000000000000
0000000000000000001100000001000000010000000000100000001100000011000000000000000000
0000000000000000001100000001000000010000000000100000001100000011000000000000000000
0000000000000000001100000011000000011111111111100000001100000011000000000000000000
0000000000000000001100000001000000011111111111100000001100000011000000000000000000
0000000000000000001100000001000000000000000000000000001100000011000000000000000000
0000000000000000001100000001000000000000000000000000001100000011000000000000000000
0000000000000000001100000001000000000000000000000000001100000011000000000000000000
0000000000000000001100000001000000000000000000000000001100000011000000000000000000
0000000000000000001100000011000000000000000000000000001100000011000000000000000000
0000000000000000001100000001000000000000000000000000001100000011000000000000000000
0000000000000000001100000001111111111111111111111111111100000011000000000000000000
0000000000000000001100000001111111111111111111111111111000000011000000000000000000
0000000000000000001100000000000000000000000000000000000000000011000000000000000000
0000000000000000001100000000000000000000000000000000000000000011000000000000000000
0000000000000000001100000000000000000000000000000000000000000011000000000000000000
0000000000000000001100000000000000000000000000000000000000000011000000000000000000
0000000000000000001100000000000000000000000000000000000000000011000000000000000000
0000000000000000001100000000000000000000000000000000000000000011000000000000000000
0000000000000000001100000000000000000000000000000010000100001011000000000000000000
0000000000000000001111111111111111111111111111111111111111111111000000000000000000
0000000000000000000000000000000000000000000000000000000000000000000000000000000000
0000000000000000000000000000000000000000000000000000000000000000000000000000000000
0000000000000000000000000000000000000000000000000000000000000000000000000000000000
0000000000000000000000000000000000000000000000000000000000000000000000000000000000
0000000000000000000000000000000000000000000000000000000000000000000000000000000000
0000000000000000000000000000000000000000000000000000000000000000000000000000000000
0000000000000000000000000000000000000000000000000000000000000000000000000000000000
0000000000000000000000000000000000000000000000000000000000000000000000000000000000
0000000000000000000000000000000000000000000000000000000000000000000000000000000000
0000000000000000000000000000000000000000000000000000000000000000000000000000000000
0000000000000000000000000000000000000000000000000000000000000000000000000000000000
0000000000000000000000000000000000000000000000000000000000000000000000000000000000
0000000000000000000000000000000000000000000000000000000000000000000000000000000000
0000000000000000000000000000000000000000000000000000000000000000000000000000000000
0000000000000000000000000000000000000000000000000000000000000000000000000000000000
0000000000000000000000000000000000000000000000000000000000000000000000000000000000
0000000000000000000000000000000000000000000000000000000000000000000000000000000000
0000000000000000000000000000000000000000000000000000000000000000000000000000000000

