0000000000000000000000000000000000000000000000000000000000000000000000000000000000
0000000000000000000000000000000000000000000000000000000000000000000000000000000000
0000000000000000000000000000000000000000000000000000000000000000000000000000000000
0000000000000000000000000000000000000000000000000000000000000000000000000000000000
0000000000000000000000000000000000000000000000000000000000000000000000000000000000
0000000000000000000000000000000000000000000000000000000000000000000000000000000000
0000000000000000000000000000000000000000000000000000000000000000000000000000000000
0000000000000000000000000000000000000000000000000000000000000000000000000000000000
0000000000000000000000000000000000000000000000000000000000000000000000000000000000
0000000000000000000000000000000000000000000000000000000000000000000000000000000000
0000000000000000000000000000000000000000000000000000000000000000000000000000000000
0000000000000000000000000000000000000000000000000000000000000000000000000000000000
0000000000000000000000000000000000000000000000000000000000000000000000000000000000
0000000000000000000000000000000000000000000000000000000000000000000000000000000000
0000000000000000000000000000000000000000000000000000000000000000000000000000000000
0000000000000000000000000000000000000000000000000000000000000111100000000000000000
0000000000000000000000000000000000000000000000000000000000001111111000000000000000
0000000000000000000000000000000000000000000000000000000000011111111000000000000000
0000000000000000000000000000000000000000000000000000000000011111111100000000000000
0000000000000000000000000000000000000000000000000000000000011111111100000000000000
0000000000000000000000000000000000000000000000000000000000011111111100000000000000
0000000000000000000000000000000000000000000000000000000000011111111000000000000000
0000000000000000000000000000000000000000000000000000000000001111111000000000000000
0000000000000000000000000000000000000000000000000000000000000111110000000000000000
0000000000000000000000000000000000000000000000000000000000000000000000000000000000
0000000000000000000000000000000000000000000000000000000000000000000000000000000000
0000000000000000000000000000000000000000000000000000000000000000000000000000000000
0000000000000000000000000000000000000000000000000000000000000000000000000000000000
0000000000000000000000000000000000000000000000000000000000000000000000000000000000
0000000000000000000000000000000000000000000000000000000000000000000000000000000000
0000000000000000000000000000000000000000000000000000000000000000000000000000000000
0000000000000000000000000000000000000000000000000000000000000000000000000000000000
0000000000000000000000000000000000000000000000000000000000000000000000000000000000
0000000000000000000000111111111111100000000000000000000000000000000000000000000000
0000000000000000000111110000000011111000000000000000000000000000000000000000000000
0000000000000000011110000000000000001110000000000000000000000000000000000000000000
0000000000000000111000000000000000000011100000000000000000000000000000000000000000
0000000000000001100000000000000000000001110000000000000000000000000000000000000000
0000000000000011000000000000000000000000011000000000000000000000000000000000000000
0000000000000110000000000000000000000000001100000000000000000000000000000000000000
0000000000001100000000000000000000000000000110000000000000000000000000000000000000
0000000000011000000000000000000000000000000011000000000000000000000000000000000000
0000000000110000000000000000000000000000000011000000000000000000000000000000000000
0000000000110000000000000000000000000000000001100000000000000000000000000000000000
0000000001100000000000000001100000000000000000100000000000000000000000000000000000
0000000001000000000000000011110000000000000000110000000000000000000000000000000000
0000000011000000000000000111011000000000000000010000000000000000000000000000000000
0000000011000000000000001110001100000000000000011000000000000000000000000000000000
0000000010000000000000011100000110000000000000011000000000000000000000000000000000
0000000110000000000000111000000011000000000000001000000000000000000000000000000000
0000000110000000000001110000000001100000000000001000000000000000000000000000000000
0000000110000000000011100000000000110000000000001000000000000000000000000000000000
0000000110000000000111000000000000011000000000001100000000000000000000000000000000
0000000110000000000110000000000000001100000000001100000000000000000000000000000000
0000000110000000000110000000000000001100000000001100000000000000000000000000000000
0000000110000000000011000000000000011000000000001100000000000000000000000000000000
0000000110000000000001100000000000110000000000001000000000000000000000000000000000
0000000110000000000000110000000001100000000000001000000000000000000000000000000000
0000000010000000000000011000000011000000000000011000000000000000000000000000000000
0000000010000000000000001100000110000000000000011000000000000000000000000000000000
0000000011000000000000000110001100000000000000011000000000000000000000000000000000
0000000011000000000000000011111000000000000000110000000000000000000000000000000000
0000000001100000000000000001110000000000000000110000000000000000000000000000000000
0000000001100000000000000000100000000000000001100000000000000000000000000000000000
0000000000110000000000000000000000000000000001100000000000000000000000000000000000
0000000000011000000000000000000000000000000011000000000000000000000000000000000000
0000000000011000000000000000000000000000000110000000000000000000000000000000000000
0000000000001100000000000000000000000000001110000000000000000000000000000000000000
0000000000000110000000000000000000000000011100000000000000000000000000000000000000
0000000000000011000000000000000000000000111000000000000000000000000000000000000000
0000000000000001110000000000000000000001100000000000000000000000000000000000000000
0000000000000000011100000000000000000111000000000000000000000000000000000000000000
0000000000000000001111000000000000111100000000000000000000000000000000000000000000
0000000000000000000011111111111111110000000000000000000000000000000000000000000000
0000000000000000000000011111111110000000000000000000000000000000000000000000000000
0000000000000000000000000000000000000000000000000000000000000000000000000000000000
0000000000000000000000000000000000000000000000000000000000000000000000000000000000
0000000000000000000000000000000000000000000000000000000000000000000000000000000000
0000000000000000000000000000000000000000000000000000000000000000000000000000000000
0000000000000000000000000000000000000000000000000000000000000000000000000000000000
0000000000000000000000000000000000000000000000000000000000000000000000000000000000
0000000000000000000000000000000000000000000000000000000000000000000000000000000000

0000000000000000000000000000000000000000000000000000000000000000000000000000000000
0000000000000000000000000000000000000000000000000000000000000000000000000000000000
0000000000000000000000000000000000000000000000000000000000000000000000000000000000
0000000000000000000000000000000000000000000000000000000000000000000000000000000000
0000000000000000000000000000000000000000000000000000000000000000000000000000000000
0000000000000000000000000000000000000000000000000000000011000000000000000000000000
0000000000000000000000000000000000000000000000000000001111100000000000000000000000
0000000000000000000000000000000000000000000000000000001101110000000000000000000000
0000000000000000000000000000000000000000000000000000011000111000000000000000000000
0000000000000000000000000000000000000000000000000001110000011100000000000000000000
0000000000000000000000000000000000000000000000000001100000001110000000000000000000
0000000000000000000000000000000000000000000000000111000000000111000000000000000000
0000000000000000000000000000000000000000000000001110000000000011100000000000000000
0000000000000000000000000000000000000000000000001100000000000001110000000000000000
0000000000000000000000000000000000000000000000111000000000000000111000000000000000
0000000000000000000000000000000000000000000001110000000000000000011100000000000000
0000000000000000000000000000000000000000000011100000000000000000001110000000000000
0000000000000000000000000000000000000000000111000000000000000000000111000000000000
0000000000000000000000000000000000000000001110000000000000000000000011100000000000
0000000000000000000000000000000000000000011100000000000000000000000001110000000000
0000000000000000000000000000000000000000111000000000000000000000000000111000000000
0000000000000000000000000000000000000001110000000000000000000000000000011100000000
0000000000000000000000000000000000000011100000000000000000000000000000001110000000
0000000000000000000000000000000000000111000000000000000000000000000000000111000000
0000000000000000000000000000000000001110000000000000000000000000000000000011100000
0000000000000000000000000000000000001100000000000000000000000000000000000001100000
0000000000000000000000000000000000000110000000000000000000000000000000000011000000
0000000000000000000000000000000000000011000000000000000000000000000000000110000000
0000000000000000000000000000000000000001100000000000000000000000000000001100000000
0000000000000000000000000000000000000000110000000000000000000000000000011000000000
0000000000000000000000000000000000000000011000000000000000000000000000110000000000
0000000000000000000000000000000000000000001100000000000000000000000001100000000000
0000000000000000000000000000000000000000000110000000000000000000000011000000000000
0000000000000000000111111111111100000000000011000000000000000000000110000000000000
0000000000000000011111000000001111100000000001100000000000000000001100000000000000
0000000000000001111000000000000001111000000000110000000000000000011000000000000000
0000000000000011000000000000000000011100000000011000000000000000110000000000000000
0000000000001110000000000000000000000110000000001100000000000001100000000000000000
0000000000011100000000000000000000000011100000000110000000000011000000000000000000
0000000000110000000000000000000000000001110000000011000000000110000000000000000000
0000000001100000000000000000000000000000110000000001100000001100000000000000000000
0000000001100000000000000000000000000000011000000000110000011000000000000000000000
0000000011000000000000000000000000000000001100000000011000110000000000000000000000
0000000110000000000000000000000000000000000100000000001111100000000000000000000000
0000000110000000000000000000000000000000000110000000000111000000000000000000000000
0000001100000000000000000000000000000000000010000000000000000000000000000000000000
0000001100000000000000000000000000000000000011000000000000000000000000000000000000
0000001000000000000000000000000000000000000011000000000000000000000000000000000000
0000011000000000000000000000000000000000000001000000000000000000000000000000000000
0000011000000000000000000000000000000000000001100000000000000000000000000000000000
0000011000000000000000000000000000000000000001100000000000000000000000000000000000
0000010000000000000000000000000000000000000001100000000000000000000000000000000000
0000010000000000000000000000000000000000000001100000000000000000000000000000000000
0000010000000000000000000000000000000000000001100000000000000000000000000000000000
0000010000000000000000000000000000000000000001100000000000000000000000000000000000
0000010000000000000000000000000000000000000001100000000000000000000000000000000000
0000010000000000000000000000000000000000000001100000000000000000000000000000000000
0000011000000000000000000000000000000000000001100000000000000000000000000000000000
0000011000000000000000000000000000000000000001100000000000000000000000000000000000
0000011000000000000000000000000000000000000001000000000000000000000000000000000000
0000001000000000000000000000000000000000000011000000000000000000000000000000000000
0000001100000000000000000000000000000000000011000000000000000000000000000000000000
0000000100000000000000000000000000000000000110000000000000000000000000000000000000
0000000110000000000000000000000000000000000110000000000000000000000000000000000000
0000000010000000000000000000000000000000001100000000000000000000000000000000000000
0000000011000000000000000000000000000000001100000000000000000000000000000000000000
0000000001100000000000000000000000000000011000000000000000000000000000000000000000
0000000000110000000000000000000000000000110000000000000000000000000000000000000000
0000000000011000000000000000000000000001100000000000000000000000000000000000000000
0000000000001100000000000000000000000011000000000000000000000000000000000000000000
0000000000000111000000000000000000001110000000000000000000000000000000000000000000
0000000000000011100000000000000000111100000000000000000000000000000000000000000000
0000000000000000111100000000000011110000000000000000000000000000000000000000000000
0000000000000000001111111111111111000000000000000000000000000000000000000000000000
0000000000000000000001111111111000000000000000000000000000000000000000000000000000
0000000000000000000000000000000000000000000000000000000000000000000000000000000000
0000000000000000000000000000000000000000000000000000000000000000000000000000000000
0000000000000000000000000000000000000000000000000000000000000000000000000000000000
0000000000000000000000000000000000000000000000000000000000000000000000000000000000
0000000000000000000000000000000000000000000000000000000000000000000000000000000000
0000000000000000000000000000000000000000000000000000000000000000000000000000000000
0000000000000000000000000000000000000000000000000000000000000000000000000000000000

0000000000000000000000000000000000000000000000000000000000000000000000000000000000
0000000000000000000000000000000000000000000000000000000000000000000000000000000000
0000000000000000000000000000000000000000000000000000000000000000000000000000000000
0000000000000000000000000000000000000000000000000000000000000000000000000000000000
0000000000000000000000000000000000000000000000000000000000000000000000000000000000
0000000000000000000000000000000000000000000000000000000000000000000000000000000000
0000000000000000000000000000000000000000000000000000000000000000000000000000000000
0000000000000000000000000000000000000000000000000000000000000000000000000000000000
0000000000000000000000000000000000000000000000000000000000000000000000000000000000
0000000000000000000000000000000000000000000000000000000000000000000000000000000000
0000000000000000000000000000000000000000000000000000000000000000000000000000000000
0000000000000000000000000000000000000000000000000000000000000000000000000000000000
0000000000000001100000000000000000000000000000000000000000000000000000000000000000
0000000000000111111000000000000000000000000000000000000000000000000000000000000000
0000000000001111111100000000000000000000000000000000000000000000000000000000000000
0000000000001111111100000000000000000000000000000000000000000000000000000000000000
0000000000011111111100000000000000000000000000000000000000000000000000000000000000
0000000000011111111100000000000000000000000000000000000000000000000000000000000000
0000000000001111111100000000000000000000000000000000000000000000000000000000000000
0000000000001111111100000000000000000000000000000000000000000000000000000000000000
0000000000000111111000000000000000000000000000000000000000000000000000000000000000
0000000000000000000000000000000000000000000000000000000000000000000000000000000000
0000000000000000000000000000000000000000000000000000000000000000000000000000000000
0000000000000000000000000000000000000000000000000000000000000000000000000000000000
0000000000000000000000000000000000000000000000000000000000000000000000000000000000
0000000000000000000000000000000000000000000000000000000000000000000000000000000000
0000000000000000000000000000000000000000000000000000000000000000000000000000000000
0000000000000000000000000000000000000000000000000000000000000000000000000000000000
0000000000000000000000000000000000000000000000000000000000000000000000000000000000
0000000000000000000000000000000000000000000000000000000000000000000000000000000000
0000000000000000000000000000000000000000000000000000000000000000000000000000000000
0000000000000000000000000000000000000000000000000000010000000000000000000000000000
0000000000000000000000000000000000000000000000000000111000000000000000000000000000
0000000000000000000000000000000000000000000000000000111000000000000000000000000000
0000000000000000000000000000000000000000000000000001101100000000000000000000000000
0000000000000000000000000000000000000000000000000001001100000000000000000000000000
0000000000000000000000000000000000000000000000000011000110000000000000000000000000
0000000000000000000000000000000000000000000000000010000010000000000000000000000000
0000000000000000000000000000000000000000000000000110000011000000000000000000000000
0000000000000000000000000000000000000000000000000100000001000000000000000000000000
0000000000000000000000000000000000000000000000001100000001100000000000000000000000
0000000000000000000000000000000000000000000000001000000000100000000000000000000000
0000000000000000000000000000000000000000000000011000000000110000000000000000000000
0000000000000000000000000000000000000000000000010000000000010000000000000000000000
0000000000000000000000000000000000000000000000110000000000011000000000000000000000
0000000000000000000000000000000000000000000000100000000000001000000000000000000000
0000000000000000000000000000000000000000000001100000000000001100000000000000000000
0000000000000000000000000000000000000000000001000000000000000100000000000000000000
0000000000000000000000000000000000000000000011000000000000000110000000000000000000
0000000000000000000000000000000000000000000010000000000000000010000000000000000000
0000000000000000000000000000000000000000000110000000000000000011000000000000000000
0000000000000000000000000000000000000000000100000011111110000001000000000000000000
0000000000000000000000000000000000000000001100001111111111100001100000000000000000
0000000000000000000000000000000000000000001000011100000001110000100000000000000000
0000000000000000000000000000000000000000011000110000000000011000110000000000000000
0000000000000000000000000000000000000000010001100000000000001100010000000000000000
0000000000000000000000000000000000000000110001000000000000000100011000000000000000
0000000000000000000000000000000000000000100011000000000000000110001000000000000000
0000000000000000000000000000000000000001100011000000000000000110001100000000000000
0000000000000000000000000000000000000001000010000000000000000010000100000000000000
0000000000000000000000000000000000000011000010000000000000000010000110000000000000
0000000000000000000000000000000000000010000010000000000000000010000010000000000000
0000000000000000000000000000000000000110000010000000000000000010000011000000000000
0000000000000000000000000000000000000100000011000000000000000110000001000000000000
0000000000000000000000000000000000001100000011000000000000000110000001100000000000
0000000000000000000000000000000000001000000001100000000000001100000000100000000000
0000000000000000000000000000000000011000000000110000000000011000000000110000000000
0000000000000000000000000000000000010000000000111000000000110000000000010000000000
0000000000000000000000000000000000110000000000001110000011100000000000011000000000
0000000000000000000000000000000000100000000000000111111111000000000000001000000000
0000000000000000000000000000000001100000000000000000000000000000000000001100000000
0000000000000000000000000000000001100000000000000000000000000000000000001100000000
0000000000000000000000000000000011111111111111111111111111111111111111111110000000
0000000000000000000000000000000000000000000000000000000000000000000000000000000000
0000000000000000000000000000000000000000000000000000000000000000000000000000000000
0000000000000000000000000000000000000000000000000000000000000000000000000000000000
0000000000000000000000000000000000000000000000000000000000000000000000000000000000
0000000000000000000000000000000000000000000000000000000000000000000000000000000000
0000000000000000000000000000000000000000000000000000000000000000000000000000000000
0000000000000000000000000000000000000000000000000000000000000000000000000000000000
0000000000000000000000000000000000000000000000000000000000000000000000000000000000
0000000000000000000000000000000000000000000000000000000000000000000000000000000000

1111111111111111111111111111111111111111111111111111111111111111111111111111111111
1111111111111111111111111111111111111111111111111111111111111111111111111111111111
1111111111111111111111111111111111111111111111111111111111111111111111111111111111
1111111111111111111111111111111111111111111111111111111111111111111111111111111111
1111111111111111111111111111111111111111111111111111111111111111111111111111111111
1111111111111111111111111111111111111111111111111111111111111111111111111111111111
1111111111111111111111111111111111111111111111111111111111111111111111111111111111
1111111111111111111111111111111111111111111111111111111111111111111111111111111111
1111111111111111111111111111111111111111111111111111111111111111111111111111111111
1111111111111111111111111111111111111111111111111111111111111111111111111111111111
1111111111111111111111111111111111111111111111111111111111111111111111111111111111
1111111111111111111111111111111111111111111111111111111111111111111111111111111111
1111111111111111111111111111111111111111111111111111111111111111111111111111111111
1111111111111111111111111111111111111111111111111111111111111111111111111111111111
1111111111111111111111111111111111111111111111111111111111111111111111111111111111
1111111111111111111111111111111111111111111111111111111111111111111111111111111111
1111111111111111111111111111111111111111111111111111111111111111111111111111111111
1111111111111111111111111111111111111111111111111111111111111111111111111111111111
1111111111111111111111111111111111111111111111111111111111111111111111111111111111
1111111111111111111111111111111111111111111111111111111111111111111111111111111111
1111111111111111111111111111111111111111111111111111111111111111111111111111111111
1111111111111111111111111111111111111111111111111111111111111111111111111111111111
1111111111111111111111111111111111111111111111111111111111111111111111111111111111
1111111111111111111111111111111111111111111111111111111111111111111111111111111111
1111111111111111111111111111111111111111111111111111111111111111111111111111111111
1111111111111111111111111111111111111111111111111111111111111111111111111111111111
1111111111111111111111111111111111111111111111111111111111111111111111111111111111
1111111111111111111111111111111111111111111111111111111111111111111111111111111111
1111111111111111111111111111111111111111111111111111111111111111111111111111111111
1111111111111111111111111111111111111111111111111111111111111111111111111111111111
1111111111111111111111111111111111111111111111111111111111111111111111111111111111
1111111111111111111111111111111111111111111111111111111111111111111111111111111111
1111111111111111111111111111111111111111111111111111111111111111111111111111111111
1111111111111111111111111111111111111111111111111111111111111111111111111111111111
1111111111111111111111111111111111111111111111111111111111111111111111111111111111
1111111111111111111111111111111111111111111111111111111111111111111111111111111111
1111111111111111111111111111111111111111111111111111111111111111111111111111111111
1111111111111111111111111111111111111111111111111111111111111111111111111111111111
1111111111111111111111111111111111111111111111111111111111111111111111111111111111
1111111111111111111111111111111111111111111111111111111111111111111111111111111111
1111111111111111111111111111111111111111111111111111111111111111111111111111111111
1111111111111111111111111111111111111111111111111111111111111111111111111111111111
1111111111111111111111111111111111111111111111111111111111111111111111111111111111
1111111111111111111111111111111111111111111111111111111111111111111111111111111111
1111111111111111111111111111111111111111111111111111111111111111111111111111111111
1111111111111111111111111111111111111111111111111111111111111111111111111111111111
1111111111111111111111111111111111111111111111111111111111111111111111111111111111
1111111111111111111111111111111111111111111111111111111111111111111111111111111111
1111111111111111111111111111111111111111111111111111111111111111111111111111111111
1111111111111111111111111111111111111111111111111111111111111111111111111111111111
1111111111111111111111111111111111111111111111111111111111111111111111111111111111
1111111111111111111111111111111111111111111111111111111111111111111111111111111111
1111111111111111111111111111111111111111111111111111111111111111111111111111111111
1111111111111111111111111111111111111111111111111111111111111111111111111111111111
1111111111111111111111111111111111111111111111111111111111111111111111111111111111
1111111111111111111111111111111111111111111111111111111111111111111111111111111111
1111111111111111111111111111111111111111111111111111111111111111111111111111111111
1111111111111111111111111111111111111111111111111111111111111111111111111111111111
1111111111111111111111111111111111111111111111111111111111111111111111111111111111
1111111111111111111111111111111111111111111111111111111111111111111111111111111111
1111111111111111111111111111111111111111111111111111111111111111111111111111111111
1111111111111111111111111111111111111111111111111111111111111111111111111111111111
1111111111111111111111111111111111111111111111111111111111111111111111111111111111
1111111111111111111111111111111111111111111111111111111111111111111111111111111111
1111111111111111111111111111111111111111111111111111111111111111111111111111111111
1111111111111111111111111111111111111111111111111111111111111111111111111111111111
1111111111111111111111111111111111111111111111111111111111111111111111111111111111
1111111111111111111111111111111111111111111111111111111111111111111111111111111111
1111111111111111111111111111111111111111111111111111111111111111111111111111111111
1111111111111111111111111111111111111111111111111111111111111111111111111111111111
1111111111111111111111111111111111111111111111111111111111111111111111111111111111
1111111111111111111111111111111111111111111111111111111111111111111111111111111111
1111111111111111111111111111111111111111111111111111111111111111111111111111111111
1111111111111111111111111111111111111111111111111111111111111111111111111111111111
1111111111111111111111111111111111111111111111111111111111111111111111111111111111
1111111111111111111111111111111111111111111111111111111111111111111111111111111111
1111111111111111111111111111111111111111111111111111111111111111111111111111111111
1111111111111111111111111111111111111111111111111111111111111111111111111111111111
1111111111111111111111111111111111111111111111111111111111111111111111111111111111
1111111111111111111111111111111111111111111111111111111111111111111111111111111111
1111111111111111111111111111111111111111111111111111111111111111111111111111111111
1111111111111111111111111111111111111111111111111111111111111111111111111111111111

