50

circle
00000000000000000000000000000000000000000000000000
00000000000000000000000000000000000000000000000000
00000000000000000000000000000000000000000000000000
00000000000000000000000010000000000000000000000000
00000000000000000011111111111110000000000000000000
00000000000000001111111111111111100000000000000000
00000000000000111122222222222221111000000000000000
00000000000011112222222222222222211110000000000000
00000000000111222222222222222222222111000000000000
00000000001112222222222222222222222211100000000000
00000000011122222222222222222222222221110000000000
00000000111222222222222222222222222222111000000000
00000001112222222222222222222222222222211100000000
00000001122222222222222222222222222222221100000000
00000011222222222222222222222222222222222110000000
00000011222222222222222222222222222222222110000000
00000112222222222222222222222222222222222211000000
00000112222222222222222222222222222222222211000000
00001122222222222222222222222222222222222221100000
00001122222222222222222222222222222222222221100000
00001122222222222222222222222222222222222221100000
00001122222222222222222222222222222222222221100000
00001122222222222222222222222222222222222221100000
00001122222222222222222222222222222222222221100000
00011122222222222222222222222222222222222221110000
00001122222222222222222222222222222222222221100000
00001122222222222222222222222222222222222221100000
00001122222222222222222222222222222222222221100000
00001122222222222222222222222222222222222221100000
00001122222222222222222222222222222222222221100000
00001122222222222222222222222222222222222221100000
00000112222222222222222222222222222222222211000000
00000112222222222222222222222222222222222211000000
00000011222222222222222222222222222222222110000000
00000011222222222222222222222222222222222110000000
00000001122222222222222222222222222222221100000000
00000001112222222222222222222222222222211100000000
00000000111222222222222222222222222222111000000000
00000000011122222222222222222222222221110000000000
00000000001112222222222222222222222211100000000000
00000000000111222222222222222222222111000000000000
00000000000011112222222222222222211110000000000000
00000000000000111122222222222221111000000000000000
00000000000000001111111111111111100000000000000000
00000000000000000011111111111110000000000000000000
00000000000000000000000010000000000000000000000000
00000000000000000000000000000000000000000000000000
00000000000000000000000000000000000000000000000000
00000000000000000000000000000000000000000000000000
00000000000000000000000000000000000000000000000000


square
00000000000000000000000000000000000000000000000000
00000000000000000000000000000000000000000000000000
00000000000000000000000000000000000000000000000000
00000000000000000000000000000000000000000000000000
00000000000000000000000000000000000000000000000000
00000000000000000000000000000000000000000000000000
00000000000000000000000000000000000000000000000000
00000000000000000000000000000000000000000000000000
00000000111111111111111111111111111111111100000000
00000000111111111111111111111111111111111100000000
00000000112222222222222222222222222222221100000000
00000000112222222222222222222222222222221100000000
00000000112222222222222222222222222222221100000000
00000000112222222222222222222222222222221100000000
00000000112222222222222222222222222222221100000000
00000000112222222222222222222222222222221100000000
00000000112222222222222222222222222222221100000000
00000000112222222222222222222222222222221100000000
00000000112222222222222222222222222222221100000000
00000000112222222222222222222222222222221100000000
00000000112222222222222222222222222222221100000000
00000000112222222222222222222222222222221100000000
00000000112222222222222222222222222222221100000000
00000000112222222222222222222222222222221100000000
00000000112222222222222222222222222222221100000000
00000000112222222222222222222222222222221100000000
00000000112222222222222222222222222222221100000000
00000000112222222222222222222222222222221100000000
00000000112222222222222222222222222222221100000000
00000000112222222222222222222222222222221100000000
00000000112222222222222222222222222222221100000000
00000000112222222222222222222222222222221100000000
00000000112222222222222222222222222222221100000000
00000000112222222222222222222222222222221100000000
00000000112222222222222222222222222222221100000000
00000000112222222222222222222222222222221100000000
00000000112222222222222222222222222222221100000000
00000000112222222222222222222222222222221100000000
00000000112222222222222222222222222222221100000000
00000000112222222222222222222222222222221100000000
00000000111111111111111111111111111111111100000000
00000000111111111111111111111111111111111100000000
00000000000000000000000000000000000000000000000000
00000000000000000000000000000000000000000000000000
00000000000000000000000000000000000000000000000000
00000000000000000000000000000000000000000000000000
00000000000000000000000000000000000000000000000000
00000000000000000000000000000000000000000000000000
00000000000000000000000000000000000000000000000000
00000000000000000000000000000000000000000000000000


rectangle
00000000000000000000000000000000000000000000000000
00000000000000000000000000000000000000000000000000
00000000000000000000000000000000000000000000000000
00000000000000000000000000000000000000000000000000
00000000000000000000000000000000000000000000000000
00000000000000000000000000000000000000000000000000
00000000000000000000000000000000000000000000000000
00000000000000000000011111111000000000000000000000
00000000000000000000011111111000000000000000000000
00000000000000000000011222211000000000000000000000
00000000000000000000011222211000000000000000000000
00000000000000000000011222211000000000000000000000
00000000000000000000011222211000000000000000000000
00000000000000000000011222211000000000000000000000
00000000000000000000011222211000000000000000000000
00000000000000000000011222211000000000000000000000
00000000000000000000011222211000000000000000000000
00000000000000000000011222211000000000000000000000
00000000000000000000011222211000000000000000000000
00000000000000000000011222211000000000000000000000
00000000000000000000011222211000000000000000000000
00000000000000000000011222211000000000000000000000
00000000000000000000011222211000000000000000000000
00000000000000000000011222211000000000000000000000
00000000000000000000011222211000000000000000000000
00000000000000000000011222211000000000000000000000
00000000000000000000011222211000000000000000000000
00000000000000000000011222211000000000000000000000
00000000000000000000011222211000000000000000000000
00000000000000000000011222211000000000000000000000
00000000000000000000011222211000000000000000000000
00000000000000000000011222211000000000000000000000
00000000000000000000011222211000000000000000000000
00000000000000000000011222211000000000000000000000
00000000000000000000011222211000000000000000000000
00000000000000000000011222211000000000000000000000
00000000000000000000011222211000000000000000000000
00000000000000000000011222211000000000000000000000
00000000000000000000011222211000000000000000000000
00000000000000000000011222211000000000000000000000
00000000000000000000011222211000000000000000000000
00000000000000000000011111111000000000000000000000
00000000000000000000011111111000000000000000000000
00000000000000000000000000000000000000000000000000
00000000000000000000000000000000000000000000000000
00000000000000000000000000000000000000000000000000
00000000000000000000000000000000000000000000000000
00000000000000000000000000000000000000000000000000
00000000000000000000000000000000000000000000000000
00000000000000000000000000000000000000000000000000


triangle
00000000000000000000000000000000000000000000000000
00000000000000000000000000000000000000000000000000
00000000000000000000000000000000000000000000000000
00000000000000000000000000000000000000000000000000
00000000000000000000000000000000000000000000000000
00000000000000000000000000000000000000000000000000
00000000000000000000000000000000000000000000000000
00000000000000000000000000000000000000000000000000
00000000000000000000000000000000000000000000000000
00000000000000000000000000000000000000000000000000
00000000000000000000000000000000000000000000000000
00000000000000000000000000000000000000000000000000
00000000000000000000000000000000000000000000000000
00000000000000000000000000000000000000000000000000
00000000000000000000000000000000000000000000000000
00000000000000000000000011000000000000000000000000
00000000000000000000000111100000000000000000000000
00000000000000000000001122110000000000000000000000
00000000000000000000011222211000000000000000000000
00000000000000000000112222221100000000000000000000
00000000000000000001122222222110000000000000000000
00000000000000000011222222222211000000000000000000
00000000000000000112222222222221100000000000000000
00000000000000001122222222222222110000000000000000
00000000000000011222222222222222211000000000000000
00000000000000112222222222222222221100000000000000
00000000000001122222222222222222222110000000000000
00000000000011222222222222222222222211000000000000
00000000000112222222222222222222222221100000000000
00000000001122222222222222222222222222110000000000
00000000011222222222222222222222222222211000000000
00000000112222222222222222222222222222221100000000
00000001111111111111111111111111111111111110000000
00000011111111111111111111111111111111111111000000
00000000000000000000000000000000000000000000000000
00000000000000000000000000000000000000000000000000
00000000000000000000000000000000000000000000000000
00000000000000000000000000000000000000000000000000
00000000000000000000000000000000000000000000000000
00000000000000000000000000000000000000000000000000
00000000000000000000000000000000000000000000000000
00000000000000000000000000000000000000000000000000
00000000000000000000000000000000000000000000000000
00000000000000000000000000000000000000000000000000
00000000000000000000000000000000000000000000000000
00000000000000000000000000000000000000000000000000
00000000000000000000000000000000000000000000000000
00000000000000000000000000000000000000000000000000
00000000000000000000000000000000000000000000000000
00000000000000000000000000000000000000000000000000


