== Attributes ==
title=26_square_v1_v2
type= 2x2
result=6
window_size=(75, 75)

== Input ==
000000000000000000000000000000000000000000000000000000000000000000000000000
000000000000000000000000000000000000000000000000000000000000000000000000000
000000000000000000000000000000000000000000000000000000000000000000000000000
000000000000000000000000000000000000000000000000000000000000000000000000000
000000000000000000000000000000000000000000000000000000000000000000000000000
000000000000000000000000000000000000000000000000000000000000000000000000000
000000000000000000000000000000000000000000000000000000000000000000000000000
000000000000000000000000000000000000000000000000000000000000000000000000000
000000000000000000000000000000000000000000000000000000000000000000000000000
000000000000000000000000000000000000000000000000000000000000000000000000000
000000000000000000000000000000000000000000000000000000000000000000000000000
000000000001111111111111111111111111111111111111111111111111111100000000000
000000000001111111111111111111111111111111111111111111111111111100000000000
000000000001111111111111111111111111100000000000000000000000001100000000000
000000000001111111111111111111111111100000000000000000000000001100000000000
000000000001111111111111111111111111100000000000000000000000001100000000000
000000000001111111111111111111111111100000000000000000000000001100000000000
000000000001111111111111111111111111100000000000000000000000001100000000000
000000000001111111111111111111111111100000000000000000000000001100000000000
000000000001111111111111111111111111100000000000000000000000001100000000000
000000000001111111111111111111111111100000000000000000000000001100000000000
000000000001111111111111111111111111100000000000000000000000001100000000000
000000000001111111111111111111111111100000000000000000000000001100000000000
000000000001111111111111111111111111100000000000000000000000001100000000000
000000000001111111111111111111111111100000000000000000000000001100000000000
000000000001111111111111111111111111100000000000000000000000001100000000000
000000000001111111111111111111111111100000000000000000000000001100000000000
000000000001111111111111111111111111100000000000000000000000001100000000000
000000000001111111111111111111111111100000000000000000000000001100000000000
000000000001111111111111111111111111100000000000000000000000001100000000000
000000000001111111111111111111111111100000000000000000000000001100000000000
000000000001111111111111111111111111100000000000000000000000001100000000000
000000000001111111111111111111111111100000000000000000000000001100000000000
000000000001111111111111111111111111100000000000000000000000001100000000000
000000000001111111111111111111111111100000000000000000000000001100000000000
000000000001111111111111111111111111100000000000000000000000001100000000000
000000000001111111111111111111111111100000000000000000000000001100000000000
000000000001111111111111111111111111100000000000000000000000001100000000000
000000000001111111111111111111111111100000000000000000000000001100000000000
000000000001111111111111111111111111100000000000000000000000001100000000000
000000000001111111111111111111111111100000000000000000000000001100000000000
000000000001111111111111111111111111100000000000000000000000001100000000000
000000000001111111111111111111111111100000000000000000000000001100000000000
000000000001111111111111111111111111100000000000000000000000001100000000000
000000000001111111111111111111111111100000000000000000000000001100000000000
000000000001111111111111111111111111100000000000000000000000001100000000000
000000000001111111111111111111111111100000000000000000000000001100000000000
000000000001111111111111111111111111100000000000000000000000001100000000000
000000000001111111111111111111111111100000000000000000000000001100000000000
000000000001111111111111111111111111100000000000000000000000001100000000000
000000000001111111111111111111111111100000000000000000000000001100000000000
000000000001111111111111111111111111100000000000000000000000001100000000000
000000000001111111111111111111111111100000000000000000000000001100000000000
000000000001111111111111111111111111100000000000000000000000001100000000000
000000000001111111111111111111111111100000000000000000000000001100000000000
000000000001111111111111111111111111100000000000000000000000001100000000000
000000000001111111111111111111111111100000000000000000000000001100000000000
000000000001111111111111111111111111100000000000000000000000001100000000000
000000000001111111111111111111111111100000000000000000000000001100000000000
000000000001111111111111111111111111100000000000000000000000001100000000000
000000000001111111111111111111111111100000000000000000000000001100000000000
000000000001111111111111111111111111100000000000000000000000001100000000000
000000000001111111111111111111111111111111111111111111111111111100000000000
000000000001111111111111111111111111111111111111111111111111111100000000000
000000000000000000000000000000000000000000000000000000000000000000000000000
000000000000000000000000000000000000000000000000000000000000000000000000000
000000000000000000000000000000000000000000000000000000000000000000000000000
000000000000000000000000000000000000000000000000000000000000000000000000000
000000000000000000000000000000000000000000000000000000000000000000000000000
000000000000000000000000000000000000000000000000000000000000000000000000000
000000000000000000000000000000000000000000000000000000000000000000000000000
000000000000000000000000000000000000000000000000000000000000000000000000000
000000000000000000000000000000000000000000000000000000000000000000000000000
000000000000000000000000000000000000000000000000000000000000000000000000000
000000000000000000000000000000000000000000000000000000000000000000000000000

000000000000000000000000000000000000000000000000000000000000000000000000000
000000000000000000000000000000000000000000000000000000000000000000000000000
000000000000000000000000000000000000000000000000000000000000000000000000000
000000000000000000000000000000000000000000000000000000000000000000000000000
000000000000000000000000000000000000000000000000000000000000000000000000000
000000000000000000000000000000000000000000000000000000000000000000000000000
000000000000000000000000000000000000000000000000000000000000000000000000000
000000000000000000000000000000000000000000000000000000000000000000000000000
000000000000000000000000000000000000000000000000000000000000000000000000000
000000000000000000000000000000000000000000000000000000000000000000000000000
000000000000000000000000000000000000000000000000000000000000000000000000000
000000000001111111111111111111111111111111111111111111111111111100000000000
000000000001111111111111111111111111111111111111111111111111111100000000000
000000000001100000000000000000000000011111111111111111111111111100000000000
000000000001100000000000000000000000011111111111111111111111111100000000000
000000000001100000000000000000000000011111111111111111111111111100000000000
000000000001100000000000000000000000011111111111111111111111111100000000000
000000000001100000000000000000000000011111111111111111111111111100000000000
000000000001100000000000000000000000011111111111111111111111111100000000000
000000000001100000000000000000000000011111111111111111111111111100000000000
000000000001100000000000000000000000011111111111111111111111111100000000000
000000000001100000000000000000000000011111111111111111111111111100000000000
000000000001100000000000000000000000011111111111111111111111111100000000000
000000000001100000000000000000000000011111111111111111111111111100000000000
000000000001100000000000000000000000011111111111111111111111111100000000000
000000000001100000000000000000000000011111111111111111111111111100000000000
000000000001100000000000000000000000011111111111111111111111111100000000000
000000000001100000000000000000000000011111111111111111111111111100000000000
000000000001100000000000000000000000011111111111111111111111111100000000000
000000000001100000000000000000000000011111111111111111111111111100000000000
000000000001100000000000000000000000011111111111111111111111111100000000000
000000000001100000000000000000000000011111111111111111111111111100000000000
000000000001100000000000000000000000011111111111111111111111111100000000000
000000000001100000000000000000000000011111111111111111111111111100000000000
000000000001100000000000000000000000011111111111111111111111111100000000000
000000000001100000000000000000000000011111111111111111111111111100000000000
000000000001100000000000000000000000011111111111111111111111111100000000000
000000000001100000000000000000000000011111111111111111111111111100000000000
000000000001100000000000000000000000011111111111111111111111111100000000000
000000000001100000000000000000000000011111111111111111111111111100000000000
000000000001100000000000000000000000011111111111111111111111111100000000000
000000000001100000000000000000000000011111111111111111111111111100000000000
000000000001100000000000000000000000011111111111111111111111111100000000000
000000000001100000000000000000000000011111111111111111111111111100000000000
000000000001100000000000000000000000011111111111111111111111111100000000000
000000000001100000000000000000000000011111111111111111111111111100000000000
000000000001100000000000000000000000011111111111111111111111111100000000000
000000000001100000000000000000000000011111111111111111111111111100000000000
000000000001100000000000000000000000011111111111111111111111111100000000000
000000000001100000000000000000000000011111111111111111111111111100000000000
000000000001100000000000000000000000011111111111111111111111111100000000000
000000000001100000000000000000000000011111111111111111111111111100000000000
000000000001100000000000000000000000011111111111111111111111111100000000000
000000000001100000000000000000000000011111111111111111111111111100000000000
000000000001100000000000000000000000011111111111111111111111111100000000000
000000000001100000000000000000000000011111111111111111111111111100000000000
000000000001100000000000000000000000011111111111111111111111111100000000000
000000000001100000000000000000000000011111111111111111111111111100000000000
000000000001100000000000000000000000011111111111111111111111111100000000000
000000000001100000000000000000000000011111111111111111111111111100000000000
000000000001100000000000000000000000011111111111111111111111111100000000000
000000000001100000000000000000000000011111111111111111111111111100000000000
000000000001111111111111111111111111111111111111111111111111111100000000000
000000000001111111111111111111111111111111111111111111111111111100000000000
000000000000000000000000000000000000000000000000000000000000000000000000000
000000000000000000000000000000000000000000000000000000000000000000000000000
000000000000000000000000000000000000000000000000000000000000000000000000000
000000000000000000000000000000000000000000000000000000000000000000000000000
000000000000000000000000000000000000000000000000000000000000000000000000000
000000000000000000000000000000000000000000000000000000000000000000000000000
000000000000000000000000000000000000000000000000000000000000000000000000000
000000000000000000000000000000000000000000000000000000000000000000000000000
000000000000000000000000000000000000000000000000000000000000000000000000000
000000000000000000000000000000000000000000000000000000000000000000000000000
000000000000000000000000000000000000000000000000000000000000000000000000000

000000000000000000000000000000000000000000000000000000000000000000000000000
000000000000000000000000000000000000000000000000000000000000000000000000000
000000000000000000000000000000000000000000000000000000000000000000000000000
000000000000000000000000000000000000000000000000000000000000000000000000000
000000000000000000000000000000000000000000000000000000000000000000000000000
000000000000000000000000000000000000000000000000000000000000000000000000000
000000000000000000000000000000000000000000000000000000000000000000000000000
000000000000000000000000000000000000000000000000000000000000000000000000000
000000000000000000000000000000000000000000000000000000000000000000000000000
000000000000000000000000000000000000000000000000000000000000000000000000000
000000000000000000000000000000000000000000000000000000000000000000000000000
000000000001111111111111111111111111111111111111111111111111111100000000000
000000000001111111111111111111111111111111111111111111111111111100000000000
000000000001111111111111111111111111100000000000000000000000001100000000000
000000000001111111111111111111111111100000000000000000000000001100000000000
000000000001111111111111111111111111100000000000000000000000001100000000000
000000000001111111111111111111111111100000000000000000000000001100000000000
000000000001111111111111111111111111100000000000000000000000001100000000000
000000000001111111111111111111111111100000000000000000000000001100000000000
000000000001111111111111111111111111100000000000000000000000001100000000000
000000000001111111111111111111111111100000000000000000000000001100000000000
000000000001111111111111111111111111100000000000000000000000001100000000000
000000000001111111111111111111111111100000000000000000000000001100000000000
000000000001111111111111111111111111100000000000000000000000001100000000000
000000000001111111111111111111111111100000000000000000000000001100000000000
000000000001111111111111111111111111100000000000000000000000001100000000000
000000000001111111111111111111111111100000000000000000000000001100000000000
000000000001111111111111111111111111100000000000000000000000001100000000000
000000000001111111111111111111111111100000000000000000000000001100000000000
000000000001111111111111111111111111100000000000000000000000001100000000000
000000000001111111111111111111111111100000000000000000000000001100000000000
000000000001111111111111111111111111100000000000000000000000001100000000000
000000000001111111111111111111111111100000000000000000000000001100000000000
000000000001111111111111111111111111100000000000000000000000001100000000000
000000000001111111111111111111111111100000000000000000000000001100000000000
000000000001111111111111111111111111100000000000000000000000001100000000000
000000000001111111111111111111111111100000000000000000000000001100000000000
000000000001111111111111111111111111100000000000000000000000001100000000000
000000000001111111111111111111111111100000000000000000000000001100000000000
000000000001111111111111111111111111100000000000000000000000001100000000000
000000000001111111111111111111111111100000000000000000000000001100000000000
000000000001111111111111111111111111100000000000000000000000001100000000000
000000000001111111111111111111111111100000000000000000000000001100000000000
000000000001111111111111111111111111100000000000000000000000001100000000000
000000000001111111111111111111111111100000000000000000000000001100000000000
000000000001111111111111111111111111100000000000000000000000001100000000000
000000000001111111111111111111111111100000000000000000000000001100000000000
000000000001111111111111111111111111100000000000000000000000001100000000000
000000000001111111111111111111111111100000000000000000000000001100000000000
000000000001111111111111111111111111100000000000000000000000001100000000000
000000000001111111111111111111111111100000000000000000000000001100000000000
000000000001111111111111111111111111100000000000000000000000001100000000000
000000000001111111111111111111111111100000000000000000000000001100000000000
000000000001111111111111111111111111100000000000000000000000001100000000000
000000000001111111111111111111111111100000000000000000000000001100000000000
000000000001111111111111111111111111100000000000000000000000001100000000000
000000000001111111111111111111111111100000000000000000000000001100000000000
000000000001111111111111111111111111100000000000000000000000001100000000000
000000000001111111111111111111111111100000000000000000000000001100000000000
000000000001111111111111111111111111100000000000000000000000001100000000000
000000000001111111111111111111111111100000000000000000000000001100000000000
000000000001111111111111111111111111100000000000000000000000001100000000000
000000000001111111111111111111111111111111111111111111111111111100000000000
000000000001111111111111111111111111111111111111111111111111111100000000000
000000000000000000000000000000000000000000000000000000000000000000000000000
000000000000000000000000000000000000000000000000000000000000000000000000000
000000000000000000000000000000000000000000000000000000000000000000000000000
000000000000000000000000000000000000000000000000000000000000000000000000000
000000000000000000000000000000000000000000000000000000000000000000000000000
000000000000000000000000000000000000000000000000000000000000000000000000000
000000000000000000000000000000000000000000000000000000000000000000000000000
000000000000000000000000000000000000000000000000000000000000000000000000000
000000000000000000000000000000000000000000000000000000000000000000000000000
000000000000000000000000000000000000000000000000000000000000000000000000000
000000000000000000000000000000000000000000000000000000000000000000000000000

== Output ==
000000000000000000000000000000000000000000000000000000000000000000000000000
000000000000000000000000000000000000000000000000000000000000000000000000000
000000000000000000000000000000000000000000000000000000000000000000000000000
000000000000000000000000000000000000000000000000000000000000000000000000000
000000000000000000000000000000000000000000000000000000000000000000000000000
000000000000000000000000000000000000000000000000000000000000000000000000000
000000000000000000000000000000000000000000000000000000000000000000000000000
000000000000000000000000000000000000000000000000000000000000000000000000000
000000000000000000000000000000000000000000000000000000000000000000000000000
000000000000000000000000000000000000000000000000000000000000000000000000000
000000000000000000000000000000000000000000000000000000000000000000000000000
000000000001111111111111111111111111111111111111111111111111111100000000000
000000000001111111111111111111111111111111111111111111111111111100000000000
000000000001111111111111111111111111100000000000000000000000001100000000000
000000000001111111111111111111111111100000000000000000000000001100000000000
000000000001111111111111111111111111100000000000000000000000001100000000000
000000000001111111111111111111111111100000000000000000000000001100000000000
000000000001111111111111111111111111100000000000000000000000001100000000000
000000000001111111111111111111111111100000000000000000000000001100000000000
000000000001111111111111111111111111100000000000000000000000001100000000000
000000000001111111111111111111111111100000000000000000000000001100000000000
000000000001111111111111111111111111100000000000000000000000001100000000000
000000000001111111111111111111111111100000000000000000000000001100000000000
000000000001111111111111111111111111100000000000000000000000001100000000000
000000000001111111111111111111111111100000000000000000000000001100000000000
000000000001111111111111111111111111100000000000000000000000001100000000000
000000000001111111111111111111111111100000000000000000000000001100000000000
000000000001111111111111111111111111100000000000000000000000001100000000000
000000000001111111111111111111111111100000000000000000000000001100000000000
000000000001111111111111111111111111100000000000000000000000001100000000000
000000000001111111111111111111111111100000000000000000000000001100000000000
000000000001111111111111111111111111100000000000000000000000001100000000000
000000000001111111111111111111111111100000000000000000000000001100000000000
000000000001111111111111111111111111100000000000000000000000001100000000000
000000000001111111111111111111111111100000000000000000000000001100000000000
000000000001111111111111111111111111100000000000000000000000001100000000000
000000000001111111111111111111111111100000000000000000000000001100000000000
000000000001111111111111111111111111100000000000000000000000001100000000000
000000000001111111111111111111111111100000000000000000000000001100000000000
000000000001111111111111111111111111100000000000000000000000001100000000000
000000000001111111111111111111111111100000000000000000000000001100000000000
000000000001111111111111111111111111100000000000000000000000001100000000000
000000000001111111111111111111111111100000000000000000000000001100000000000
000000000001111111111111111111111111100000000000000000000000001100000000000
000000000001111111111111111111111111100000000000000000000000001100000000000
000000000001111111111111111111111111100000000000000000000000001100000000000
000000000001111111111111111111111111100000000000000000000000001100000000000
000000000001111111111111111111111111100000000000000000000000001100000000000
000000000001111111111111111111111111100000000000000000000000001100000000000
000000000001111111111111111111111111100000000000000000000000001100000000000
000000000001111111111111111111111111100000000000000000000000001100000000000
000000000001111111111111111111111111100000000000000000000000001100000000000
000000000001111111111111111111111111100000000000000000000000001100000000000
000000000001111111111111111111111111100000000000000000000000001100000000000
000000000001111111111111111111111111100000000000000000000000001100000000000
000000000001111111111111111111111111100000000000000000000000001100000000000
000000000001111111111111111111111111100000000000000000000000001100000000000
000000000001111111111111111111111111100000000000000000000000001100000000000
000000000001111111111111111111111111100000000000000000000000001100000000000
000000000001111111111111111111111111100000000000000000000000001100000000000
000000000001111111111111111111111111100000000000000000000000001100000000000
000000000001111111111111111111111111100000000000000000000000001100000000000
000000000001111111111111111111111111111111111111111111111111111100000000000
000000000001111111111111111111111111111111111111111111111111111100000000000
000000000000000000000000000000000000000000000000000000000000000000000000000
000000000000000000000000000000000000000000000000000000000000000000000000000
000000000000000000000000000000000000000000000000000000000000000000000000000
000000000000000000000000000000000000000000000000000000000000000000000000000
000000000000000000000000000000000000000000000000000000000000000000000000000
000000000000000000000000000000000000000000000000000000000000000000000000000
000000000000000000000000000000000000000000000000000000000000000000000000000
000000000000000000000000000000000000000000000000000000000000000000000000000
000000000000000000000000000000000000000000000000000000000000000000000000000
000000000000000000000000000000000000000000000000000000000000000000000000000
000000000000000000000000000000000000000000000000000000000000000000000000000

000000000000000000000000000000000000000000000000000000000000000000000000000
000000000000000000000000000000000000000000000000000000000000000000000000000
000000000000000000000000000000000000000000000000000000000000000000000000000
000000000000000000000000000000000000000000000000000000000000000000000000000
000000000000000000000000000000000000000000000000000000000000000000000000000
000000000000000000000000000000000000000000000000000000000000000000000000000
000000000000000000000000000000000000010000000000000000000000000000000000000
000000000000000000000000000000111111111111111000000000000000000000000000000
000000000000000000000000000111111111111111111111000000000000000000000000000
000000000000000000000000111111000000011111111111111000000000000000000000000
000000000000000000000011111000000000011111111111111110000000000000000000000
000000000000000000000111100000000000011111111111111111000000000000000000000
000000000000000000011110000000000000011111111111111111110000000000000000000
000000000000000000111000000000000000011111111111111111111000000000000000000
000000000000000001110000000000000000011111111111111111111100000000000000000
000000000000000011100000000000000000011111111111111111111110000000000000000
000000000000000111000000000000000000011111111111111111111111000000000000000
000000000000001110000000000000000000011111111111111111111111100000000000000
000000000000011100000000000000000000011111111111111111111111110000000000000
000000000000111000000000000000000000011111111111111111111111111000000000000
000000000000110000000000000000000000011111111111111111111111111000000000000
000000000001100000000000000000000000011111111111111111111111111100000000000
000000000011100000000000000000000000011111111111111111111111111110000000000
000000000011000000000000000000000000011111111111111111111111111110000000000
000000000111000000000000000000000000011111111111111111111111111111000000000
000000000110000000000000000000000000011111111111111111111111111111000000000
000000000110000000000000000000000000011111111111111111111111111111000000000
000000001100000000000000000000000000011111111111111111111111111111100000000
000000001100000000000000000000000000011111111111111111111111111111100000000
000000001100000000000000000000000000011111111111111111111111111111100000000
000000011000000000000000000000000000011111111111111111111111111111110000000
000000011000000000000000000000000000011111111111111111111111111111110000000
000000011000000000000000000000000000011111111111111111111111111111110000000
000000011000000000000000000000000000011111111111111111111111111111110000000
000000011000000000000000000000000000011111111111111111111111111111110000000
000000011000000000000000000000000000011111111111111111111111111111110000000
000000011000000000000000000000000000011111111111111111111111111111110000000
000000111000000000000000000000000000011111111111111111111111111111111000000
000000011000000000000000000000000000011111111111111111111111111111110000000
000000011000000000000000000000000000011111111111111111111111111111110000000
000000011000000000000000000000000000011111111111111111111111111111110000000
000000011000000000000000000000000000011111111111111111111111111111110000000
000000011000000000000000000000000000011111111111111111111111111111110000000
000000011000000000000000000000000000011111111111111111111111111111110000000
000000011000000000000000000000000000011111111111111111111111111111110000000
000000001100000000000000000000000000011111111111111111111111111111100000000
000000001100000000000000000000000000011111111111111111111111111111100000000
000000001100000000000000000000000000011111111111111111111111111111100000000
000000000110000000000000000000000000011111111111111111111111111111000000000
000000000110000000000000000000000000011111111111111111111111111111000000000
000000000111000000000000000000000000011111111111111111111111111111000000000
000000000011000000000000000000000000011111111111111111111111111110000000000
000000000011100000000000000000000000011111111111111111111111111110000000000
000000000001100000000000000000000000011111111111111111111111111100000000000
000000000000110000000000000000000000011111111111111111111111111000000000000
000000000000111000000000000000000000011111111111111111111111111000000000000
000000000000011100000000000000000000011111111111111111111111110000000000000
000000000000001110000000000000000000011111111111111111111111100000000000000
000000000000000111000000000000000000011111111111111111111111000000000000000
000000000000000011100000000000000000011111111111111111111110000000000000000
000000000000000001110000000000000000011111111111111111111100000000000000000
000000000000000000111000000000000000011111111111111111111000000000000000000
000000000000000000011110000000000000011111111111111111110000000000000000000
000000000000000000000111100000000000011111111111111111000000000000000000000
000000000000000000000011111000000000011111111111111110000000000000000000000
000000000000000000000000111111000000011111111111111000000000000000000000000
000000000000000000000000000111111111111111111111000000000000000000000000000
000000000000000000000000000000111111111111111000000000000000000000000000000
000000000000000000000000000000000000010000000000000000000000000000000000000
000000000000000000000000000000000000000000000000000000000000000000000000000
000000000000000000000000000000000000000000000000000000000000000000000000000
000000000000000000000000000000000000000000000000000000000000000000000000000
000000000000000000000000000000000000000000000000000000000000000000000000000
000000000000000000000000000000000000000000000000000000000000000000000000000
000000000000000000000000000000000000000000000000000000000000000000000000000

000000000000000000000000000000000000000000000000000000000000000000000000000
000000000000000000000000000000000000000000000000000000000000000000000000000
000000000000000000000000000000000000000000000000000000000000000000000000000
000000000000000000000000000000000000000000000000000000000000000000000000000
000000000000000000000000000000000000000000000000000000000000000000000000000
000000000000000000000000000000000000000000000000000000000000000000000000000
000000000000000000000000000000000000000000000000000000000000000000000000000
000000000000000000000000000000000000000000000000000000000000000000000000000
000000000000000000000000000000000000000000000000000000000000000000000000000
000000000000000000000000000000000000000000000000000000000000000000000000000
000000000000000000000000000000000000000000000000000000000000000000000000000
000000000000000000000000000000000000000000000000000000000000000000000000000
000000000000000000000000000000000000000000000000000000000000000000000000000
000000000000000000000000000000000000000000000000000000000000000000000000000
000000000000000000000000000000000000000000000000000000000000000000000000000
000000000000000000000000000000000000000000000000000000000000000000000000000
000000000000000000000000000000000000000000000000000000000000000000000000000
000000000000000000000000000000000000000000000000000000000000000000000000000
000000000000000000000000000000000000000000000000000000000000000000000000000
000000000000000000000000000000000000000000000000000000000000000000000000000
000000000000000000000000000000000000010000000000000000000000000000000000000
000000000000000000000000000000000000111000000000000000000000000000000000000
000000000000000000000000000000000001111100000000000000000000000000000000000
000000000000000000000000000000000011011110000000000000000000000000000000000
000000000000000000000000000000000110011111000000000000000000000000000000000
000000000000000000000000000000001100011111100000000000000000000000000000000
000000000000000000000000000000011000011111110000000000000000000000000000000
000000000000000000000000000000110000011111111000000000000000000000000000000
000000000000000000000000000001100000011111111100000000000000000000000000000
000000000000000000000000000011000000011111111110000000000000000000000000000
000000000000000000000000000110000000011111111111000000000000000000000000000
000000000000000000000000001100000000011111111111100000000000000000000000000
000000000000000000000000011000000000011111111111110000000000000000000000000
000000000000000000000000110000000000011111111111111000000000000000000000000
000000000000000000000001100000000000011111111111111100000000000000000000000
000000000000000000000011000000000000011111111111111110000000000000000000000
000000000000000000000110000000000000011111111111111111000000000000000000000
000000000000000000001100000000000000011111111111111111100000000000000000000
000000000000000000011000000000000000011111111111111111110000000000000000000
000000000000000000110000000000000000011111111111111111111000000000000000000
000000000000000001100000000000000000011111111111111111111100000000000000000
000000000000000011000000000000000000011111111111111111111110000000000000000
000000000000000110000000000000000000011111111111111111111111000000000000000
000000000000001100000000000000000000011111111111111111111111100000000000000
000000000000011000000000000000000000011111111111111111111111110000000000000
000000000000110000000000000000000000011111111111111111111111111000000000000
000000000001100000000000000000000000011111111111111111111111111100000000000
000000000011000000000000000000000000011111111111111111111111111110000000000
000000000110000000000000000000000000011111111111111111111111111111000000000
000000001100000000000000000000000000011111111111111111111111111111100000000
000000011000000000000000000000000000011111111111111111111111111111110000000
000000110000000000000000000000000000011111111111111111111111111111111000000
000001111111111111111111111111111111111111111111111111111111111111111100000
000011111111111111111111111111111111111111111111111111111111111111111110000
000000000000000000000000000000000000000000000000000000000000000000000000000
000000000000000000000000000000000000000000000000000000000000000000000000000
000000000000000000000000000000000000000000000000000000000000000000000000000
000000000000000000000000000000000000000000000000000000000000000000000000000
000000000000000000000000000000000000000000000000000000000000000000000000000
000000000000000000000000000000000000000000000000000000000000000000000000000
000000000000000000000000000000000000000000000000000000000000000000000000000
000000000000000000000000000000000000000000000000000000000000000000000000000
000000000000000000000000000000000000000000000000000000000000000000000000000
000000000000000000000000000000000000000000000000000000000000000000000000000
000000000000000000000000000000000000000000000000000000000000000000000000000
000000000000000000000000000000000000000000000000000000000000000000000000000
000000000000000000000000000000000000000000000000000000000000000000000000000
000000000000000000000000000000000000000000000000000000000000000000000000000
000000000000000000000000000000000000000000000000000000000000000000000000000
000000000000000000000000000000000000000000000000000000000000000000000000000
000000000000000000000000000000000000000000000000000000000000000000000000000
000000000000000000000000000000000000000000000000000000000000000000000000000
000000000000000000000000000000000000000000000000000000000000000000000000000
000000000000000000000000000000000000000000000000000000000000000000000000000
000000000000000000000000000000000000000000000000000000000000000000000000000

000000000000000000000000000000000000000000000000000000000000000000000000000
000000000000000000000000000000000000000000000000000000000000000000000000000
000000000000000000000000000000000000000000000000000000000000000000000000000
000000000000000000000000000000000000000000000000000000000000000000000000000
000000000000000000000000000000000000000000000000000000000000000000000000000
000000000000000000000000000000000000000000000000000000000000000000000000000
000000000000000000111111111111111111111111111111111111111000000000000000000
000000000000000000111111111111111111111111111111111111111000000000000000000
000000000000000000110000000000000000011111111111111111111000000000000000000
000000000000000000110000000000000000011111111111111111111000000000000000000
000000000000000000110000000000000000011111111111111111111000000000000000000
000000000000000000110000000000000000011111111111111111111000000000000000000
000000000000000000110000000000000000011111111111111111111000000000000000000
000000000000000000110000000000000000011111111111111111111000000000000000000
000000000000000000110000000000000000011111111111111111111000000000000000000
000000000000000000110000000000000000011111111111111111111000000000000000000
000000000000000000110000000000000000011111111111111111111000000000000000000
000000000000000000110000000000000000011111111111111111111000000000000000000
000000000000000000110000000000000000011111111111111111111000000000000000000
000000000000000000110000000000000000011111111111111111111000000000000000000
000000000000000000110000000000000000011111111111111111111000000000000000000
000000000000000000110000000000000000011111111111111111111000000000000000000
000000000000000000110000000000000000011111111111111111111000000000000000000
000000000000000000110000000000000000011111111111111111111000000000000000000
000000000000000000110000000000000000011111111111111111111000000000000000000
000000000000000000110000000000000000011111111111111111111000000000000000000
000000000000000000110000000000000000011111111111111111111000000000000000000
000000000000000000110000000000000000011111111111111111111000000000000000000
000000000000000000110000000000000000011111111111111111111000000000000000000
000000000000000000110000000000000000011111111111111111111000000000000000000
000000000000000000110000000000000000011111111111111111111000000000000000000
000000000000000000110000000000000000011111111111111111111000000000000000000
000000000000000000110000000000000000011111111111111111111000000000000000000
000000000000000000110000000000000000011111111111111111111000000000000000000
000000000000000000110000000000000000011111111111111111111000000000000000000
000000000000000000110000000000000000011111111111111111111000000000000000000
000000000000000000110000000000000000011111111111111111111000000000000000000
000000000000000000110000000000000000011111111111111111111000000000000000000
000000000000000000110000000000000000011111111111111111111000000000000000000
000000000000000000110000000000000000011111111111111111111000000000000000000
000000000000000000110000000000000000011111111111111111111000000000000000000
000000000000000000110000000000000000011111111111111111111000000000000000000
000000000000000000110000000000000000011111111111111111111000000000000000000
000000000000000000110000000000000000011111111111111111111000000000000000000
000000000000000000110000000000000000011111111111111111111000000000000000000
000000000000000000110000000000000000011111111111111111111000000000000000000
000000000000000000110000000000000000011111111111111111111000000000000000000
000000000000000000110000000000000000011111111111111111111000000000000000000
000000000000000000110000000000000000011111111111111111111000000000000000000
000000000000000000110000000000000000011111111111111111111000000000000000000
000000000000000000110000000000000000011111111111111111111000000000000000000
000000000000000000110000000000000000011111111111111111111000000000000000000
000000000000000000110000000000000000011111111111111111111000000000000000000
000000000000000000110000000000000000011111111111111111111000000000000000000
000000000000000000110000000000000000011111111111111111111000000000000000000
000000000000000000110000000000000000011111111111111111111000000000000000000
000000000000000000110000000000000000011111111111111111111000000000000000000
000000000000000000110000000000000000011111111111111111111000000000000000000
000000000000000000110000000000000000011111111111111111111000000000000000000
000000000000000000110000000000000000011111111111111111111000000000000000000
000000000000000000110000000000000000011111111111111111111000000000000000000
000000000000000000110000000000000000011111111111111111111000000000000000000
000000000000000000110000000000000000011111111111111111111000000000000000000
000000000000000000110000000000000000011111111111111111111000000000000000000
000000000000000000110000000000000000011111111111111111111000000000000000000
000000000000000000110000000000000000011111111111111111111000000000000000000
000000000000000000110000000000000000011111111111111111111000000000000000000
000000000000000000111111111111111111111111111111111111111000000000000000000
000000000000000000111111111111111111111111111111111111111000000000000000000
000000000000000000000000000000000000000000000000000000000000000000000000000
000000000000000000000000000000000000000000000000000000000000000000000000000
000000000000000000000000000000000000000000000000000000000000000000000000000
000000000000000000000000000000000000000000000000000000000000000000000000000
000000000000000000000000000000000000000000000000000000000000000000000000000
000000000000000000000000000000000000000000000000000000000000000000000000000

000000000000000000000000000000000000000000000000000000000000000000000000000
000000000000000000000000000000000000000000000000000000000000000000000000000
000000000000000000000000000000000000000000000000000000000000000000000000000
000000000000000000000000000000000000000000000000000000000000000000000000000
000000000000000000000000000000000000000000000000000000000000000000000000000
000000000000000000000000000000000000000000000000000000000000000000000000000
000000000000000000000000000000000000000000000000000000000000000000000000000
000000000000000000000000000000000000000000000000000000000000000000000000000
000000000000000000000000000000000000000000000000000000000000000000000000000
000000000000000000000000000000000000000000000000000000000000000000000000000
000000000000000000000000000000000000000000000000000000000000000000000000000
000000000000000000000000000000000000000000000000000000000000000000000000000
000000000000000000000000000000000000000000000000000000000000000000000000000
000000000000000000000000000000000000000000000000000000000000000000000000000
000000000000000000000000000000000000000000000000000000000000000000000000000
000000000000000000000000000000000000000000000000000000000000000000000000000
000000000000000000000000000000000000000000000000000000000000000000000000000
000000000000000000000000000000000000000000000000000000000000000000000000000
000000000000000000000000000000000000000000000000000000000000000000000000000
000000000000000000000000000000000000000000000000000000000000000000000000000
000000000000000000000000000000000000000000000000000000000000000000000000000
000011111111111111111111111111111111111111111111111111111111111111111110000
000001111111111111111111111111111111111111111111111111111111111111111100000
000000110000000000000000000000000000011111111111111111111111111111111000000
000000011000000000000000000000000000011111111111111111111111111111110000000
000000001100000000000000000000000000011111111111111111111111111111100000000
000000000110000000000000000000000000011111111111111111111111111111000000000
000000000011000000000000000000000000011111111111111111111111111110000000000
000000000001100000000000000000000000011111111111111111111111111100000000000
000000000000110000000000000000000000011111111111111111111111111000000000000
000000000000011000000000000000000000011111111111111111111111110000000000000
000000000000001100000000000000000000011111111111111111111111100000000000000
000000000000000110000000000000000000011111111111111111111111000000000000000
000000000000000011000000000000000000011111111111111111111110000000000000000
000000000000000001100000000000000000011111111111111111111100000000000000000
000000000000000000110000000000000000011111111111111111111000000000000000000
000000000000000000011000000000000000011111111111111111110000000000000000000
000000000000000000001100000000000000011111111111111111100000000000000000000
000000000000000000000110000000000000011111111111111111000000000000000000000
000000000000000000000011000000000000011111111111111110000000000000000000000
000000000000000000000001100000000000011111111111111100000000000000000000000
000000000000000000000000110000000000011111111111111000000000000000000000000
000000000000000000000000011000000000011111111111110000000000000000000000000
000000000000000000000000001100000000011111111111100000000000000000000000000
000000000000000000000000000110000000011111111111000000000000000000000000000
000000000000000000000000000011000000011111111110000000000000000000000000000
000000000000000000000000000001100000011111111100000000000000000000000000000
000000000000000000000000000000110000011111111000000000000000000000000000000
000000000000000000000000000000011000011111110000000000000000000000000000000
000000000000000000000000000000001100011111100000000000000000000000000000000
000000000000000000000000000000000110011111000000000000000000000000000000000
000000000000000000000000000000000011011110000000000000000000000000000000000
000000000000000000000000000000000001111100000000000000000000000000000000000
000000000000000000000000000000000000111000000000000000000000000000000000000
000000000000000000000000000000000000010000000000000000000000000000000000000
000000000000000000000000000000000000000000000000000000000000000000000000000
000000000000000000000000000000000000000000000000000000000000000000000000000
000000000000000000000000000000000000000000000000000000000000000000000000000
000000000000000000000000000000000000000000000000000000000000000000000000000
000000000000000000000000000000000000000000000000000000000000000000000000000
000000000000000000000000000000000000000000000000000000000000000000000000000
000000000000000000000000000000000000000000000000000000000000000000000000000
000000000000000000000000000000000000000000000000000000000000000000000000000
000000000000000000000000000000000000000000000000000000000000000000000000000
000000000000000000000000000000000000000000000000000000000000000000000000000
000000000000000000000000000000000000000000000000000000000000000000000000000
000000000000000000000000000000000000000000000000000000000000000000000000000
000000000000000000000000000000000000000000000000000000000000000000000000000
000000000000000000000000000000000000000000000000000000000000000000000000000
000000000000000000000000000000000000000000000000000000000000000000000000000
000000000000000000000000000000000000000000000000000000000000000000000000000
000000000000000000000000000000000000000000000000000000000000000000000000000
000000000000000000000000000000000000000000000000000000000000000000000000000
000000000000000000000000000000000000000000000000000000000000000000000000000
000000000000000000000000000000000000000000000000000000000000000000000000000

000000000000000000000000000000000000000000000000000000000000000000000000000
000000000000000000000000000000000000000000000000000000000000000000000000000
000000000000000000000000000000000000000000000000000000000000000000000000000
000000000000000000000000000000000000000000000000000000000000000000000000000
000000000000000000000000000000000000000000000000000000000000000000000000000
000000000000000000000000000000000000000000000000000000000000000000000000000
000000000000000000000000000000000000000000000000000000000000000000000000000
000000000000000000000000000000000000000000000000000000000000000000000000000
000000000000000000000000000000000000000000000000000000000000000000000000000
000000000000000000000000000000000000000000000000000000000000000000000000000
000000000000000000000000000000000000000000000000000000000000000000000000000
000000000001111111111111111111111111111111111111111111111111111100000000000
000000000001111111111111111111111111111111111111111111111111111100000000000
000000000001100000000000000000000000011111111111111111111111111100000000000
000000000001100000000000000000000000011111111111111111111111111100000000000
000000000001100000000000000000000000011111111111111111111111111100000000000
000000000001100000000000000000000000011111111111111111111111111100000000000
000000000001100000000000000000000000011111111111111111111111111100000000000
000000000001100000000000000000000000011111111111111111111111111100000000000
000000000001100000000000000000000000011111111111111111111111111100000000000
000000000001100000000000000000000000011111111111111111111111111100000000000
000000000001100000000000000000000000011111111111111111111111111100000000000
000000000001100000000000000000000000011111111111111111111111111100000000000
000000000001100000000000000000000000011111111111111111111111111100000000000
000000000001100000000000000000000000011111111111111111111111111100000000000
000000000001100000000000000000000000011111111111111111111111111100000000000
000000000001100000000000000000000000011111111111111111111111111100000000000
000000000001100000000000000000000000011111111111111111111111111100000000000
000000000001100000000000000000000000011111111111111111111111111100000000000
000000000001100000000000000000000000011111111111111111111111111100000000000
000000000001100000000000000000000000011111111111111111111111111100000000000
000000000001100000000000000000000000011111111111111111111111111100000000000
000000000001100000000000000000000000011111111111111111111111111100000000000
000000000001100000000000000000000000011111111111111111111111111100000000000
000000000001100000000000000000000000011111111111111111111111111100000000000
000000000001100000000000000000000000011111111111111111111111111100000000000
000000000001100000000000000000000000011111111111111111111111111100000000000
000000000001100000000000000000000000011111111111111111111111111100000000000
000000000001100000000000000000000000011111111111111111111111111100000000000
000000000001100000000000000000000000011111111111111111111111111100000000000
000000000001100000000000000000000000011111111111111111111111111100000000000
000000000001100000000000000000000000011111111111111111111111111100000000000
000000000001100000000000000000000000011111111111111111111111111100000000000
000000000001100000000000000000000000011111111111111111111111111100000000000
000000000001100000000000000000000000011111111111111111111111111100000000000
000000000001100000000000000000000000011111111111111111111111111100000000000
000000000001100000000000000000000000011111111111111111111111111100000000000
000000000001100000000000000000000000011111111111111111111111111100000000000
000000000001100000000000000000000000011111111111111111111111111100000000000
000000000001100000000000000000000000011111111111111111111111111100000000000
000000000001100000000000000000000000011111111111111111111111111100000000000
000000000001100000000000000000000000011111111111111111111111111100000000000
000000000001100000000000000000000000011111111111111111111111111100000000000
000000000001100000000000000000000000011111111111111111111111111100000000000
000000000001100000000000000000000000011111111111111111111111111100000000000
000000000001100000000000000000000000011111111111111111111111111100000000000
000000000001100000000000000000000000011111111111111111111111111100000000000
000000000001100000000000000000000000011111111111111111111111111100000000000
000000000001100000000000000000000000011111111111111111111111111100000000000
000000000001100000000000000000000000011111111111111111111111111100000000000
000000000001100000000000000000000000011111111111111111111111111100000000000
000000000001100000000000000000000000011111111111111111111111111100000000000
000000000001111111111111111111111111111111111111111111111111111100000000000
000000000001111111111111111111111111111111111111111111111111111100000000000
000000000000000000000000000000000000000000000000000000000000000000000000000
000000000000000000000000000000000000000000000000000000000000000000000000000
000000000000000000000000000000000000000000000000000000000000000000000000000
000000000000000000000000000000000000000000000000000000000000000000000000000
000000000000000000000000000000000000000000000000000000000000000000000000000
000000000000000000000000000000000000000000000000000000000000000000000000000
000000000000000000000000000000000000000000000000000000000000000000000000000
000000000000000000000000000000000000000000000000000000000000000000000000000
000000000000000000000000000000000000000000000000000000000000000000000000000
000000000000000000000000000000000000000000000000000000000000000000000000000
000000000000000000000000000000000000000000000000000000000000000000000000000

