0000000000000000000000000000000000000000000000000000000000000000000000000000000000
0000000000000000000000000000000000000000000000000000000000000000000000000000000000
0000000000000000000000000000000000000000000000000000000000000000000000000000000000
0000000000000000000000000000000000000000000000000000000000000000000000000000000000
0000000000000000000000000000000000000000000000000000000000000000000000000000000000
0000000000000000000000000000000001111111111111110000000000000000000000000000000000
0000000000000000000000000000011111111100000011111111000000000000000000000000000000
0000000000000000000000000001111100000000000000000111111000000000000000000000000000
0000000000000000000000000111100000000000000000000000011110000000000000000000000000
0000000000000000000000011100000000000000000000000000000111100000000000000000000000
0000000000000000000001110000000000000000000000000000000001110000000000000000000000
0000000000000000000011000000000000000000000000000000000000011100000000000000000000
0000000000000000001110000000000000000000000000000000000000001110000000000000000000
0000000000000000011100000000000000000000000000000000000000000011000000000000000000
0000000000000000110000000000000000000000000000000000000000000001100000000000000000
0000000000000001100000000000000000000000000000000000000000000000111000000000000000
0000000000000011000000000000000000000000000000000000000000000000011000000000000000
0000000000000110000000000000000000000000000000000000000000000000001100000000000000
0000000000001100000000000000000000000000000000000000000000000000000110000000000000
0000000000011000001111111111111111111111111111111111111111111111000011000000000000
0000000000011000001100000000000000000000000000000000000000000011000001100000000000
0000000000110000001100000000000000000000000000000000000000000011000001100000000000
0000000001100000001100000000000000000000000000000000000000000011000000110000000000
0000000001100000001100000000000000000000000000000000000000000011000000011000000000
0000000011000000001100000000000000000000000000000000000000000011000000011000000000
0000000011000000001100000000000000000000000000000000000000000011000000001100000000
0000000110000000001100000000000000000000000000000000000000000011000000001100000000
0000000110000000001100000000000000000000110000000000000000000011000000000100000000
0000001100000000001100000000000000000001110000000000000000000011000000000110000000
0000001100000000001100000000000000000001111000000000000000000011000000000010000000
0000001000000000001100000000000000000011011000000000000000000011000000000011000000
0000011000000000001100000000000000000011001100000000000000000011000000000011000000
0000011000000000001100000000000000000110001100000000000000000011000000000011000000
0000011000000000001100000000000000000110000110000000000000000011000000000001000000
0000010000000000001100000000000000001100000110000000000000000011000000000001100000
0000010000000000001100000000000000001100000011000000000000000011000000000001100000
0000110000000000001100000000000000011000000011000000000000000011000000000001100000
0000110000000000001100000000000000011000000001100000000000000011000000000001100000
0000110000000000001100000000000000110000000001100000000000000011000000000001100000
0000110000000000001100000000000000110000000000110000000000000011000000000000100000
0000110000000000001100000000000001100000000000110000000000000011000000000000100000
0000110000000000001100000000000001100000000000011000000000000011000000000000100000
0000110000000000001100000000000011000000000000011000000000000011000000000000100000
0000110000000000001100000000000011000000000000001100000000000011000000000000100000
0000110000000000001100000000000110000000000000001100000000000011000000000001100000
0000110000000000001100000000000110000000000000000110000000000011000000000001100000
0000010000000000001100000000001100000000000000000110000000000011000000000001100000
0000010000000000001100000000001100000000000000000011000000000011000000000001100000
0000011000000000001100000000011000000000000000000011000000000011000000000001000000
0000011000000000001100000000011000000000000000000001100000000011000000000001000000
0000011000000000001100000000110000000000000000000001100000000011000000000011000000
0000001000000000001100000000110000000000000000000000110000000011000000000011000000
0000001100000000001100000001100000000000000000000000110000000011000000000010000000
0000001100000000001100000001100000000000000000000000011000000011000000000110000000
0000000100000000001100000011111111111111111111111111111000000011000000000110000000
0000000110000000001100000011111111111111111111111111111000000011000000000100000000
0000000110000000001100000000000000000000000000000000000000000011000000001100000000
0000000011000000001100000000000000000000000000000000000000000011000000001000000000
0000000011000000001100000000000000000000000000000000000000000011000000011000000000
0000000001100000001100000000000000000000000000000000000000000011000000110000000000
0000000000110000001100000000000000000000000000000000000000000011000000110000000000
0000000000110000001000000000000000000000000000000000000000000011000001100000000000
0000000000011000001100000000000000000000000000000000000000000011000011000000000000
0000000000001100001111111111111111111111111111111111111111111110000011000000000000
0000000000000110000000000000000000000000000000000000000000000000000110000000000000
0000000000000111000000000000000000000000000000000000000000000000001100000000000000
0000000000000011100000000000000000000000000000000000000000000000011000000000000000
0000000000000001110000000000000000000000000000000000000000000000110000000000000000
0000000000000000111000000000000000000000000000000000000000000011100000000000000000
0000000000000000001100000000000000000000000000000000000000000111000000000000000000
0000000000000000000111000000000000000000000000000000000000001100000000000000000000
0000000000000000000011100000000000000000000000000000000000111000000000000000000000
0000000000000000000000111000000000000000000000000000000011110000000000000000000000
0000000000000000000000001110000000000000000000000000001111000000000000000000000000
0000000000000000000000000011110000000000000000000001111100000000000000000000000000
0000000000000000000000000000111111000000000000011111100000000000000000000000000000
0000000000000000000000000000000111111111111111111100000000000000000000000000000000
0000000000000000000000000000000000001111111110000000000000000000000000000000000000
0000000000000000000000000000000000000000000000000000000000000000000000000000000000
0000000000000000000000000000000000000000000000000000000000000000000000000000000000
0000000000000000000000000000000000000000000000000000000000000000000000000000000000
0000000000000000000000000000000000000000000000000000000000000000000000000000000000

0000000000000000000000000000000000000000000000000000000000000000000000000000000000
0000000000000000000000000000000000000000000000000000000000000000000000000000000000
0000000000000000000000000000000000000000000000000000000000000000000000000000000000
0000000000000000000000000000000000000000000000000000000000000000000000000000000000
0000000000000000000000000000000000000000000000000000000000000000000000000000000000
0000000000000000000000000000000000000001111000000000000000000000000000000000000000
0000000000000000000000000000000001111111111111111100000000000000000000000000000000
0000000000000000000000000000011111111111111111111111100000000000000000000000000000
0000000000000000000000000001111111111111111111111111111100000000000000000000000000
0000000000000000000000000111111111111111111111111111111111000000000000000000000000
0000000000000000000000011111111111111111111111111111111111100000000000000000000000
0000000000000000000001111111111111111111111111111111111111111000000000000000000000
0000000000000000000011111111111111111111111111111111111111111100000000000000000000
0000000000000000000111111111111111111111111111111111111111111111000000000000000000
0000000000000000011111111111111111111111111111111111111111111111100000000000000000
0000000000000000111111111111111111111111111111111111111111111111110000000000000000
0000000000000001111111111111111111111111111111111111111111111111111000000000000000
0000000000000011111111111111111111111111111111111111111111111111111100000000000000
0000000000000111111111111111111111111111111111111111111111111111111110000000000000
0000000000000111111111111111111111111111111111111111111111111111111110000000000000
0000000000001111111100000000000000000000000000000000000000000011111111000000000000
0000000000011111111100000000000000000000000000000000000000000011111111100000000000
0000000000011111111100000000000000000000000000000000000000000011111111110000000000
0000000000111111111100000000000000000000000000000000000000000011111111110000000000
0000000001111111111100000000000000000000000000000000000000000011111111111000000000
0000000001111111111100000000000000000000000000000000000000000011111111111000000000
0000000001111111111100000000000000000000000000000000000000000011111111111100000000
0000000011111111111100000001111111111111111111111111111100000011111111111100000000
0000000011111111111100000001100000000000000000000000011000000011111111111100000000
0000000111111111111100000000100000000000000000000000011000000011111111111110000000
0000000111111111111100000000110000000000000000000000010000000011111111111110000000
0000000111111111111100000000010000000000000000000000110000000011111111111110000000
0000001111111111111100000000011000000000000000000000100000000011111111111111000000
0000001111111111111100000000001000000000000000000001100000000011111111111111000000
0000001111111111111100000000001100000000000000000001000000000011111111111111000000
0000001111111111111100000000000100000000000000000011000000000011111111111111000000
0000001111111111111100000000000110000000000000000010000000000011111111111111000000
0000001111111111111100000000000010000000000000000110000000000011111111111111100000
0000011111111111111100000000000011000000000000000100000000000011111111111111100000
0000011111111111111100000000000001000000000000001100000000000011111111111111100000
0000011111111111111100000000000001100000000000001000000000000011111111111111100000
0000011111111111111100000000000000100000000000011000000000000011111111111111100000
0000011111111111111100000000000000110000000000010000000000000011111111111111100000
0000011111111111111100000000000000110000000000110000000000000011111111111111100000
0000001111111111111100000000000000011000000000100000000000000011111111111111100000
0000001111111111111100000000000000011000000001100000000000000011111111111111100000
0000001111111111111100000000000000001100000001000000000000000011111111111111000000
0000001111111111111100000000000000001100000011000000000000000011111111111111000000
0000001111111111111100000000000000000110000010000000000000000011111111111111000000
0000001111111111111100000000000000000110000110000000000000000011111111111111000000
0000000111111111111100000000000000000011000100000000000000000011111111111111000000
0000000111111111111100000000000000000011001100000000000000000011111111111110000000
0000000111111111111100000000000000000001101000000000000000000011111111111110000000
0000000011111111111100000000000000000001111000000000000000000011111111111110000000
0000000011111111111100000000000000000000110000000000000000000011111111111100000000
0000000011111111111100000000000000000000010000000000000000000011111111111100000000
0000000001111111111100000000000000000000000000000000000000000011111111111000000000
0000000001111111111100000000000000000000000000000000000000000011111111111000000000
0000000000111111111100000000000000000000000000000000000000000011111111110000000000
0000000000111111111100000000000000000000000000000000000000000011111111110000000000
0000000000011111111100000000000000000000000000000000000000000011111111100000000000
0000000000001111111100000000000000000000000000000000000000000011111111000000000000
0000000000001111111100000000000000000000000000000000000000000011111111000000000000
0000000000000111111111111111111111111111111111111111111111111111111110000000000000
0000000000000011111111111111111111111111111111111111111111111111111100000000000000
0000000000000001111111111111111111111111111111111111111111111111111000000000000000
0000000000000000111111111111111111111111111111111111111111111111110000000000000000
0000000000000000011111111111111111111111111111111111111111111111100000000000000000
0000000000000000001111111111111111111111111111111111111111111111000000000000000000
0000000000000000000111111111111111111111111111111111111111111110000000000000000000
0000000000000000000001111111111111111111111111111111111111111000000000000000000000
0000000000000000000000111111111111111111111111111111111111110000000000000000000000
0000000000000000000000001111111111111111111111111111111111000000000000000000000000
0000000000000000000000000011111111111111111111111111111100000000000000000000000000
0000000000000000000000000000111111111111111111111111110000000000000000000000000000
0000000000000000000000000000000111111111111111111110000000000000000000000000000000
0000000000000000000000000000000000001111111111000000000000000000000000000000000000
0000000000000000000000000000000000000000000000000000000000000000000000000000000000
0000000000000000000000000000000000000000000000000000000000000000000000000000000000
0000000000000000000000000000000000000000000000000000000000000000000000000000000000
0000000000000000000000000000000000000000000000000000000000000000000000000000000000
0000000000000000000000000000000000000000000000000000000000000000000000000000000000

0000000000000000000000000000000000000000000000000000000000000000000000000000000000
0000000000000000000000000000000000000000000000000000000000000000000000000000000000
0000000000000000000000000000000000000000000000000000000000000000000000000000000000
0000000000000000000000000000000000000000000000000000000000000000000000000000000000
0000000000000000000000000000000000000000000000000000000000000000000000000000000000
0000011111111111111111111111111111111111111111111111111111111111111111111111110000
0000010000000000000000000000000000000000000000000000000000000000000000000000110000
0000010000000000000000000000000000000000000000000000000000000000000000000000110000
0000010000000000000000000000000000000000000000000000000000000000000000000000110000
0000010000000000000000000000000000000000000000000000000000000000000000000000110000
0000010000000000000000000000000000000011111110000000000000000000000000000000110000
0000010000000000000000000000000001111111111111111100000000000000000000000000110000
0000010000000000000000000000001111100000000000011111100000000000000000000000110000
0000010000000000000000000001111100000000000000000001111000000000000000000000110000
0000010000000000000000000011100000000000000000000000011110000000000000000000110000
0000010000000000000000001110000000000000000000000000000111000000000000000000110000
0000010000000000000000011000000000000000000000000000000001110000000000000000110000
0000010000000000000001110000000000000000000000000000000000111000000000000000110000
0000010000000000000011100000000000000000000000000000000000001100000000000000110000
0000010000000000000110000000000000000000000000000000000000000110000000000000110000
0000010000000000001100000000000000000000000000000000000000000011000000000000110000
0000010000000000011000000000000000000000000000000000000000000001100000000000110000
0000010000000000011000000000000000000000000000000000000000000000110000000000110000
0000010000000000110000000000000000000000000000000000000000000000110000000000110000
0000010000000001100000000000000000000000000000000000000000000000011000000000110000
0000010000000001000000000100000000000000000000000000000010000000001100000000110000
0000010000000011000000001110000000000000000000000000000111000000001100000000110000
0000010000000110000000011011000000000000000000000000001101100000000110000000110000
0000010000000110000000110001100000000000000000000000011000110000000010000000110000
0000010000001100000000100000110000000000000000000000110000010000000011000000110000
0000010000001100000001100000011000000000000000000001100000011000000011000000110000
0000010000001000000011000000001100000000000000000011000000001100000001000000110000
0000010000011000000011000000000110000000000000000110000000001100000001100000110000
0000010000011000000010000000000011000000000000001100000000000100000001100000110000
0000010000011000000110000000000001100000000000011000000000000110000000100000110000
0000010000010000000110000000000000110000000000110000000000000110000000110000110000
0000010000010000000100000000000000011000000001100000000000000010000000110000110000
0000010000110000000100000000000000001100000011000000000000000010000000110000110000
0000010000110000001100000000000000000110000110000000000000000011000000110000110000
0000010000110000001100000000000000000011001100000000000000000011000000110000110000
0000010000110000001100000000000000000001111000000000000000000011000000110000110000
0000010000110000001100000000000000000000110000000000000000000011000000110000110000
0000010000110000001100000000000000000000000000000000000000000011000000110000110000
0000010000110000001100000000000000000000000000000000000000000011000000110000110000
0000010000110000000100000000000000000000000000000000000000000011000000110000110000
0000010000110000000100000000000000000000000000000000000000000010000000110000110000
0000010000010000000100000000000000000000000000000000000000000010000000110000110000
0000010000010000000110000000000000000000000000000000000000000110000000100000110000
0000010000011000000110000000000000000000000000000000000000000110000000100000110000
0000010000011000000010000000000000000000000000000000000000000100000001100000110000
0000010000001000000011000000000000000000000000000000000000001100000001100000110000
0000010000001100000001000000000000000000000000000000000000001000000001000000110000
0000010000001100000001100000000000000000000000000000000000011000000011000000110000
0000010000000100000000110000000000000000000000000000000000110000000011000000110000
0000010000000110000000010000000000000000000000000000000000100000000110000000110000
0000010000000010000000011000000000000000000000000000000001100000000110000000110000
0000010000000011000000001100000000000000000000000000000011000000001100000000110000
0000010000000001100000000110000000000000000000000000000110000000001100000000110000
0000010000000001100000000011100000000000000000000000011100000000011000000000110000
0000010000000000110000000001110000000000000000000000111000000000110000000000110000
0000010000000000011000000000011100000000000000000011100000000001100000000000110000
0000010000000000001100000000000111100000000000011110000000000011100000000000110000
0000010000000000000110000000000001111111111111111000000000000011000000000000110000
0000010000000000000111000000000000001111111111000000000000001110000000000000110000
0000010000000000000001100000000000000000000000000000000000011100000000000000110000
0000010000000000000000110000000000000000000000000000000000111000000000000000110000
0000010000000000000000011100000000000000000000000000000011100000000000000000110000
0000010000000000000000001111000000000000000000000000000111000000000000000000110000
0000010000000000000000000011110000000000000000000000111100000000000000000000110000
0000010000000000000000000000111110000000000000000011110000000000000000000000110000
0000010000000000000000000000001111111000000001111111000000000000000000000000110000
0000010000000000000000000000000000111111111111111000000000000000000000000000110000
0000010000000000000000000000000000000000000000000000000000000000000000000000110000
0000010000000000000000000000000000000000000000000000000000000000000000000000110000
0000010000000000000000000000000000000000000000000000000000000000000000000000110000
0000010000000000000000000000000000000000000000000000000000000000000000000000110000
0000011111111111111111111111111111111111111111111111111111111111111111111111110000
0000011111111111111111111111111111111111111111111111111111111111111111111111100000
0000000000000000000000000000000000000000000000000000000000000000000000000000000000
0000000000000000000000000000000000000000000000000000000000000000000000000000000000
0000000000000000000000000000000000000000000000000000000000000000000000000000000000
0000000000000000000000000000000000000000000000000000000000000000000000000000000000

0000000000000000000000000000000000000000000000000000000000000000000000000000000000
0000000000000000000000000000000000000000000000000000000000000000000000000000000000
0000000000000000000000000000000000000000000000000000000000000000000000000000000000
0000000000000000000000000000000000000000000000000000000000000000000000000000000000
0000000000000000000000000000000000000000000000000000000000000000000000000000000000
0000011111111111111111111111111111111111111111111111111111111111111111111111110000
0000010000000000000000000000000000000000000000000000000000000000000000000000110000
0000010000000000000000000000000000000000000000000000000000000000000000000000110000
0000010000000000000000000000000000000000000000000000000000000000000000000000110000
0000010000000000000000000000000000000000000000000000000000000000000000000000110000
0000010000000000000000000000000000000011111110000000000000000000000000000000110000
0000110000000000000000000000000001111111111111111100000000000000000000000000110000
0000010000000000000000000000001111110000000000011111100000000000000000000000110000
0000110000000000000000000001111100001001000100000111111000000000000000000000110000
0000110000000000000000000011100000100000101100000000011110000000000000000000110000
0000010000000000000000011110010000000000000000010000000111000000000000000000110000
0000010000000000000000011100000000000000000000001010000001110000000000000000110000
0000010000000000000001110100000000000001100000001100000000111000000000000000110000
0000010000000000000011100000000000000001000000001000110011001100000000000000110000
0000010000000000000110000100000000000100100000001000000000100110000000000000110000
0000110000000000001110010000000010000100100001000000000000000011000000000000110000
0000010000000000011100000101100010000000000000000000000000000001100000000000110000
0000010000000000011000000001000000000000000000000000000000000010110000000000110000
0000010000000001110001100000011000000000000000000000001001000001110000000000110000
0000110000000001100000001001100000010001100000000000000110001000011000000000110000
0000010000000001000011000100000000000001100000000000000110000000001100000000110000
0000010000000011000000001110000000010000000010000000000111000000001100000000110000
0000110000000110000100011011010010001000000100000000101101100000010110000000110000
0000010000000110010000111001100000000100101000000001011000110000100010000000110000
0000010000001101100001100100110000100000001000000100110000011000001011000000110000
0000010000001100110001100000011100000000000000000001100000011000001111000000110000
0000010000001100000011000000001111001000000001100111000000001100100011000000110000
0000010000011000000011010000010110000100000100000110000000001100001011100000110000
0000010000011000010110000100010011100000000000011100000100000100000011100000110000
0000010000011000000110000010000001100010000110011000000000000110000001100000110000
0000010000010000001110000000001100110100010000110000000000000110000001110000110000
0000110000010000000100000000010000011000000001110001000000000010000000110000110000
0000010000110010010100000110000000001101010011000001100000000010000001110000110000
0000010000110000001100010010000000000110100110000100000010000111000001110000110000
0000010000110000001100000100000000010011001100000000100000001011010000110000110000
0000010000110000001100000101000000000001111001000001000000000011000000110000110000
0000110000110001101110001000000000001000111100000011000000000011000001110000110000
0000110000110000001101100000001010000100000000000010000000001011000000110000110000
0000110000110010001110000000000000000000000000000000010000100011010010110000110000
0000010000110000000100000001000000100010100011100000000001000011000000110000110000
0000110000110000010100000000010010100000101000100000000000010010000010110000110000
0000010000010000000100000100000000000100000000000100000100000010100000110000110000
0000010000010010010110000000100001000000000000000010000000000110000000100000110000
0000010000011000000110000000000000000100000100000000000001000110000000100000110000
0000010000011010100010000000010000000000000000000101000000000100000001100000110000
0000110000001100000011000000100000000000000000000001000000001100000001100000110000
0000110000001100100001110100000100000010000010010000000100101100100011000000110000
0000010000001100000001100000000000010010000000100000011000011000000011000000110000
0000010000000110000100110000000000000000000000010100100000111010001011000000110000
0000010000000110100000010000000110001000010010000001000001101000010110000000110000
0000010000000011000001011000100000000000000101000001000001100010100110000000110000
0000010000000011000101001100000000000000000101001000100011001000011100000000110000
0000010000000001100001000110000000010000010000000000100110000000011100000000110000
0000010000000001100000000111100000000010100001000000011100000010011000000000110000
0000010000000000110000010001111000010000000000010000111000000000110000000000110000
0000010000000000011100000010011111001000000000000011101000000001100000000000110000
0000010000000000001100000000000111100000100000011111000000000011100000000000110000
0000010000000000000110010000100001111111111111111000000000001111000000000000110000
0000010000000000000111000000000001001111111111000000100000001110000000000000110000
0000010000000000000001100000000000000000000000000000000001011100000000000000110000
0000010000000000000000110000000101000000000000100100100010111000000000000000110000
0000010000000000000000011110000010000000000000100000001111100000000000000000110000
0000010000000000000000001111110000001000000010110000010111000000000000000000110000
0000010000000000000000000011110000000000000000000000111100000000000000000000110000
0000010000000000000000000000111111000001001001001011110000000000000000000000110000
0000010000000000000000000000001111111011100101111111000000000000000000000000110000
0000010000000000000000000000000000111111111111111000000000000000000000000000110000
0000010000000000000000000000000000000000000000000000000000000000000000000000110000
0000110000000000000000000000000000000000000000000000000000000000000000000000110000
0000110000000000000000000000000000000000000000000000000000000000000000000000110000
0000010000000000000000000000000000000000000000000000000000000000000000000000110000
0000011111111111111111111111111111111111111111111111111111111111111111111111110000
0000011111111111111111111111111111111111111111111111111111111111111111111111100000
0000000000000000000000000000000000000000000000000000000000000000000000000000000000
0000000000000000000000000000000000000000000000000000000000000000000000000000000000
0000000000000000000000000000000000000000000000000000000000000000000000000000000000
0000000000000000000000000000000000000000000000000000000000000000000000000000000000

